76
1464.4000244140625 50.441001892089844 15 38.83712502548116 22.422624588012702 38.83712502548115 67.26787376403809 5.491959086038497e-15 89.69049835205078 -38.83712502548116 67.26787376403809 -38.837125025481164 22.42262458801271 -74.41525325547366 4.877433384636699 -82.15430939097266 -34.029429157136164 -55.998658905430304 -63.854232432111175 -16.414500437468497 -61.25974961349385 -22.422624588012695 -80.72144851684571 22.422624588012695 -80.72144851684571 16.414500437468426 -61.25974961349386 55.998658905430226 -63.85423243211123 82.15430939097263 -34.02942915713621 74.41525325547366 4.877433384636646
1451.300048828125 200.39999389648438 15 21.38892194272573 12.348899841308597 21.38892194272573 37.04669952392578 3.0246081327299656e-15 49.395599365234375 -21.38892194272573 37.04669952392578 -21.388921942725734 12.3488998413086 -40.98300381877388 2.6861679868525847 -45.245164508679636 -18.741160771296897 -30.840360697135118 -35.16669146614235 -9.040022101417156 -33.737821784034324 -12.348899841308594 -44.45603942871094 12.348899841308594 -44.45603942871094 9.040022101417119 -33.737821784034324 30.84036069713508 -35.16669146614238 45.24516450867962 -18.741160771296922 40.98300381877388 2.68616798685256
1419.199951171875 355.45001220703125 15 24.484702435625607 14.136249542236333 24.484702435625604 42.408748626708984 3.4623825507695914e-15 56.54499816894531 -24.484702435625607 42.408748626708984 -24.48470243562561 14.136249542236335 -46.914784022672876 3.0749574020750075 -51.79383947505179 -21.453710757941415 -35.30411942681048 -40.25663277932469 -10.348452893389302 -38.620951977861935 -14.136249542236328 -50.890498352050784 14.136249542236328 -50.890498352050784 10.348452893389256 -38.620951977861935 35.30411942681043 -40.256632779324725 51.793839475051776 -21.453710757941444 46.91478402267287 3.0749574020749773
1276.4000244140625 326.4800109863281 15 29.26884329891079 16.898374557495124 29.268843298910788 50.69512367248535 4.1389080625258936e-15 67.59349822998047 -29.268843298910785 50.69512367248535 -29.268843298910788 16.898374557495128 -56.08160710027313 3.6757827295955714 -61.91399611369208 -25.645616891006327 -42.20229925301708 -48.12249933025352 -12.370468741415696 -46.16721785640591 -16.898374557495117 -60.83414840698242 16.898374557495117 -60.83414840698242 12.370468741415646 -46.16721785640591 42.20229925301703 -48.12249933025356 61.913996113692065 -25.645616891006362 56.08160710027313 3.675782729595536
1550.4000244140625 65.13800048828125 15 36.023408012863555 20.7981243133545 36.02340801286355 62.39437294006348 5.094071273723664e-15 83.19249725341797 -36.023408012863555 62.39437294006348 -36.023408012863555 20.798124313354503 -69.02393080444783 4.524067442042924 -76.20229883814295 -31.564025662766326 -51.94160321084422 -59.22804704882162 -15.225283699509092 -56.82153232621805 -20.798124313354492 -74.87324752807618 20.798124313354492 -74.87324752807618 15.225283699509031 -56.82153232621805 51.941603210844164 -59.228047048821665 76.20229883814294 -31.56402566276637 69.02393080444782 4.524067442042881
873.4199829101562 405.0400085449219 15 30.39446092749753 17.548250198364265 30.394460927497526 52.64475059509277 4.2980816872127386e-15 70.19300079345703 -30.394460927497523 52.64475059509277 -30.394460927497526 17.54825019836427 -58.238386749774754 3.817145536353344 -64.29507707306215 -26.63189291748575 -43.82531016332035 -49.97318857767597 -12.846210729133297 -47.942711125861784 -17.548250198364258 -63.17370071411133 17.548250198364258 -63.17370071411133 12.846210729133244 -47.94271112586179 43.825310163320296 -49.97318857767601 64.29507707306212 -26.631892917485786 58.23838674977475 3.8171455363533084
957.3699951171875 469.19000244140625 15 17.167568420173108 9.911700248718265 17.167568420173104 29.735100746154785 2.427666396740169e-15 39.64680099487305 -17.167568420173108 29.735100746154785 -17.16756842017311 9.911700248718267 -32.89452942074531 2.1560213659133893 -36.315502925518615 -15.042373836149604 -24.75365536367996 -28.226134233073914 -7.255868171454862 -27.079268668891373 -9.911700248718262 -35.682120895385744 9.911700248718262 -35.682120895385744 7.25586817145483 -27.079268668891373 24.753655363679925 -28.226134233073942 36.3155029255186 -15.042373836149626 32.8945294207453 2.15602136591337
745.5700073242188 475.5299987792969 15 24.202596008221718 13.973375320434576 24.202596008221715 41.92012596130371 3.4224898718909636e-15 55.89350128173828 -24.202596008221718 41.92012596130371 -24.20259600822172 13.973375320434577 -46.374243979441474 3.0395285358513213 -51.197084213097796 -21.206526635022563 -34.89735446692082 -39.79280623773025 -10.22922068778717 -38.17597132865629 -13.97337532043457 -50.304151153564455 13.97337532043457 -50.304151153564455 10.229220687787128 -38.175971328656296 34.89735446692077 -39.792806237730275 51.19708421309778 -21.20652663502259 46.37424397944146 3.039528535851291
691.9400024414062 765.3099975585938 15 36.58610780754051 21.122999191284187 36.5861078075405 63.36899757385254 5.17364266959966e-15 84.49199676513672 -36.58610780754051 63.36899757385254 -36.586107807540515 21.12299919128419 -70.10211173828924 4.594735153988257 -77.3926087026295 -32.05706815206313 -52.75295147227183 -60.15321242744399 -15.463108616256363 -57.709106998824694 -21.12299919128418 -76.04279708862305 21.12299919128418 -76.04279708862305 15.463108616256296 -57.709106998824694 52.75295147227176 -60.15321242744403 77.39260870262947 -32.057068152063174 70.10211173828922 4.594735153988214
787.8400268554688 640.3099975585938 15 21.951578790281072 12.673749923706058 21.95157879028107 38.021249771118164 3.1041734554521264e-15 50.69499969482422 -21.951578790281072 38.021249771118164 -21.951578790281072 12.673749923706062 -42.06110246225704 2.7568303052028824 -46.43538352475465 -19.23416562994953 -31.65164703376234 -36.091786233063054 -9.277828866575035 -34.62532871398713 -12.673749923706055 -45.6254997253418 12.673749923706055 -45.6254997253418 9.277828866574996 -34.62532871398713 31.651647033762302 -36.09178623306308 46.43538352475464 -19.23416562994956 42.06110246225704 2.7568303052028558
49.395999908447266 514.1900024414062 15 21.38892194272573 12.348899841308597 21.38892194272573 37.04669952392578 3.0246081327299656e-15 49.395599365234375 -21.38892194272573 37.04669952392578 -21.388921942725734 12.3488998413086 -40.98300381877388 2.6861679868525847 -45.245164508679636 -18.741160771296897 -30.840360697135118 -35.16669146614235 -9.040022101417156 -33.737821784034324 -12.348899841308594 -44.45603942871094 12.348899841308594 -44.45603942871094 9.040022101417119 -33.737821784034324 30.84036069713508 -35.16669146614238 45.24516450867962 -18.741160771296922 40.98300381877388 2.68616798685256
185.3300018310547 491.82000732421875 15 11.691342951089922 6.750000000000003 11.69134295108992 20.25 1.6532731788489269e-15 27.0 -11.691342951089922 20.25 -11.691342951089924 6.7500000000000036 -22.4016130450216 1.4682792916177352 -24.73134160599235 -10.244057108884022 -16.857569288018645 -19.222373688902366 -4.941342951089933 -18.441342951089922 -6.75 -24.3 6.75 -24.3 4.941342951089912 -18.441342951089926 16.857569288018624 -19.22237368890238 24.73134160599234 -10.244057108884036 22.401613045021595 1.4682792916177219
390.2099914550781 457.1700134277344 15 21.67098707482037 12.511750221252445 21.67098707482037 37.535250663757324 3.0644949720375983e-15 50.047000885009766 -21.67098707482037 37.535250663757324 -21.670987074820374 12.511750221252449 -41.52346473666082 2.721591666927198 -45.84183241639177 -18.988308710904043 -31.247066113947497 -35.63045011186982 -9.159236853567949 -34.182737296072816 -12.511750221252441 -45.04230079650879 12.511750221252441 -45.04230079650879 9.159236853567911 -34.182737296072816 31.24706611394746 -35.63045011186985 45.84183241639176 -18.98830871090407 41.52346473666081 2.7215916669271714
1209.5999755859375 675.6099853515625 15 16.604824026562166 9.586799621582035 16.604824026562163 28.760398864746094 2.3480886941274982e-15 38.347198486328125 -16.604824026562166 28.760398864746094 -16.604824026562166 9.586799621582037 -31.81626303153187 2.085348052927058 -35.12509871845087 -14.549292268876155 -23.942242795728887 -27.3008955269152 -7.018024404980148 -26.1916236481442 -9.586799621582031 -34.51247863769532 9.586799621582031 -34.51247863769532 7.018024404980119 -26.1916236481442 23.94224279572886 -27.30089552691522 35.12509871845086 -14.549292268876176 31.816263031531868 2.0853480529270367
1238.0999755859375 509.760009765625 15 18.012462188309556 10.39949989318848 18.012462188309552 31.19849967956543 2.5471428513853018e-15 41.597999572753906 -18.012462188309556 31.19849967956543 -18.01246218830956 10.399499893188482 -34.5134181435484 2.2621289387184422 -38.10275324295188 -15.782677156986079 -25.971894816321072 -29.61527009252876 -7.612962295121097 -28.411962081498032 -10.399499893188477 -37.43819961547852 10.399499893188477 -37.43819961547852 7.612962295121063 -28.411962081498032 25.971894816321036 -29.61527009252878 38.10275324295186 -15.7826771569861 34.51341814354839 2.2621289387184227
1083.0 640.4099731445312 15 16.604824026562166 9.586799621582035 16.604824026562163 28.760398864746094 2.3480886941274982e-15 38.347198486328125 -16.604824026562166 28.760398864746094 -16.604824026562166 9.586799621582037 -31.81626303153187 2.085348052927058 -35.12509871845087 -14.549292268876155 -23.942242795728887 -27.3008955269152 -7.018024404980148 -26.1916236481442 -9.586799621582031 -34.51247863769532 9.586799621582031 -34.51247863769532 7.018024404980119 -26.1916236481442 23.94224279572886 -27.30089552691522 35.12509871845086 -14.549292268876176 31.816263031531868 2.0853480529270367
1140.9000244140625 584.3099975585938 15 19.13794932371907 11.049300193786625 19.13794932371907 33.14790058135986 2.706298023027803e-15 44.197200775146484 -19.13794932371907 33.14790058135986 -19.137949323719074 11.049300193786626 -36.66994775696149 2.403475357245144 -40.48355816291769 -16.76883884420051 -27.594717570500116 -31.465744789011517 -8.088649129932467 -30.18724951750569 -11.049300193786621 -39.77748069763184 11.049300193786621 -39.77748069763184 8.088649129932431 -30.187249517505695 27.59471757050008 -31.465744789011545 40.483558162917674 -16.76883884420053 36.66994775696148 2.403475357245121
1344.199951171875 477.489990234375 15 28.706143504233836 16.573499679565437 28.706143504233832 49.72049903869629 4.059336666649898e-15 66.29399871826172 -28.70614350423383 49.72049903869629 -28.706143504233832 16.57349967956544 -55.00342616643173 3.6051150176502382 -60.723686249205535 -25.152574401709522 -41.390950991589484 -47.19733395163115 -12.132643824668428 -45.279643183799266 -16.57349967956543 -59.664598846435545 16.57349967956543 -59.664598846435545 12.132643824668378 -45.279643183799266 41.39095099158943 -47.197333951631194 60.723686249205514 -25.152574401709558 55.00342616643172 3.6051150176502027
1119.699951171875 497.1700134277344 15 21.67098707482037 12.511750221252445 21.67098707482037 37.535250663757324 3.0644949720375983e-15 50.047000885009766 -21.67098707482037 37.535250663757324 -21.670987074820374 12.511750221252449 -41.52346473666082 2.721591666927198 -45.84183241639177 -18.988308710904043 -31.247066113947497 -35.63045011186982 -9.159236853567949 -34.182737296072816 -12.511750221252441 -45.04230079650879 12.511750221252441 -45.04230079650879 9.159236853567911 -34.182737296072816 31.24706611394746 -35.63045011186985 45.84183241639176 -18.98830871090407 41.52346473666081 2.7215916669271714
1335.300048828125 643.1799926757812 15 20.82617920092716 12.024000167846683 20.826179200927157 36.07200050354004 2.9450306637001347e-15 48.09600067138672 -20.82617920092716 36.07200050354004 -20.82617920092716 12.024000167846687 -39.90474059457423 2.615494881312216 -44.05476379578157 -18.248080651355917 -30.02895051090714 -34.24145547581831 -8.802179033080497 -32.85017936877384 -12.02400016784668 -43.28640060424805 12.02400016784668 -43.28640060424805 8.80217903308046 -32.85017936877384 30.0289505109071 -34.24145547581834 44.054763795781554 -18.24808065135594 39.90474059457422 2.615494881312191
992.3200073242188 727.72998046875 15 27.017827732782514 15.598750114440923 27.01782773278251 46.796250343322754 3.820591879669896e-15 62.39500045776367 -27.017827732782507 46.796250343322754 -27.01782773278251 15.598750114440927 -51.76846874810249 3.393084706393095 -57.1522989195186 -23.673257333265767 -38.95659420158171 -44.421482041421015 -11.419077618341618 -42.61657784722343 -15.598750114440918 -56.155500411987305 15.598750114440918 -56.155500411987305 11.419077618341568 -42.61657784722343 38.95659420158165 -44.42148204142105 57.152298919518586 -23.673257333265802 51.76846874810248 3.3930847063930614
1248.5999755859375 605.489990234375 15 14.071700381217632 8.124300003051761 14.07170038121763 24.372900009155273 1.9898795988100333e-15 32.49720001220703 -14.071700381217628 24.372900009155273 -14.07170038121763 8.124300003051763 -26.96258147111604 1.7672209560549348 -29.76664276815373 -12.32974714088427 -20.28977040268075 -23.136048980653555 -5.947400378165884 -22.19600038426939 -8.124300003051758 -29.24748001098633 8.124300003051758 -29.24748001098633 5.9474003781658595 -22.19600038426939 20.289770402680727 -23.136048980653577 29.766642768153723 -12.329747140884288 26.962581471116035 1.767220956054917
1488.699951171875 598.27001953125 15 35.74281794921522 20.636125564575202 35.742817949215215 61.908376693725586 5.054393023891976e-15 82.54450225830078 -35.74281794921522 61.908376693725586 -35.74281794921523 20.636125564575206 -68.48629624386538 4.488829011213202 -75.60875122394975 -31.318170191053305 -51.53702467275248 -58.76671364346306 -15.106692384640063 -56.37894351379042 -20.636125564575195 -74.29005203247071 20.636125564575195 -74.29005203247071 15.106692384639995 -56.37894351379042 51.53702467275241 -58.766713643463106 75.60875122394972 -31.318170191053348 68.48629624386538 4.488829011213159
790.5 835.3599853515625 15 27.861337282152995 16.08575057983399 27.86133728215299 48.25725173950195 3.939872591895274e-15 64.34300231933594 -27.861337282152988 48.25725173950195 -27.86133728215299 16.085750579833995 -53.384705189358925 3.499018439481219 -58.936621122765004 -24.412347789493865 -40.17283777027222 -45.80834203141433 -11.775586702319032 -43.94708786198697 -16.085750579833984 -57.90870208740235 16.085750579833984 -57.90870208740235 11.775586702318982 -43.94708786198698 40.17283777027217 -45.80834203141437 58.93662112276498 -24.4123477894939 53.38470518935891 3.4990184394811834
863.530029296875 685.25 15 19.98128378097834 11.536199569702152 19.98128378097834 34.608598709106445 2.825553975472162e-15 46.144798278808594 -19.98128378097834 34.608598709106445 -19.981283780978345 11.536199569702156 -38.28584870675736 2.5093871010612006 -42.26750998417863 -17.507775883186973 -28.810708676542937 -32.85231690052879 -8.445084211276212 -31.517483350680493 -11.536199569702148 -41.53031845092774 11.536199569702148 -41.53031845092774 8.445084211276175 -31.517483350680493 28.8107086765429 -32.85231690052882 42.267509984178616 -17.507775883187 38.285848706757356 2.509387101061174
894.7899780273438 614.3499755859375 15 17.448160135633806 10.073699951171879 17.448160135633806 30.221099853515625 2.467344880154697e-15 40.2947998046875 -17.448160135633806 30.221099853515625 -17.44816013563381 10.07369995117188 -33.43216714634153 2.1912600041890755 -36.90905403388149 -15.288230755195091 -25.1582362834948 -28.687470354267155 -7.374460184461949 -27.52186008680568 -10.073699951171875 -36.26531982421875 10.073699951171875 -36.26531982421875 7.374460184461915 -27.52186008680568 25.158236283494766 -28.687470354267177 36.909054033881475 -15.288230755195112 33.43216714634152 2.191260004189054
592.47998046875 305.8900146484375 15 19.700692065517643 11.374199867248539 19.70069206551764 34.122599601745605 2.785875492057634e-15 45.49679946899414 -19.700692065517643 34.122599601745605 -19.700692065517647 11.374199867248542 -37.74821098116114 2.4741484627855144 -41.67395887581576 -17.261918964141486 -28.406127756728097 -32.39098077933556 -8.326492198269127 -31.074891932766178 -11.374199867248535 -40.94711952209473 11.374199867248535 -40.94711952209473 8.32649219826909 -31.07489193276618 28.406127756728058 -32.390980779335585 41.67395887581574 -17.261918964141515 37.74821098116114 2.4741484627854895
739.6199951171875 343.54998779296875 15 28.988253235262462 16.736375808715827 28.98825323526246 50.20912742614746 4.099229812694205e-15 66.94550323486328 -28.988253235262455 50.20912742614746 -28.988253235262462 16.73637580871583 -55.5439725396907 3.6405442987658496 -61.32044849949888 -25.399761419293313 -41.79772071492533 -47.66116592489496 -12.251877426546667 -45.72462904397828 -16.73637580871582 -60.250952911376956 16.73637580871582 -60.250952911376956 12.251877426546613 -45.72462904397828 41.797720714925276 -47.661165924895 61.32044849949885 -25.39976141929335 55.543972539690685 3.640544298765814
946.260009765625 199.64999389648438 15 32.92758457284206 19.01074981689454 32.92758457284206 57.032249450683594 4.656290782530204e-15 76.04299926757812 -32.92758457284206 57.032249450683594 -32.927584572842065 19.010749816894542 -63.092068310190584 4.1352726332254655 -69.65353302335927 -28.851438045477632 -47.47778255636849 -54.13803512393761 -13.916834755947558 -51.938334389736596 -19.01074981689453 -68.43869934082032 19.01074981689453 -68.43869934082032 13.916834755947502 -51.938334389736596 47.47778255636843 -54.138035123937655 69.65353302335926 -28.851438045477675 63.092068310190584 4.135272633225426
1103.0 332.1199951171875 15 37.14880760221747 21.447874069213874 37.14880760221746 64.3436222076416 5.2532140654756556e-15 85.79149627685547 -37.14880760221747 64.3436222076416 -37.14880760221747 21.447874069213878 -71.18029267213063 4.66540286593359 -78.58291856711605 -32.550110641359936 -53.56429973369943 -61.07837780606636 -15.700933533003628 -58.59668167143134 -21.447874069213867 -77.21234664916993 21.447874069213867 -77.21234664916993 15.700933533003568 -58.59668167143134 53.56429973369936 -61.07837780606641 78.58291856711602 -32.55011064135998 71.18029267213063 4.665402865933547
764.3699951171875 562.6300048828125 15 27.017827732782514 15.598750114440923 27.01782773278251 46.796250343322754 3.820591879669896e-15 62.39500045776367 -27.017827732782507 46.796250343322754 -27.01782773278251 15.598750114440927 -51.76846874810249 3.393084706393095 -57.1522989195186 -23.673257333265767 -38.95659420158171 -44.421482041421015 -11.419077618341618 -42.61657784722343 -15.598750114440918 -56.155500411987305 15.598750114440918 -56.155500411987305 11.419077618341568 -42.61657784722343 38.95659420158165 -44.42148204142105 57.152298919518586 -23.673257333265802 51.76846874810248 3.3930847063930614
632.27001953125 645.1900024414062 15 40.5269588125004 23.39825057983399 40.5269588125004 70.19475173950195 5.730918535648278e-15 93.59300231933594 -40.5269588125004 70.19475173950195 -40.52695881250041 23.398250579834 -77.65311932146565 5.089654338733766 -85.72890786259003 -35.51007632411822 -58.43520449895908 -66.63258019439189 -17.128708232666458 -63.925209392334395 -23.398250579833984 -84.23370208740235 23.398250579833984 -84.23370208740235 17.128708232666384 -63.925209392334395 58.435204498959 -66.63258019439195 85.72890786259 -35.51007632411827 77.65311932146564 5.089654338733716
1020.2000122070312 895.6199951171875 15 40.244634345863695 23.235250473022468 40.24463434586369 69.70575141906738 5.690995023834796e-15 92.94100189208984 -40.244634345863695 69.70575141906738 -40.2446343458637 23.235250473022475 -77.11216149641544 5.054198089642977 -85.13169137023908 -35.262701153313564 -58.02812515162135 -66.16839516261973 -17.009383872841273 -63.479884818886156 -23.23525047302246 -83.64690170288087 23.23525047302246 -83.64690170288087 17.009383872841198 -63.47988481888616 58.028125151621275 -66.16839516261979 85.13169137023905 -35.262701153313614 77.11216149641542 5.054198089642924
1039.5 521.3900146484375 15 25.047620269535386 14.461250305175787 25.047620269535383 43.383750915527344 3.541984779580441e-15 57.845001220703125 -25.047620269535386 43.383750915527344 -25.04762026953539 14.46125030517579 -47.99338273833308 3.145652496887445 -52.98461056993531 -21.946944295124027 -36.11578207568615 -41.182156648124774 -10.586369964359628 -39.50887057471117 -14.461250305175781 -52.06050109863281 14.461250305175781 -52.06050109863281 10.586369964359582 -39.50887057471117 36.1157820756861 -41.18215664812481 52.98461056993529 -21.946944295124055 47.99338273833308 3.1456524968874167
1362.300048828125 374.82000732421875 15 17.73031116197168 10.23659992218018 17.730311161971677 30.709799766540527 2.5072438657699994e-15 40.9463996887207 -17.73031116197168 30.709799766540527 -17.730311161971684 10.236599922180181 -33.97279264494496 2.2266944714537598 -37.50590363841668 -15.535453956090585 -25.565065549907935 -29.151370223397954 -7.493711239791523 -27.96691108415186 -10.236599922180176 -36.85175971984864 10.236599922180176 -36.85175971984864 7.493711239791489 -27.96691108415186 25.565065549907903 -29.151370223397976 37.50590363841667 -15.535453956090606 33.97279264494496 2.2266944714537384
894.3499755859375 544.0700073242188 15 23.07719476705544 13.323624610900882 23.077194767055435 39.97087383270264 3.263346846556132e-15 53.294498443603516 -23.07719476705544 39.97087383270264 -23.077194767055442 13.323624610900886 -44.217878946744875 2.8981929045146906 -48.81646098995504 -20.22044020909648 -33.27465556234252 -37.94247276465082 -9.75357015615458 -36.40081937795632 -13.323624610900879 -47.96504859924317 13.323624610900879 -47.96504859924317 9.753570156154536 -36.40081937795632 33.274655562342474 -37.94247276465085 48.81646098995502 -20.22044020909651 44.217878946744875 2.898192904514664
760.9299926757812 207.91000366210938 15 27.298419448243212 15.760749816894537 27.29841944824321 47.282249450683594 3.860270363084424e-15 63.042999267578125 -27.298419448243205 47.282249450683594 -27.29841944824321 15.76074981689454 -52.306106473698705 3.4283233446687778 -57.74585002788148 -23.919114252311253 -39.36117512139655 -44.88281816261425 -11.537669631348702 -43.05916926513774 -15.760749816894531 -56.73869934082031 15.760749816894531 -56.73869934082031 11.537669631348653 -43.05916926513774 39.3611751213965 -44.882818162614285 57.74585002788146 -23.919114252311285 52.306106473698705 3.428323344668744
846.8300170898438 318.55999755859375 15 31.801966944255327 18.360874176025398 31.801966944255323 55.08262252807617 4.497117157843358e-15 73.44349670410156 -31.80196694425532 55.08262252807617 -31.801966944255327 18.3608741760254 -60.93528866068897 3.993909826467693 -67.27245206398922 -27.865162018998213 -45.854771646065224 -52.28734587651516 -13.441092768229964 -50.16284112028072 -18.36087417602539 -66.09914703369141 18.36087417602539 -66.09914703369141 13.441092768229904 -50.16284112028072 45.85477164606516 -52.287345876515204 67.27245206398919 -27.865162018998255 60.93528866068897 3.993909826467654
1229.0999755859375 760.1199951171875 15 12.38299395614083 7.149324893951419 12.382993956140828 21.447974681854248 1.7510795694884185e-15 28.597299575805664 -12.38299395614083 21.447974681854248 -12.382993956140831 7.14932489395142 -23.726875527028103 1.5551415838275595 -26.194429067338888 -10.850087778311778 -17.854850335161856 -20.35955477554169 -5.233669062189425 -19.532318850092246 -7.149324893951416 -25.7375696182251 7.149324893951416 -25.7375696182251 5.233669062189402 -19.532318850092246 17.854850335161835 -20.359554775541703 26.19442906733888 -10.850087778311792 23.7268755270281 1.5551415838275444
955.239990234375 356.32000732421875 15 25.32972669693928 14.624124526977544 25.329726696939275 43.87237358093262 3.5818774584590685e-15 58.496498107910156 -25.32972669693927 43.87237358093262 -25.329726696939275 14.624124526977548 -48.5339227815645 3.181081363111131 -53.5813658318893 -22.19412841804288 -36.52254703557581 -41.645983189719225 -10.70560216996176 -39.953851223916814 -14.624124526977539 -52.64684829711914 14.624124526977539 -52.64684829711914 10.705602169961713 -39.953851223916814 36.52254703557577 -41.64598318971926 53.581365831889286 -22.194128418042908 48.533922781564485 3.1810813631110992
988.5 271.8800048828125 15 33.20969430387069 19.17362594604493 33.209694303870684 57.520877838134766 4.696183928574511e-15 76.69450378417969 -33.20969430387069 57.520877838134766 -33.20969430387069 19.173625946044933 -63.63261468344955 4.170701914341077 -70.25029527365263 -29.09862506306142 -47.88455227970434 -54.60186709720142 -14.036068357825794 -52.38332024991561 -19.173625946044922 -69.02505340576172 19.173625946044922 -69.02505340576172 14.036068357825737 -52.38332024991561 47.88455227970428 -54.60186709720146 70.2502952736526 -29.098625063061462 63.632614683449546 4.170701914341038
1599.9000244140625 128.16000366210938 15 30.11386756022446 17.386249542236335 30.113867560224456 52.158748626708984 4.258402970215371e-15 69.54499816894531 -30.113867560224453 52.158748626708984 -30.113867560224456 17.38624954223634 -57.700745859164755 3.781906690631697 -63.70152247052958 -26.38603455110779 -43.42072686178241 -49.51184974064806 -12.727618017988156 -47.50011710246079 -17.386249542236328 -62.59049835205078 17.386249542236328 -62.59049835205078 12.727618017988103 -47.50011710246079 43.42072686178236 -49.511849740648096 63.70152247052957 -26.38603455110783 57.70074585916475 3.781906690631658
1624.0 686.1300048828125 15 30.11386756022446 17.386249542236335 30.113867560224456 52.158748626708984 4.258402970215371e-15 69.54499816894531 -30.113867560224453 52.158748626708984 -30.113867560224456 17.38624954223634 -57.700745859164755 3.781906690631697 -63.70152247052958 -26.38603455110779 -43.42072686178241 -49.51184974064806 -12.727618017988156 -47.50011710246079 -17.386249542236328 -62.59049835205078 17.386249542236328 -62.59049835205078 12.727618017988103 -47.50011710246079 43.42072686178236 -49.511849740648096 63.70152247052957 -26.38603455110783 57.70074585916475 3.781906690631658
985.4199829101562 51.74700164794922 15 51.22064012842469 29.572250366210948 51.220640128424684 88.71675109863281 7.243112350912874e-15 118.28900146484375 -51.22064012842468 88.71675109863281 -51.220640128424684 29.572250366210955 -98.14312734434898 6.4326404176655565 -108.3498408688437 -44.87997356884166 -73.85426067422749 -84.21464405349428 -21.648389762213792 -80.79289049463563 -29.572250366210938 -106.46010131835938 29.572250366210938 -106.46010131835938 21.6483897622137 -80.79289049463563 73.85426067422739 -84.21464405349435 108.34984086884367 -44.87997356884173 98.14312734434897 6.4326404176655
622.3499755859375 413.6400146484375 15 20.82617920092716 12.024000167846683 20.826179200927157 36.07200050354004 2.9450306637001347e-15 48.09600067138672 -20.82617920092716 36.07200050354004 -20.82617920092716 12.024000167846687 -39.90474059457423 2.615494881312216 -44.05476379578157 -18.248080651355917 -30.02895051090714 -34.24145547581831 -8.802179033080497 -32.85017936877384 -12.02400016784668 -43.28640060424805 12.02400016784668 -43.28640060424805 8.80217903308046 -32.85017936877384 30.0289505109071 -34.24145547581834 44.054763795781554 -18.24808065135594 39.90474059457422 2.615494881312191
1441.5 458.4700012207031 15 27.580743914879925 15.92374992370606 27.58074391487992 47.771249771118164 3.900193874897906e-15 63.69499969482422 -27.580743914879918 47.771249771118164 -27.58074391487992 15.923749923706064 -52.84706429874892 3.46377959375957 -58.34306652023245 -24.166489423115912 -39.768254468734284 -45.34700319438642 -11.656993991173891 -43.50449383858598 -15.923749923706055 -57.3254997253418 15.923749923706055 -57.3254997253418 11.656993991173842 -43.50449383858598 39.76825446873423 -45.34700319438645 58.343066520232426 -24.166489423115944 52.84706429874892 3.4637795937595364
896.4400024414062 111.12000274658203 15 48.68751648308015 28.109750747680675 48.687516483080145 84.32925224304199 6.884903255595409e-15 112.43900299072266 -48.68751648308015 84.32925224304199 -48.68751648308016 28.10975074768068 -93.28944578393316 6.114513320793435 -102.99138491854657 -42.660428440849785 -70.20178828117936 -80.04979750723265 -20.577765735399534 -76.79726723076081 -28.109750747680664 -101.19510269165039 28.109750747680664 -101.19510269165039 20.577765735399442 -76.79726723076082 70.20178828117926 -80.04979750723271 102.99138491854654 -42.66042844084984 93.28944578393313 6.114513320793375
929.0999755859375 879.3099975585938 15 35.460708218186596 20.473249435424812 35.46070821818659 61.419748306274414 5.0144998778476685e-15 81.89299774169922 -35.460708218186596 61.419748306274414 -35.4607082181866 20.473249435424815 -67.94574987060642 4.4533997300975905 -75.01198897365643 -31.070983173469518 -51.130254949416624 -58.302881670199255 -14.987458782761827 -55.9339576536114 -20.473249435424805 -73.7036979675293 20.473249435424805 -73.7036979675293 14.98745878276176 -55.9339576536114 51.13025494941656 -58.3028816701993 75.0119889736564 -31.07098317346956 67.94574987060642 4.453399730097548
1336.199951171875 192.1999969482422 15 30.676567354901415 17.711124420166023 30.67656735490141 53.13337326049805 4.337974366091367e-15 70.84449768066406 -30.676567354901408 53.13337326049805 -30.67656735490141 17.711124420166026 -58.778926793006164 3.8525744025770265 -64.89183233501612 -26.8790770404046 -44.232075123210016 -50.43701511927043 -12.965442934735425 -48.38769177506743 -17.711124420166016 -63.760047912597656 17.711124420166016 -63.760047912597656 12.965442934735371 -48.38769177506743 44.23207512320997 -50.43701511927046 64.89183233501612 -26.87907704040464 58.77892679300615 3.852574402576991
1382.800048828125 257.42999267578125 15 22.79660305159474 13.16162490844727 22.796603051594737 39.4848747253418 3.223668363141604e-15 52.64649963378906 -22.79660305159474 39.4848747253418 -22.79660305159474 13.161624908447273 -43.68024122114866 2.862954266239008 -48.22290988159216 -19.974583290050994 -32.870074642527676 -37.48113664345759 -9.634978143147492 -35.95822796004201 -13.161624908447266 -47.381849670410155 13.161624908447266 -47.381849670410155 9.634978143147451 -35.95822796004201 32.870074642527634 -37.48113664345762 48.222909881592145 -19.974583290051022 43.68024122114865 2.8629542662389778
1274.0999755859375 400.2200012207031 15 30.957160722174486 17.873125076293952 30.957160722174482 53.619375228881836 4.377653083088734e-15 71.49250030517578 -30.95716072217448 53.619375228881836 -30.957160722174482 17.873125076293956 -59.31656768361616 3.887813248298677 -65.48538693754868 -27.124935406782555 -44.63665842474795 -50.89835395629834 -13.084035645880565 -48.830285798468424 -17.873125076293945 -64.3432502746582 17.873125076293945 -64.3432502746582 13.084035645880512 -48.83028579846843 44.6366584247479 -50.89835395629838 65.48538693754867 -27.12493540678259 59.31656768361616 3.887813248298638
1239.0 216.02000427246094 15 26.735719653566257 15.435874938964849 26.735719653566253 46.30762481689453 3.780698967208428e-15 61.743499755859375 -26.73571965356625 46.30762481689453 -26.735719653566253 15.435874938964853 -51.2279255398573 3.3576556327234446 -56.55554016339494 -23.426071763014445 -38.549826859968945 -43.95765278399188 -11.299844714601434 -42.1715945925311 -15.435874938964844 -55.56914978027344 15.435874938964844 -55.56914978027344 11.299844714601385 -42.1715945925311 38.549826859968896 -43.95765278399192 56.55554016339492 -23.42607176301448 51.227925539857296 3.3576556327234144
1180.9000244140625 46.45899963378906 15 34.3350938932246 19.823375701904304 34.335093893224595 59.47012710571289 4.855326720326503e-15 79.29350280761719 -34.3350938932246 59.47012710571289 -34.3350938932246 19.823375701904308 -65.78897655113236 4.312037338231743 -72.6309150026257 -30.084710041655036 -49.50724880255954 -56.45219785444617 -14.51171819132033 -54.15846959512889 -19.823375701904297 -71.36415252685548 19.823375701904297 -71.36415252685548 14.511718191320274 -54.158469595128906 49.50724880255948 -56.45219785444621 72.63091500262568 -30.08471004165508 65.78897655113235 4.3120373382317005
1111.300048828125 194.69000244140625 15 14.353071752116918 8.286749839782718 14.353071752116916 24.860249519348145 2.029668333324949e-15 33.14699935913086 -14.353071752116914 24.860249519348145 -14.353071752116916 8.28674983978272 -27.501713083215865 1.8025575088251191 -30.361843124602768 -12.576287200854761 -20.695475495794742 -23.598666975815576 -6.066321912334214 -22.639821591899633 -8.286749839782715 -29.832299423217773 8.286749839782715 -29.832299423217773 6.066321912334189 -22.639821591899633 20.695475495794714 -23.598666975815597 30.361843124602757 -12.576287200854779 27.50171308321586 1.8025575088251014
1294.0 109.79000091552734 15 30.957160722174486 17.873125076293952 30.957160722174482 53.619375228881836 4.377653083088734e-15 71.49250030517578 -30.95716072217448 53.619375228881836 -30.957160722174482 17.873125076293956 -59.31656768361616 3.887813248298677 -65.48538693754868 -27.124935406782555 -44.63665842474795 -50.89835395629834 -13.084035645880565 -48.830285798468424 -17.873125076293945 -64.3432502746582 17.873125076293945 -64.3432502746582 13.084035645880512 -48.83028579846843 44.6366584247479 -50.89835395629838 65.48538693754867 -27.12493540678259 59.31656768361616 3.887813248298638
641.6900024414062 223.5 15 21.10677091638786 12.185999870300297 21.106770916387855 36.55799961090088 2.984709147114663e-15 48.74399948120117 -21.10677091638786 36.55799961090088 -21.10677091638786 12.1859998703003 -40.44237832017045 2.6507335195879023 -44.64831490414444 -18.493937570401403 -30.433531430721985 -34.702791597011554 -8.920771046087582 -33.29277078668815 -12.185999870300293 -43.86959953308106 12.185999870300293 -43.86959953308106 8.920771046087545 -33.29277078668815 30.433531430721942 -34.70279159701158 44.64831490414443 -18.493937570401428 40.44237832017045 2.6507335195878756
305.67999267578125 169.3800048828125 15 11.691342951089922 6.750000000000003 11.69134295108992 20.25 1.6532731788489269e-15 27.0 -11.691342951089922 20.25 -11.691342951089924 6.7500000000000036 -22.4016130450216 1.4682792916177352 -24.73134160599235 -10.244057108884022 -16.857569288018645 -19.222373688902366 -4.941342951089933 -18.441342951089922 -6.75 -24.3 6.75 -24.3 4.941342951089912 -18.441342951089926 16.857569288018624 -19.22237368890238 24.73134160599234 -10.244057108884036 22.401613045021595 1.4682792916177219
442.9700012207031 287.7300109863281 15 21.10677091638786 12.185999870300297 21.106770916387855 36.55799961090088 2.984709147114663e-15 48.74399948120117 -21.10677091638786 36.55799961090088 -21.10677091638786 12.1859998703003 -40.44237832017045 2.6507335195879023 -44.64831490414444 -18.493937570401403 -30.433531430721985 -34.702791597011554 -8.920771046087582 -33.29277078668815 -12.185999870300293 -43.86959953308106 12.185999870300293 -43.86959953308106 8.920771046087545 -33.29277078668815 30.433531430721942 -34.70279159701158 44.64831490414443 -18.493937570401428 40.44237832017045 2.6507335195878756
1608.5999755859375 212.89999389648438 15 38.556534961832824 22.260625839233406 38.556534961832824 66.7818775177002 5.452280836206809e-15 89.0425033569336 -38.556534961832824 66.7818775177002 -38.55653496183283 22.26062583923341 -73.87761869489123 4.842194953806974 -81.56076177677944 -33.78357368542315 -55.59408036733855 -63.392899026752616 -16.29590912259946 -60.81716080106624 -22.2606258392334 -80.13825302124023 22.2606258392334 -80.13825302124023 16.29590912259939 -60.81716080106623 55.59408036733847 -63.39289902675267 81.56076177677943 -33.78357368542319 73.87761869489121 4.842194953806924
1101.5 433.8800048828125 15 16.885417393835233 9.748800277709964 16.885417393835233 29.246400833129883 2.387767411124866e-15 38.995201110839844 -16.885417393835233 29.246400833129883 -16.885417393835237 9.748800277709966 -32.35390392214187 2.120586898648705 -35.71865332098342 -14.79515063525411 -24.346826097266824 -27.762234363943115 -7.136617116125288 -26.634217671545194 -9.748800277709961 -35.095680999755864 9.748800277709961 -35.095680999755864 7.136617116125256 -26.634217671545194 24.346826097266792 -27.762234363943136 35.71865332098341 -14.795150635254132 32.35390392214187 2.1205868986486855
1374.0 570.0399780273438 15 26.1730198588893 15.111000061035162 26.173019858889297 45.33300018310547 3.7011275713324325e-15 60.444000244140625 -26.173019858889294 45.33300018310547 -26.173019858889297 15.111000061035165 -50.1497446060159 3.2869879207781114 -55.36523029890839 -22.93302927371764 -37.73847859854135 -43.03248740536951 -11.062019797854164 -41.284019919924454 -15.111000061035156 -54.399600219726565 15.111000061035156 -54.399600219726565 11.062019797854116 -41.28401991992446 37.7384785985413 -43.03248740536955 55.36523029890837 -22.933029273717672 50.14974460601589 3.286987920778081
836.3300170898438 477.8500061035156 15 27.580743914879925 15.92374992370606 27.58074391487992 47.771249771118164 3.900193874897906e-15 63.69499969482422 -27.580743914879918 47.771249771118164 -27.58074391487992 15.923749923706064 -52.84706429874892 3.46377959375957 -58.34306652023245 -24.166489423115912 -39.768254468734284 -45.34700319438642 -11.656993991173891 -43.50449383858598 -15.923749923706055 -57.3254997253418 15.923749923706055 -57.3254997253418 11.656993991173842 -43.50449383858598 39.76825446873423 -45.34700319438645 58.343066520232426 -24.166489423115944 52.84706429874892 3.4637795937595364
1545.300048828125 736.8300170898438 15 29.55095302993942 17.061250686645515 29.550953029939414 51.18375205993652 4.1788012085702004e-15 68.24500274658203 -29.550953029939414 51.18375205993652 -29.550953029939418 17.06125068664552 -56.62215347353211 3.711212010711183 -62.51075836398542 -25.892803908590118 -42.60906897635294 -48.58633130351733 -12.489702343293935 -46.61220371658493 -17.061250686645508 -61.42050247192383 17.061250686645508 -61.42050247192383 12.489702343293882 -46.61220371658493 42.60906897635288 -48.58633130351737 62.5107583639854 -25.892803908590153 56.622153473532094 3.7112120107111473
819.5 81.552001953125 15 50.65772229451491 29.247249603271495 50.657722294514905 87.74174880981445 7.163510122102024e-15 116.98899841308594 -50.6577222945149 87.74174880981445 -50.657722294514905 29.247249603271502 -97.06452862868878 6.361945322853121 -107.15906977396018 -44.38674003165905 -73.04259802535182 -83.2891201846942 -21.410472691243466 -79.9049718977864 -29.247249603271484 -105.29009857177735 29.247249603271484 -105.29009857177735 21.410472691243374 -79.9049718977864 73.04259802535174 -83.28912018469427 107.15906977396014 -44.386740031659116 97.06452862868876 6.361945322853057
1110.699951171875 29.41699981689453 15 29.26884329891079 16.898374557495124 29.268843298910788 50.69512367248535 4.1389080625258936e-15 67.59349822998047 -29.268843298910785 50.69512367248535 -29.268843298910788 16.898374557495128 -56.08160710027313 3.6757827295955714 -61.91399611369208 -25.645616891006327 -42.20229925301708 -48.12249933025352 -12.370468741415696 -46.16721785640591 -16.898374557495117 -60.83414840698242 16.898374557495117 -60.83414840698242 12.370468741415646 -46.16721785640591 42.20229925301703 -48.12249933025356 61.913996113692065 -25.645616891006362 56.08160710027313 3.675782729595536
1579.699951171875 355.79998779296875 15 19.700692065517643 11.374199867248539 19.70069206551764 34.122599601745605 2.785875492057634e-15 45.49679946899414 -19.700692065517643 34.122599601745605 -19.700692065517647 11.374199867248542 -37.74821098116114 2.4741484627855144 -41.67395887581576 -17.261918964141486 -28.406127756728097 -32.39098077933556 -8.326492198269127 -31.074891932766178 -11.374199867248535 -40.94711952209473 11.374199867248535 -40.94711952209473 8.32649219826909 -31.07489193276618 28.406127756728058 -32.390980779335585 41.67395887581574 -17.261918964141515 37.74821098116114 2.4741484627854895
596.3599853515625 523.0499877929688 15 28.706143504233836 16.573499679565437 28.706143504233832 49.72049903869629 4.059336666649898e-15 66.29399871826172 -28.70614350423383 49.72049903869629 -28.706143504233832 16.57349967956544 -55.00342616643173 3.6051150176502382 -60.723686249205535 -25.152574401709522 -41.390950991589484 -47.19733395163115 -12.132643824668428 -45.279643183799266 -16.57349967956543 -59.664598846435545 16.57349967956543 -59.664598846435545 12.132643824668378 -45.279643183799266 41.39095099158943 -47.197333951631194 60.723686249205514 -25.152574401709558 55.00342616643172 3.6051150176502027
257.3399963378906 55.52899932861328 15 19.13794932371907 11.049300193786625 19.13794932371907 33.14790058135986 2.706298023027803e-15 44.197200775146484 -19.13794932371907 33.14790058135986 -19.137949323719074 11.049300193786626 -36.66994775696149 2.403475357245144 -40.48355816291769 -16.76883884420051 -27.594717570500116 -31.465744789011517 -8.088649129932467 -30.18724951750569 -11.049300193786621 -39.77748069763184 11.049300193786621 -39.77748069763184 8.088649129932431 -30.187249517505695 27.59471757050008 -31.465744789011545 40.483558162917674 -16.76883884420053 36.66994775696148 2.403475357245121
119.69000244140625 599.760009765625 15 19.418541039179768 11.211299896240238 19.418541039179768 33.6338996887207 2.745976506442331e-15 44.84519958496094 -19.418541039179768 33.6338996887207 -19.41854103917977 11.211299896240241 -37.207585482557704 2.438713995520832 -41.07710927128056 -17.014695763245992 -27.99929849031496 -31.927080910204754 -8.207241142939552 -30.629840935420003 -11.211299896240234 -40.360679626464844 11.211299896240234 -40.360679626464844 8.207241142939516 -30.629840935420006 27.99929849031492 -31.92708091020478 41.07710927128055 -17.014695763246017 37.207585482557704 2.4387139955208053
1002.5999755859375 623.2000122070312 15 14.071700381217632 8.124300003051761 14.07170038121763 24.372900009155273 1.9898795988100333e-15 32.49720001220703 -14.071700381217628 24.372900009155273 -14.07170038121763 8.124300003051763 -26.96258147111604 1.7672209560549348 -29.76664276815373 -12.32974714088427 -20.28977040268075 -23.136048980653555 -5.947400378165884 -22.19600038426939 -8.124300003051758 -29.24748001098633 8.124300003051758 -29.24748001098633 5.9474003781658595 -22.19600038426939 20.289770402680727 -23.136048980653577 29.766642768153723 -12.329747140884288 26.962581471116035 1.767220956054917
186.35000610351562 138.7899932861328 15 21.10677091638786 12.185999870300297 21.106770916387855 36.55799961090088 2.984709147114663e-15 48.74399948120117 -21.10677091638786 36.55799961090088 -21.10677091638786 12.1859998703003 -40.44237832017045 2.6507335195879023 -44.64831490414444 -18.493937570401403 -30.433531430721985 -34.702791597011554 -8.920771046087582 -33.29277078668815 -12.185999870300293 -43.86959953308106 12.185999870300293 -43.86959953308106 8.920771046087545 -33.29277078668815 30.433531430721942 -34.70279159701158 44.64831490414443 -18.493937570401428 40.44237832017045 2.6507335195878756
87.60600280761719 411.6000061035156 15 21.67098707482037 12.511750221252445 21.67098707482037 37.535250663757324 3.0644949720375983e-15 50.047000885009766 -21.67098707482037 37.535250663757324 -21.670987074820374 12.511750221252449 -41.52346473666082 2.721591666927198 -45.84183241639177 -18.988308710904043 -31.247066113947497 -35.63045011186982 -9.159236853567949 -34.182737296072816 -12.511750221252441 -45.04230079650879 12.511750221252441 -45.04230079650879 9.159236853567911 -34.182737296072816 31.24706611394746 -35.63045011186985 45.84183241639176 -18.98830871090407 41.52346473666081 2.7215916669271714
1114.4000244140625 814.0800170898438 15 30.676567354901415 17.711124420166023 30.67656735490141 53.13337326049805 4.337974366091367e-15 70.84449768066406 -30.676567354901408 53.13337326049805 -30.67656735490141 17.711124420166026 -58.778926793006164 3.8525744025770265 -64.89183233501612 -26.8790770404046 -44.232075123210016 -50.43701511927043 -12.965442934735425 -48.38769177506743 -17.711124420166016 -63.760047912597656 17.711124420166016 -63.760047912597656 12.965442934735371 -48.38769177506743 44.23207512320997 -50.43701511927046 64.89183233501612 -26.87907704040464 58.77892679300615 3.852574402576991
1086.5 716.6799926757812 15 26.45512793810556 15.273875236511236 26.455127938105555 45.82162570953369 3.7410204837939004e-15 61.09550094604492 -26.45512793810555 45.82162570953369 -26.455127938105555 15.27387523651124 -50.69028781426108 3.322416994447762 -55.96198905503206 -23.180214843968958 -38.145245940154105 -43.49631666279864 -11.181252701594348 -41.729003174616786 -15.27387523651123 -54.98595085144043 15.27387523651123 -54.98595085144043 11.1812527015943 -41.72900317461679 38.145245940154055 -43.49631666279868 55.96198905503204 -23.180214843968994 50.690287814261076 3.322416994447728
1643.0999755859375 597.4500122070312 15 25.047620269535386 14.461250305175787 25.047620269535383 43.383750915527344 3.541984779580441e-15 57.845001220703125 -25.047620269535386 43.383750915527344 -25.04762026953539 14.46125030517579 -47.99338273833308 3.145652496887445 -52.98461056993531 -21.946944295124027 -36.11578207568615 -41.182156648124774 -10.586369964359628 -39.50887057471117 -14.461250305175781 -52.06050109863281 14.461250305175781 -52.06050109863281 10.586369964359582 -39.50887057471117 36.1157820756861 -41.18215664812481 52.98461056993529 -21.946944295124055 47.99338273833308 3.1456524968874167
904.0999755859375 18.0 15 46.15438953411088 26.647249221801765 46.15438953411087 79.94174766540527 6.526693693112264e-15 106.58899688720703 -46.15438953411088 79.94174766540527 -46.154389534110884 26.647249221801772 -88.43575789348975 5.796385809029381 -97.63292197991008 -40.44088041819296 -66.54931112468503 -75.88494552930165 -19.50714031230916 -72.80163875591263 -26.647249221801758 -95.93009719848634 26.647249221801758 -95.93009719848634 19.507140312309073 -72.80163875591263 66.54931112468495 -75.8849455293017 97.63292197991004 -40.44088041819302 88.43575789348975 5.796385809029328
