50
54.207000732421875 537.9199829101562 15 11.691342951089922 6.750000000000003 11.69134295108992 20.25 1.6532731788489269e-15 27.0 -11.691342951089922 20.25 -11.691342951089924 6.7500000000000036 -22.4016130450216 1.4682792916177352 -24.73134160599235 -10.244057108884022 -16.857569288018645 -19.222373688902366 -4.941342951089933 -18.441342951089922 -6.75 -24.3 6.75 -24.3 4.941342951089912 -18.441342951089926 16.857569288018624 -19.22237368890238 24.73134160599234 -10.244057108884036 22.401613045021595 1.4682792916177219
99.3759994506836 459.4200134277344 15 11.691342951089922 6.750000000000003 11.69134295108992 20.25 1.6532731788489269e-15 27.0 -11.691342951089922 20.25 -11.691342951089924 6.7500000000000036 -22.4016130450216 1.4682792916177352 -24.73134160599235 -10.244057108884022 -16.857569288018645 -19.222373688902366 -4.941342951089933 -18.441342951089922 -6.75 -24.3 6.75 -24.3 4.941342951089912 -18.441342951089926 16.857569288018624 -19.22237368890238 24.73134160599234 -10.244057108884036 22.401613045021595 1.4682792916177219
185.88999938964844 457.07000732421875 15 11.691342951089922 6.750000000000003 11.69134295108992 20.25 1.6532731788489269e-15 27.0 -11.691342951089922 20.25 -11.691342951089924 6.7500000000000036 -22.4016130450216 1.4682792916177352 -24.73134160599235 -10.244057108884022 -16.857569288018645 -19.222373688902366 -4.941342951089933 -18.441342951089922 -6.75 -24.3 6.75 -24.3 4.941342951089912 -18.441342951089926 16.857569288018624 -19.22237368890238 24.73134160599234 -10.244057108884036 22.401613045021595 1.4682792916177219
144.49000549316406 277.260009765625 15 11.691342951089922 6.750000000000003 11.69134295108992 20.25 1.6532731788489269e-15 27.0 -11.691342951089922 20.25 -11.691342951089924 6.7500000000000036 -22.4016130450216 1.4682792916177352 -24.73134160599235 -10.244057108884022 -16.857569288018645 -19.222373688902366 -4.941342951089933 -18.441342951089922 -6.75 -24.3 6.75 -24.3 4.941342951089912 -18.441342951089926 16.857569288018624 -19.22237368890238 24.73134160599234 -10.244057108884036 22.401613045021595 1.4682792916177219
248.47000122070312 528.5 15 11.691342951089922 6.750000000000003 11.69134295108992 20.25 1.6532731788489269e-15 27.0 -11.691342951089922 20.25 -11.691342951089924 6.7500000000000036 -22.4016130450216 1.4682792916177352 -24.73134160599235 -10.244057108884022 -16.857569288018645 -19.222373688902366 -4.941342951089933 -18.441342951089922 -6.75 -24.3 6.75 -24.3 4.941342951089912 -18.441342951089926 16.857569288018624 -19.22237368890238 24.73134160599234 -10.244057108884036 22.401613045021595 1.4682792916177219
165.83999633789062 360.3500061035156 15 11.691342951089922 6.750000000000003 11.69134295108992 20.25 1.6532731788489269e-15 27.0 -11.691342951089922 20.25 -11.691342951089924 6.7500000000000036 -22.4016130450216 1.4682792916177352 -24.73134160599235 -10.244057108884022 -16.857569288018645 -19.222373688902366 -4.941342951089933 -18.441342951089922 -6.75 -24.3 6.75 -24.3 4.941342951089912 -18.441342951089926 16.857569288018624 -19.22237368890238 24.73134160599234 -10.244057108884036 22.401613045021595 1.4682792916177219
322.1499938964844 431.9800109863281 15 11.691342951089922 6.750000000000003 11.69134295108992 20.25 1.6532731788489269e-15 27.0 -11.691342951089922 20.25 -11.691342951089924 6.7500000000000036 -22.4016130450216 1.4682792916177352 -24.73134160599235 -10.244057108884022 -16.857569288018645 -19.222373688902366 -4.941342951089933 -18.441342951089922 -6.75 -24.3 6.75 -24.3 4.941342951089912 -18.441342951089926 16.857569288018624 -19.22237368890238 24.73134160599234 -10.244057108884036 22.401613045021595 1.4682792916177219
455.2099914550781 391.2799987792969 15 11.691342951089922 6.750000000000003 11.69134295108992 20.25 1.6532731788489269e-15 27.0 -11.691342951089922 20.25 -11.691342951089924 6.7500000000000036 -22.4016130450216 1.4682792916177352 -24.73134160599235 -10.244057108884022 -16.857569288018645 -19.222373688902366 -4.941342951089933 -18.441342951089922 -6.75 -24.3 6.75 -24.3 4.941342951089912 -18.441342951089926 16.857569288018624 -19.22237368890238 24.73134160599234 -10.244057108884036 22.401613045021595 1.4682792916177219
457.1400146484375 292.6400146484375 15 11.691342951089922 6.750000000000003 11.69134295108992 20.25 1.6532731788489269e-15 27.0 -11.691342951089922 20.25 -11.691342951089924 6.7500000000000036 -22.4016130450216 1.4682792916177352 -24.73134160599235 -10.244057108884022 -16.857569288018645 -19.222373688902366 -4.941342951089933 -18.441342951089922 -6.75 -24.3 6.75 -24.3 4.941342951089912 -18.441342951089926 16.857569288018624 -19.22237368890238 24.73134160599234 -10.244057108884036 22.401613045021595 1.4682792916177219
443.9599914550781 353.7900085449219 15 11.691342951089922 6.750000000000003 11.69134295108992 20.25 1.6532731788489269e-15 27.0 -11.691342951089922 20.25 -11.691342951089924 6.7500000000000036 -22.4016130450216 1.4682792916177352 -24.73134160599235 -10.244057108884022 -16.857569288018645 -19.222373688902366 -4.941342951089933 -18.441342951089922 -6.75 -24.3 6.75 -24.3 4.941342951089912 -18.441342951089926 16.857569288018624 -19.22237368890238 24.73134160599234 -10.244057108884036 22.401613045021595 1.4682792916177219
280.69000244140625 314.3399963378906 15 11.691342951089922 6.750000000000003 11.69134295108992 20.25 1.6532731788489269e-15 27.0 -11.691342951089922 20.25 -11.691342951089924 6.7500000000000036 -22.4016130450216 1.4682792916177352 -24.73134160599235 -10.244057108884022 -16.857569288018645 -19.222373688902366 -4.941342951089933 -18.441342951089922 -6.75 -24.3 6.75 -24.3 4.941342951089912 -18.441342951089926 16.857569288018624 -19.22237368890238 24.73134160599234 -10.244057108884036 22.401613045021595 1.4682792916177219
402.6099853515625 242.47999572753906 15 11.691342951089922 6.750000000000003 11.69134295108992 20.25 1.6532731788489269e-15 27.0 -11.691342951089922 20.25 -11.691342951089924 6.7500000000000036 -22.4016130450216 1.4682792916177352 -24.73134160599235 -10.244057108884022 -16.857569288018645 -19.222373688902366 -4.941342951089933 -18.441342951089922 -6.75 -24.3 6.75 -24.3 4.941342951089912 -18.441342951089926 16.857569288018624 -19.22237368890238 24.73134160599234 -10.244057108884036 22.401613045021595 1.4682792916177219
371.17999267578125 404.2200012207031 15 11.691342951089922 6.750000000000003 11.69134295108992 20.25 1.6532731788489269e-15 27.0 -11.691342951089922 20.25 -11.691342951089924 6.7500000000000036 -22.4016130450216 1.4682792916177352 -24.73134160599235 -10.244057108884022 -16.857569288018645 -19.222373688902366 -4.941342951089933 -18.441342951089922 -6.75 -24.3 6.75 -24.3 4.941342951089912 -18.441342951089926 16.857569288018624 -19.22237368890238 24.73134160599234 -10.244057108884036 22.401613045021595 1.4682792916177219
506.2900085449219 338.45001220703125 15 11.691342951089922 6.750000000000003 11.69134295108992 20.25 1.6532731788489269e-15 27.0 -11.691342951089922 20.25 -11.691342951089924 6.7500000000000036 -22.4016130450216 1.4682792916177352 -24.73134160599235 -10.244057108884022 -16.857569288018645 -19.222373688902366 -4.941342951089933 -18.441342951089922 -6.75 -24.3 6.75 -24.3 4.941342951089912 -18.441342951089926 16.857569288018624 -19.22237368890238 24.73134160599234 -10.244057108884036 22.401613045021595 1.4682792916177219
370.94000244140625 274.0799865722656 15 11.691342951089922 6.750000000000003 11.69134295108992 20.25 1.6532731788489269e-15 27.0 -11.691342951089922 20.25 -11.691342951089924 6.7500000000000036 -22.4016130450216 1.4682792916177352 -24.73134160599235 -10.244057108884022 -16.857569288018645 -19.222373688902366 -4.941342951089933 -18.441342951089922 -6.75 -24.3 6.75 -24.3 4.941342951089912 -18.441342951089926 16.857569288018624 -19.22237368890238 24.73134160599234 -10.244057108884036 22.401613045021595 1.4682792916177219
483.489990234375 223.91000366210938 15 11.691342951089922 6.750000000000003 11.69134295108992 20.25 1.6532731788489269e-15 27.0 -11.691342951089922 20.25 -11.691342951089924 6.7500000000000036 -22.4016130450216 1.4682792916177352 -24.73134160599235 -10.244057108884022 -16.857569288018645 -19.222373688902366 -4.941342951089933 -18.441342951089922 -6.75 -24.3 6.75 -24.3 4.941342951089912 -18.441342951089926 16.857569288018624 -19.22237368890238 24.73134160599234 -10.244057108884036 22.401613045021595 1.4682792916177219
648.5700073242188 329.4200134277344 15 11.691342951089922 6.750000000000003 11.69134295108992 20.25 1.6532731788489269e-15 27.0 -11.691342951089922 20.25 -11.691342951089924 6.7500000000000036 -22.4016130450216 1.4682792916177352 -24.73134160599235 -10.244057108884022 -16.857569288018645 -19.222373688902366 -4.941342951089933 -18.441342951089922 -6.75 -24.3 6.75 -24.3 4.941342951089912 -18.441342951089926 16.857569288018624 -19.22237368890238 24.73134160599234 -10.244057108884036 22.401613045021595 1.4682792916177219
374.8399963378906 204.52999877929688 15 11.691342951089922 6.750000000000003 11.69134295108992 20.25 1.6532731788489269e-15 27.0 -11.691342951089922 20.25 -11.691342951089924 6.7500000000000036 -22.4016130450216 1.4682792916177352 -24.73134160599235 -10.244057108884022 -16.857569288018645 -19.222373688902366 -4.941342951089933 -18.441342951089922 -6.75 -24.3 6.75 -24.3 4.941342951089912 -18.441342951089926 16.857569288018624 -19.22237368890238 24.73134160599234 -10.244057108884036 22.401613045021595 1.4682792916177219
289.2200012207031 161.8699951171875 15 11.691342951089922 6.750000000000003 11.69134295108992 20.25 1.6532731788489269e-15 27.0 -11.691342951089922 20.25 -11.691342951089924 6.7500000000000036 -22.4016130450216 1.4682792916177352 -24.73134160599235 -10.244057108884022 -16.857569288018645 -19.222373688902366 -4.941342951089933 -18.441342951089922 -6.75 -24.3 6.75 -24.3 4.941342951089912 -18.441342951089926 16.857569288018624 -19.22237368890238 24.73134160599234 -10.244057108884036 22.401613045021595 1.4682792916177219
288.79998779296875 269.5199890136719 15 11.691342951089922 6.750000000000003 11.69134295108992 20.25 1.6532731788489269e-15 27.0 -11.691342951089922 20.25 -11.691342951089924 6.7500000000000036 -22.4016130450216 1.4682792916177352 -24.73134160599235 -10.244057108884022 -16.857569288018645 -19.222373688902366 -4.941342951089933 -18.441342951089922 -6.75 -24.3 6.75 -24.3 4.941342951089912 -18.441342951089926 16.857569288018624 -19.22237368890238 24.73134160599234 -10.244057108884036 22.401613045021595 1.4682792916177219
616.6900024414062 236.19000244140625 15 11.691342951089922 6.750000000000003 11.69134295108992 20.25 1.6532731788489269e-15 27.0 -11.691342951089922 20.25 -11.691342951089924 6.7500000000000036 -22.4016130450216 1.4682792916177352 -24.73134160599235 -10.244057108884022 -16.857569288018645 -19.222373688902366 -4.941342951089933 -18.441342951089922 -6.75 -24.3 6.75 -24.3 4.941342951089912 -18.441342951089926 16.857569288018624 -19.22237368890238 24.73134160599234 -10.244057108884036 22.401613045021595 1.4682792916177219
508.0400085449219 288.45001220703125 15 11.691342951089922 6.750000000000003 11.69134295108992 20.25 1.6532731788489269e-15 27.0 -11.691342951089922 20.25 -11.691342951089924 6.7500000000000036 -22.4016130450216 1.4682792916177352 -24.73134160599235 -10.244057108884022 -16.857569288018645 -19.222373688902366 -4.941342951089933 -18.441342951089922 -6.75 -24.3 6.75 -24.3 4.941342951089912 -18.441342951089926 16.857569288018624 -19.22237368890238 24.73134160599234 -10.244057108884036 22.401613045021595 1.4682792916177219
626.2899780273438 377.05999755859375 15 11.691342951089922 6.750000000000003 11.69134295108992 20.25 1.6532731788489269e-15 27.0 -11.691342951089922 20.25 -11.691342951089924 6.7500000000000036 -22.4016130450216 1.4682792916177352 -24.73134160599235 -10.244057108884022 -16.857569288018645 -19.222373688902366 -4.941342951089933 -18.441342951089922 -6.75 -24.3 6.75 -24.3 4.941342951089912 -18.441342951089926 16.857569288018624 -19.22237368890238 24.73134160599234 -10.244057108884036 22.401613045021595 1.4682792916177219
731.7000122070312 248.07000732421875 15 11.691342951089922 6.750000000000003 11.69134295108992 20.25 1.6532731788489269e-15 27.0 -11.691342951089922 20.25 -11.691342951089924 6.7500000000000036 -22.4016130450216 1.4682792916177352 -24.73134160599235 -10.244057108884022 -16.857569288018645 -19.222373688902366 -4.941342951089933 -18.441342951089922 -6.75 -24.3 6.75 -24.3 4.941342951089912 -18.441342951089926 16.857569288018624 -19.22237368890238 24.73134160599234 -10.244057108884036 22.401613045021595 1.4682792916177219
352.3800048828125 106.68000030517578 15 11.691342951089922 6.750000000000003 11.69134295108992 20.25 1.6532731788489269e-15 27.0 -11.691342951089922 20.25 -11.691342951089924 6.7500000000000036 -22.4016130450216 1.4682792916177352 -24.73134160599235 -10.244057108884022 -16.857569288018645 -19.222373688902366 -4.941342951089933 -18.441342951089922 -6.75 -24.3 6.75 -24.3 4.941342951089912 -18.441342951089926 16.857569288018624 -19.22237368890238 24.73134160599234 -10.244057108884036 22.401613045021595 1.4682792916177219
499.510009765625 155.77999877929688 15 11.691342951089922 6.750000000000003 11.69134295108992 20.25 1.6532731788489269e-15 27.0 -11.691342951089922 20.25 -11.691342951089924 6.7500000000000036 -22.4016130450216 1.4682792916177352 -24.73134160599235 -10.244057108884022 -16.857569288018645 -19.222373688902366 -4.941342951089933 -18.441342951089922 -6.75 -24.3 6.75 -24.3 4.941342951089912 -18.441342951089926 16.857569288018624 -19.22237368890238 24.73134160599234 -10.244057108884036 22.401613045021595 1.4682792916177219
475.07000732421875 114.3499984741211 15 11.691342951089922 6.750000000000003 11.69134295108992 20.25 1.6532731788489269e-15 27.0 -11.691342951089922 20.25 -11.691342951089924 6.7500000000000036 -22.4016130450216 1.4682792916177352 -24.73134160599235 -10.244057108884022 -16.857569288018645 -19.222373688902366 -4.941342951089933 -18.441342951089922 -6.75 -24.3 6.75 -24.3 4.941342951089912 -18.441342951089926 16.857569288018624 -19.22237368890238 24.73134160599234 -10.244057108884036 22.401613045021595 1.4682792916177219
44.54899978637695 317.0199890136719 15 11.691342951089922 6.750000000000003 11.69134295108992 20.25 1.6532731788489269e-15 27.0 -11.691342951089922 20.25 -11.691342951089924 6.7500000000000036 -22.4016130450216 1.4682792916177352 -24.73134160599235 -10.244057108884022 -16.857569288018645 -19.222373688902366 -4.941342951089933 -18.441342951089922 -6.75 -24.3 6.75 -24.3 4.941342951089912 -18.441342951089926 16.857569288018624 -19.22237368890238 24.73134160599234 -10.244057108884036 22.401613045021595 1.4682792916177219
200.27000427246094 336.67999267578125 15 11.691342951089922 6.750000000000003 11.69134295108992 20.25 1.6532731788489269e-15 27.0 -11.691342951089922 20.25 -11.691342951089924 6.7500000000000036 -22.4016130450216 1.4682792916177352 -24.73134160599235 -10.244057108884022 -16.857569288018645 -19.222373688902366 -4.941342951089933 -18.441342951089922 -6.75 -24.3 6.75 -24.3 4.941342951089912 -18.441342951089926 16.857569288018624 -19.22237368890238 24.73134160599234 -10.244057108884036 22.401613045021595 1.4682792916177219
371.3900146484375 434.1000061035156 15 11.691342951089922 6.750000000000003 11.69134295108992 20.25 1.6532731788489269e-15 27.0 -11.691342951089922 20.25 -11.691342951089924 6.7500000000000036 -22.4016130450216 1.4682792916177352 -24.73134160599235 -10.244057108884022 -16.857569288018645 -19.222373688902366 -4.941342951089933 -18.441342951089922 -6.75 -24.3 6.75 -24.3 4.941342951089912 -18.441342951089926 16.857569288018624 -19.22237368890238 24.73134160599234 -10.244057108884036 22.401613045021595 1.4682792916177219
27.0 218.9199981689453 15 11.691342951089922 6.750000000000003 11.69134295108992 20.25 1.6532731788489269e-15 27.0 -11.691342951089922 20.25 -11.691342951089924 6.7500000000000036 -22.4016130450216 1.4682792916177352 -24.73134160599235 -10.244057108884022 -16.857569288018645 -19.222373688902366 -4.941342951089933 -18.441342951089922 -6.75 -24.3 6.75 -24.3 4.941342951089912 -18.441342951089926 16.857569288018624 -19.22237368890238 24.73134160599234 -10.244057108884036 22.401613045021595 1.4682792916177219
199.72000122070312 230.75999450683594 15 11.691342951089922 6.750000000000003 11.69134295108992 20.25 1.6532731788489269e-15 27.0 -11.691342951089922 20.25 -11.691342951089924 6.7500000000000036 -22.4016130450216 1.4682792916177352 -24.73134160599235 -10.244057108884022 -16.857569288018645 -19.222373688902366 -4.941342951089933 -18.441342951089922 -6.75 -24.3 6.75 -24.3 4.941342951089912 -18.441342951089926 16.857569288018624 -19.22237368890238 24.73134160599234 -10.244057108884036 22.401613045021595 1.4682792916177219
147.99000549316406 251.49000549316406 15 11.691342951089922 6.750000000000003 11.69134295108992 20.25 1.6532731788489269e-15 27.0 -11.691342951089922 20.25 -11.691342951089924 6.7500000000000036 -22.4016130450216 1.4682792916177352 -24.73134160599235 -10.244057108884022 -16.857569288018645 -19.222373688902366 -4.941342951089933 -18.441342951089922 -6.75 -24.3 6.75 -24.3 4.941342951089912 -18.441342951089926 16.857569288018624 -19.22237368890238 24.73134160599234 -10.244057108884036 22.401613045021595 1.4682792916177219
372.5299987792969 546.8499755859375 15 11.691342951089922 6.750000000000003 11.69134295108992 20.25 1.6532731788489269e-15 27.0 -11.691342951089922 20.25 -11.691342951089924 6.7500000000000036 -22.4016130450216 1.4682792916177352 -24.73134160599235 -10.244057108884022 -16.857569288018645 -19.222373688902366 -4.941342951089933 -18.441342951089922 -6.75 -24.3 6.75 -24.3 4.941342951089912 -18.441342951089926 16.857569288018624 -19.22237368890238 24.73134160599234 -10.244057108884036 22.401613045021595 1.4682792916177219
172.9600067138672 140.19000244140625 15 11.691342951089922 6.750000000000003 11.69134295108992 20.25 1.6532731788489269e-15 27.0 -11.691342951089922 20.25 -11.691342951089924 6.7500000000000036 -22.4016130450216 1.4682792916177352 -24.73134160599235 -10.244057108884022 -16.857569288018645 -19.222373688902366 -4.941342951089933 -18.441342951089922 -6.75 -24.3 6.75 -24.3 4.941342951089912 -18.441342951089926 16.857569288018624 -19.22237368890238 24.73134160599234 -10.244057108884036 22.401613045021595 1.4682792916177219
258.6199951171875 420.1199951171875 15 11.691342951089922 6.750000000000003 11.69134295108992 20.25 1.6532731788489269e-15 27.0 -11.691342951089922 20.25 -11.691342951089924 6.7500000000000036 -22.4016130450216 1.4682792916177352 -24.73134160599235 -10.244057108884022 -16.857569288018645 -19.222373688902366 -4.941342951089933 -18.441342951089922 -6.75 -24.3 6.75 -24.3 4.941342951089912 -18.441342951089926 16.857569288018624 -19.22237368890238 24.73134160599234 -10.244057108884036 22.401613045021595 1.4682792916177219
316.5199890136719 531.8699951171875 15 11.691342951089922 6.750000000000003 11.69134295108992 20.25 1.6532731788489269e-15 27.0 -11.691342951089922 20.25 -11.691342951089924 6.7500000000000036 -22.4016130450216 1.4682792916177352 -24.73134160599235 -10.244057108884022 -16.857569288018645 -19.222373688902366 -4.941342951089933 -18.441342951089922 -6.75 -24.3 6.75 -24.3 4.941342951089912 -18.441342951089926 16.857569288018624 -19.22237368890238 24.73134160599234 -10.244057108884036 22.401613045021595 1.4682792916177219
330.2799987792969 339.1400146484375 15 11.691342951089922 6.750000000000003 11.69134295108992 20.25 1.6532731788489269e-15 27.0 -11.691342951089922 20.25 -11.691342951089924 6.7500000000000036 -22.4016130450216 1.4682792916177352 -24.73134160599235 -10.244057108884022 -16.857569288018645 -19.222373688902366 -4.941342951089933 -18.441342951089922 -6.75 -24.3 6.75 -24.3 4.941342951089912 -18.441342951089926 16.857569288018624 -19.22237368890238 24.73134160599234 -10.244057108884036 22.401613045021595 1.4682792916177219
366.5299987792969 637.2999877929688 15 11.691342951089922 6.750000000000003 11.69134295108992 20.25 1.6532731788489269e-15 27.0 -11.691342951089922 20.25 -11.691342951089924 6.7500000000000036 -22.4016130450216 1.4682792916177352 -24.73134160599235 -10.244057108884022 -16.857569288018645 -19.222373688902366 -4.941342951089933 -18.441342951089922 -6.75 -24.3 6.75 -24.3 4.941342951089912 -18.441342951089926 16.857569288018624 -19.22237368890238 24.73134160599234 -10.244057108884036 22.401613045021595 1.4682792916177219
403.7200012207031 524.4299926757812 15 11.691342951089922 6.750000000000003 11.69134295108992 20.25 1.6532731788489269e-15 27.0 -11.691342951089922 20.25 -11.691342951089924 6.7500000000000036 -22.4016130450216 1.4682792916177352 -24.73134160599235 -10.244057108884022 -16.857569288018645 -19.222373688902366 -4.941342951089933 -18.441342951089922 -6.75 -24.3 6.75 -24.3 4.941342951089912 -18.441342951089926 16.857569288018624 -19.22237368890238 24.73134160599234 -10.244057108884036 22.401613045021595 1.4682792916177219
296.30999755859375 395.5299987792969 15 11.691342951089922 6.750000000000003 11.69134295108992 20.25 1.6532731788489269e-15 27.0 -11.691342951089922 20.25 -11.691342951089924 6.7500000000000036 -22.4016130450216 1.4682792916177352 -24.73134160599235 -10.244057108884022 -16.857569288018645 -19.222373688902366 -4.941342951089933 -18.441342951089922 -6.75 -24.3 6.75 -24.3 4.941342951089912 -18.441342951089926 16.857569288018624 -19.22237368890238 24.73134160599234 -10.244057108884036 22.401613045021595 1.4682792916177219
578.6400146484375 414.05999755859375 15 11.691342951089922 6.750000000000003 11.69134295108992 20.25 1.6532731788489269e-15 27.0 -11.691342951089922 20.25 -11.691342951089924 6.7500000000000036 -22.4016130450216 1.4682792916177352 -24.73134160599235 -10.244057108884022 -16.857569288018645 -19.222373688902366 -4.941342951089933 -18.441342951089922 -6.75 -24.3 6.75 -24.3 4.941342951089912 -18.441342951089926 16.857569288018624 -19.22237368890238 24.73134160599234 -10.244057108884036 22.401613045021595 1.4682792916177219
732.6900024414062 486.6400146484375 15 11.691342951089922 6.750000000000003 11.69134295108992 20.25 1.6532731788489269e-15 27.0 -11.691342951089922 20.25 -11.691342951089924 6.7500000000000036 -22.4016130450216 1.4682792916177352 -24.73134160599235 -10.244057108884022 -16.857569288018645 -19.222373688902366 -4.941342951089933 -18.441342951089922 -6.75 -24.3 6.75 -24.3 4.941342951089912 -18.441342951089926 16.857569288018624 -19.22237368890238 24.73134160599234 -10.244057108884036 22.401613045021595 1.4682792916177219
789.5399780273438 419.8599853515625 15 11.691342951089922 6.750000000000003 11.69134295108992 20.25 1.6532731788489269e-15 27.0 -11.691342951089922 20.25 -11.691342951089924 6.7500000000000036 -22.4016130450216 1.4682792916177352 -24.73134160599235 -10.244057108884022 -16.857569288018645 -19.222373688902366 -4.941342951089933 -18.441342951089922 -6.75 -24.3 6.75 -24.3 4.941342951089912 -18.441342951089926 16.857569288018624 -19.22237368890238 24.73134160599234 -10.244057108884036 22.401613045021595 1.4682792916177219
727.719970703125 357.2200012207031 15 11.691342951089922 6.750000000000003 11.69134295108992 20.25 1.6532731788489269e-15 27.0 -11.691342951089922 20.25 -11.691342951089924 6.7500000000000036 -22.4016130450216 1.4682792916177352 -24.73134160599235 -10.244057108884022 -16.857569288018645 -19.222373688902366 -4.941342951089933 -18.441342951089922 -6.75 -24.3 6.75 -24.3 4.941342951089912 -18.441342951089926 16.857569288018624 -19.22237368890238 24.73134160599234 -10.244057108884036 22.401613045021595 1.4682792916177219
774.7000122070312 241.2100067138672 15 11.691342951089922 6.750000000000003 11.69134295108992 20.25 1.6532731788489269e-15 27.0 -11.691342951089922 20.25 -11.691342951089924 6.7500000000000036 -22.4016130450216 1.4682792916177352 -24.73134160599235 -10.244057108884022 -16.857569288018645 -19.222373688902366 -4.941342951089933 -18.441342951089922 -6.75 -24.3 6.75 -24.3 4.941342951089912 -18.441342951089926 16.857569288018624 -19.22237368890238 24.73134160599234 -10.244057108884036 22.401613045021595 1.4682792916177219
543.6799926757812 135.33999633789062 15 11.691342951089922 6.750000000000003 11.69134295108992 20.25 1.6532731788489269e-15 27.0 -11.691342951089922 20.25 -11.691342951089924 6.7500000000000036 -22.4016130450216 1.4682792916177352 -24.73134160599235 -10.244057108884022 -16.857569288018645 -19.222373688902366 -4.941342951089933 -18.441342951089922 -6.75 -24.3 6.75 -24.3 4.941342951089912 -18.441342951089926 16.857569288018624 -19.22237368890238 24.73134160599234 -10.244057108884036 22.401613045021595 1.4682792916177219
223.1199951171875 18.0 15 11.691342951089922 6.750000000000003 11.69134295108992 20.25 1.6532731788489269e-15 27.0 -11.691342951089922 20.25 -11.691342951089924 6.7500000000000036 -22.4016130450216 1.4682792916177352 -24.73134160599235 -10.244057108884022 -16.857569288018645 -19.222373688902366 -4.941342951089933 -18.441342951089922 -6.75 -24.3 6.75 -24.3 4.941342951089912 -18.441342951089926 16.857569288018624 -19.22237368890238 24.73134160599234 -10.244057108884036 22.401613045021595 1.4682792916177219
282.239990234375 61.85100173950195 15 11.691342951089922 6.750000000000003 11.69134295108992 20.25 1.6532731788489269e-15 27.0 -11.691342951089922 20.25 -11.691342951089924 6.7500000000000036 -22.4016130450216 1.4682792916177352 -24.73134160599235 -10.244057108884022 -16.857569288018645 -19.222373688902366 -4.941342951089933 -18.441342951089922 -6.75 -24.3 6.75 -24.3 4.941342951089912 -18.441342951089926 16.857569288018624 -19.22237368890238 24.73134160599234 -10.244057108884036 22.401613045021595 1.4682792916177219
289.42999267578125 225.47999572753906 15 11.691342951089922 6.750000000000003 11.69134295108992 20.25 1.6532731788489269e-15 27.0 -11.691342951089922 20.25 -11.691342951089924 6.7500000000000036 -22.4016130450216 1.4682792916177352 -24.73134160599235 -10.244057108884022 -16.857569288018645 -19.222373688902366 -4.941342951089933 -18.441342951089922 -6.75 -24.3 6.75 -24.3 4.941342951089912 -18.441342951089926 16.857569288018624 -19.22237368890238 24.73134160599234 -10.244057108884036 22.401613045021595 1.4682792916177219
