1000
702.0 550.0 4 -10.0 -5.0 -10.0 5.0 10.0 5.0 10.0 -5.0
560.0 614.0 4 -10.0 -5.0 -10.0 5.0 10.0 5.0 10.0 -5.0
834.0 488.0 4 -10.0 -5.0 -10.0 5.0 10.0 5.0 10.0 -5.0
539.0 653.0 4 -10.0 -5.0 -10.0 5.0 10.0 5.0 10.0 -5.0
539.0 541.0 4 -10.0 -5.0 -10.0 5.0 10.0 5.0 10.0 -5.0
957.0 427.0 4 -10.0 -5.0 -10.0 5.0 10.0 5.0 10.0 -5.0
434.0 628.0 4 -10.0 -5.0 -10.0 5.0 10.0 5.0 10.0 -5.0
550.0 755.0 4 -10.0 -5.0 -10.0 5.0 10.0 5.0 10.0 -5.0
487.0 535.0 4 -10.0 -5.0 -10.0 5.0 10.0 5.0 10.0 -5.0
1075.0 367.0 4 -10.0 -5.0 -10.0 5.0 10.0 5.0 10.0 -5.0
1160.0 370.0 4 -10.0 -5.0 -10.0 5.0 10.0 5.0 10.0 -5.0
1226.0 364.0 4 -10.0 -5.0 -10.0 5.0 10.0 5.0 10.0 -5.0
530.0 688.0 4 -10.0 -5.0 -10.0 5.0 10.0 5.0 10.0 -5.0
737.0 496.0 4 -10.0 -5.0 -10.0 5.0 10.0 5.0 10.0 -5.0
522.0 468.0 4 -10.0 -5.0 -10.0 5.0 10.0 5.0 10.0 -5.0
765.0 469.0 4 -10.0 -5.0 -10.0 5.0 10.0 5.0 10.0 -5.0
516.0 676.0 4 -10.0 -5.0 -10.0 5.0 10.0 5.0 10.0 -5.0
329.0 656.0 4 -10.0 -5.0 -10.0 5.0 10.0 5.0 10.0 -5.0
582.0 558.0 4 -10.0 -5.0 -10.0 5.0 10.0 5.0 10.0 -5.0
358.0 598.0 4 -10.0 -5.0 -10.0 5.0 10.0 5.0 10.0 -5.0
554.0 795.0 4 -10.0 -5.0 -10.0 5.0 10.0 5.0 10.0 -5.0
416.0 456.0 4 -10.0 -5.0 -10.0 5.0 10.0 5.0 10.0 -5.0
266.0 701.0 4 -10.0 -5.0 -10.0 5.0 10.0 5.0 10.0 -5.0
548.0 883.0 4 -10.0 -5.0 -10.0 5.0 10.0 5.0 10.0 -5.0
359.0 385.0 4 -10.0 -5.0 -10.0 5.0 10.0 5.0 10.0 -5.0
535.0 716.0 4 -10.0 -5.0 -10.0 5.0 10.0 5.0 10.0 -5.0
591.0 495.0 4 -10.0 -5.0 -10.0 5.0 10.0 5.0 10.0 -5.0
211.0 739.0 4 -10.0 -5.0 -10.0 5.0 10.0 5.0 10.0 -5.0
512.0 815.0 4 -10.0 -5.0 -10.0 5.0 10.0 5.0 10.0 -5.0
545.0 1009.0 4 -10.0 -5.0 -10.0 5.0 10.0 5.0 10.0 -5.0
554.0 827.0 4 -10.0 -5.0 -10.0 5.0 10.0 5.0 10.0 -5.0
1168.0 308.0 4 -10.0 -5.0 -10.0 5.0 10.0 5.0 10.0 -5.0
1215.0 395.0 4 -10.0 -5.0 -10.0 5.0 10.0 5.0 10.0 -5.0
241.0 652.0 4 -10.0 -5.0 -10.0 5.0 10.0 5.0 10.0 -5.0
308.0 595.0 4 -10.0 -5.0 -10.0 5.0 10.0 5.0 10.0 -5.0
1195.0 350.0 4 -10.0 -5.0 -10.0 5.0 10.0 5.0 10.0 -5.0
506.0 397.0 4 -10.0 -5.0 -10.0 5.0 10.0 5.0 10.0 -5.0
473.0 869.0 4 -10.0 -5.0 -10.0 5.0 10.0 5.0 10.0 -5.0
555.0 1098.0 4 -10.0 -5.0 -10.0 5.0 10.0 5.0 10.0 -5.0
735.0 538.0 4 -10.0 -5.0 -10.0 5.0 10.0 5.0 10.0 -5.0
1289.0 358.0 4 -10.0 -5.0 -10.0 5.0 10.0 5.0 10.0 -5.0
493.0 694.0 4 -10.0 -5.0 -10.0 5.0 10.0 5.0 10.0 -5.0
754.0 574.0 4 -10.0 -5.0 -10.0 5.0 10.0 5.0 10.0 -5.0
596.0 433.0 4 -10.0 -5.0 -10.0 5.0 10.0 5.0 10.0 -5.0
557.0 1052.0 4 -10.0 -5.0 -10.0 5.0 10.0 5.0 10.0 -5.0
495.0 335.0 4 -10.0 -5.0 -10.0 5.0 10.0 5.0 10.0 -5.0
565.0 1182.0 4 -10.0 -5.0 -10.0 5.0 10.0 5.0 10.0 -5.0
1231.0 339.0 4 -10.0 -5.0 -10.0 5.0 10.0 5.0 10.0 -5.0
513.0 529.0 4 -10.0 -5.0 -10.0 5.0 10.0 5.0 10.0 -5.0
603.0 374.0 4 -10.0 -5.0 -10.0 5.0 10.0 5.0 10.0 -5.0
436.0 917.0 4 -10.0 -5.0 -10.0 5.0 10.0 5.0 10.0 -5.0
535.0 736.0 4 -10.0 -5.0 -10.0 5.0 10.0 5.0 10.0 -5.0
396.0 660.0 4 -10.0 -5.0 -10.0 5.0 10.0 5.0 10.0 -5.0
569.0 1084.0 4 -10.0 -5.0 -10.0 5.0 10.0 5.0 10.0 -5.0
765.0 445.0 4 -10.0 -5.0 -10.0 5.0 10.0 5.0 10.0 -5.0
493.0 293.0 4 -10.0 -5.0 -10.0 5.0 10.0 5.0 10.0 -5.0
1313.0 343.0 4 -10.0 -5.0 -10.0 5.0 10.0 5.0 10.0 -5.0
365.0 659.0 4 -10.0 -5.0 -10.0 5.0 10.0 5.0 10.0 -5.0
162.0 763.0 4 -10.0 -5.0 -10.0 5.0 10.0 5.0 10.0 -5.0
574.0 1231.0 4 -10.0 -5.0 -10.0 5.0 10.0 5.0 10.0 -5.0
504.0 366.0 4 -10.0 -5.0 -10.0 5.0 10.0 5.0 10.0 -5.0
791.0 402.0 4 -10.0 -5.0 -10.0 5.0 10.0 5.0 10.0 -5.0
1257.0 255.0 4 -10.0 -5.0 -10.0 5.0 10.0 5.0 10.0 -5.0
176.0 638.0 4 -10.0 -5.0 -10.0 5.0 10.0 5.0 10.0 -5.0
271.0 601.0 4 -10.0 -5.0 -10.0 5.0 10.0 5.0 10.0 -5.0
495.0 362.0 4 -10.0 -5.0 -10.0 5.0 10.0 5.0 10.0 -5.0
1330.0 218.0 4 -10.0 -5.0 -10.0 5.0 10.0 5.0 10.0 -5.0
876.0 479.0 4 -10.0 -5.0 -10.0 5.0 10.0 5.0 10.0 -5.0
573.0 1054.0 4 -10.0 -5.0 -10.0 5.0 10.0 5.0 10.0 -5.0
1109.0 312.0 4 -10.0 -5.0 -10.0 5.0 10.0 5.0 10.0 -5.0
481.0 283.0 4 -10.0 -5.0 -10.0 5.0 10.0 5.0 10.0 -5.0
180.0 768.0 4 -10.0 -5.0 -10.0 5.0 10.0 5.0 10.0 -5.0
504.0 443.0 4 -10.0 -5.0 -10.0 5.0 10.0 5.0 10.0 -5.0
610.0 334.0 4 -10.0 -5.0 -10.0 5.0 10.0 5.0 10.0 -5.0
571.0 1246.0 4 -10.0 -5.0 -10.0 5.0 10.0 5.0 10.0 -5.0
305.0 580.0 4 -10.0 -5.0 -10.0 5.0 10.0 5.0 10.0 -5.0
555.0 853.0 4 -10.0 -5.0 -10.0 5.0 10.0 5.0 10.0 -5.0
313.0 328.0 4 -10.0 -5.0 -10.0 5.0 10.0 5.0 10.0 -5.0
423.0 942.0 4 -10.0 -5.0 -10.0 5.0 10.0 5.0 10.0 -5.0
575.0 1309.0 4 -10.0 -5.0 -10.0 5.0 10.0 5.0 10.0 -5.0
759.0 520.0 4 -10.0 -5.0 -10.0 5.0 10.0 5.0 10.0 -5.0
580.0 1343.0 4 -10.0 -5.0 -10.0 5.0 10.0 5.0 10.0 -5.0
384.0 679.0 4 -10.0 -5.0 -10.0 5.0 10.0 5.0 10.0 -5.0
402.0 961.0 4 -10.0 -5.0 -10.0 5.0 10.0 5.0 10.0 -5.0
512.0 851.0 4 -10.0 -5.0 -10.0 5.0 10.0 5.0 10.0 -5.0
513.0 720.0 4 -10.0 -5.0 -10.0 5.0 10.0 5.0 10.0 -5.0
1183.0 390.0 4 -10.0 -5.0 -10.0 5.0 10.0 5.0 10.0 -5.0
335.0 657.0 4 -10.0 -5.0 -10.0 5.0 10.0 5.0 10.0 -5.0
377.0 664.0 4 -10.0 -5.0 -10.0 5.0 10.0 5.0 10.0 -5.0
605.0 595.0 4 -10.0 -5.0 -10.0 5.0 10.0 5.0 10.0 -5.0
520.0 1092.0 4 -10.0 -5.0 -10.0 5.0 10.0 5.0 10.0 -5.0
585.0 578.0 4 -10.0 -5.0 -10.0 5.0 10.0 5.0 10.0 -5.0
584.0 1270.0 4 -10.0 -5.0 -10.0 5.0 10.0 5.0 10.0 -5.0
272.0 283.0 4 -10.0 -5.0 -10.0 5.0 10.0 5.0 10.0 -5.0
594.0 402.0 4 -10.0 -5.0 -10.0 5.0 10.0 5.0 10.0 -5.0
376.0 998.0 4 -10.0 -5.0 -10.0 5.0 10.0 5.0 10.0 -5.0
1256.0 417.0 4 -10.0 -5.0 -10.0 5.0 10.0 5.0 10.0 -5.0
786.0 424.0 4 -10.0 -5.0 -10.0 5.0 10.0 5.0 10.0 -5.0
777.0 408.0 4 -10.0 -5.0 -10.0 5.0 10.0 5.0 10.0 -5.0
602.0 1097.0 4 -10.0 -5.0 -10.0 5.0 10.0 5.0 10.0 -5.0
761.0 533.0 4 -10.0 -5.0 -10.0 5.0 10.0 5.0 10.0 -5.0
269.0 584.0 4 -10.0 -5.0 -10.0 5.0 10.0 5.0 10.0 -5.0
1332.0 368.0 4 -10.0 -5.0 -10.0 5.0 10.0 5.0 10.0 -5.0
287.0 284.0 4 -10.0 -5.0 -10.0 5.0 10.0 5.0 10.0 -5.0
604.0 628.0 4 -10.0 -5.0 -10.0 5.0 10.0 5.0 10.0 -5.0
519.0 1138.0 4 -10.0 -5.0 -10.0 5.0 10.0 5.0 10.0 -5.0
124.0 780.0 4 -10.0 -5.0 -10.0 5.0 10.0 5.0 10.0 -5.0
285.0 671.0 4 -10.0 -5.0 -10.0 5.0 10.0 5.0 10.0 -5.0
790.0 377.0 4 -10.0 -5.0 -10.0 5.0 10.0 5.0 10.0 -5.0
1259.0 407.0 4 -10.0 -5.0 -10.0 5.0 10.0 5.0 10.0 -5.0
795.0 594.0 4 -10.0 -5.0 -10.0 5.0 10.0 5.0 10.0 -5.0
334.0 582.0 4 -10.0 -5.0 -10.0 5.0 10.0 5.0 10.0 -5.0
393.0 446.0 4 -10.0 -5.0 -10.0 5.0 10.0 5.0 10.0 -5.0
993.0 405.0 4 -10.0 -5.0 -10.0 5.0 10.0 5.0 10.0 -5.0
494.0 1166.0 4 -10.0 -5.0 -10.0 5.0 10.0 5.0 10.0 -5.0
492.0 329.0 4 -10.0 -5.0 -10.0 5.0 10.0 5.0 10.0 -5.0
258.0 691.0 4 -10.0 -5.0 -10.0 5.0 10.0 5.0 10.0 -5.0
397.0 408.0 4 -10.0 -5.0 -10.0 5.0 10.0 5.0 10.0 -5.0
561.0 1129.0 4 -10.0 -5.0 -10.0 5.0 10.0 5.0 10.0 -5.0
1022.0 402.0 4 -10.0 -5.0 -10.0 5.0 10.0 5.0 10.0 -5.0
244.0 259.0 4 -10.0 -5.0 -10.0 5.0 10.0 5.0 10.0 -5.0
1218.0 349.0 4 -10.0 -5.0 -10.0 5.0 10.0 5.0 10.0 -5.0
1132.0 296.0 4 -10.0 -5.0 -10.0 5.0 10.0 5.0 10.0 -5.0
562.0 1087.0 4 -10.0 -5.0 -10.0 5.0 10.0 5.0 10.0 -5.0
534.0 627.0 4 -10.0 -5.0 -10.0 5.0 10.0 5.0 10.0 -5.0
380.0 360.0 4 -10.0 -5.0 -10.0 5.0 10.0 5.0 10.0 -5.0
1137.0 259.0 4 -10.0 -5.0 -10.0 5.0 10.0 5.0 10.0 -5.0
1303.0 230.0 4 -10.0 -5.0 -10.0 5.0 10.0 5.0 10.0 -5.0
598.0 542.0 4 -10.0 -5.0 -10.0 5.0 10.0 5.0 10.0 -5.0
178.0 655.0 4 -10.0 -5.0 -10.0 5.0 10.0 5.0 10.0 -5.0
363.0 428.0 4 -10.0 -5.0 -10.0 5.0 10.0 5.0 10.0 -5.0
518.0 1180.0 4 -10.0 -5.0 -10.0 5.0 10.0 5.0 10.0 -5.0
1309.0 213.0 4 -10.0 -5.0 -10.0 5.0 10.0 5.0 10.0 -5.0
563.0 792.0 4 -10.0 -5.0 -10.0 5.0 10.0 5.0 10.0 -5.0
994.0 423.0 4 -10.0 -5.0 -10.0 5.0 10.0 5.0 10.0 -5.0
235.0 245.0 4 -10.0 -5.0 -10.0 5.0 10.0 5.0 10.0 -5.0
1187.0 357.0 4 -10.0 -5.0 -10.0 5.0 10.0 5.0 10.0 -5.0
721.0 536.0 4 -10.0 -5.0 -10.0 5.0 10.0 5.0 10.0 -5.0
314.0 406.0 4 -10.0 -5.0 -10.0 5.0 10.0 5.0 10.0 -5.0
1352.0 175.0 4 -10.0 -5.0 -10.0 5.0 10.0 5.0 10.0 -5.0
730.0 521.0 4 -10.0 -5.0 -10.0 5.0 10.0 5.0 10.0 -5.0
502.0 878.0 4 -10.0 -5.0 -10.0 5.0 10.0 5.0 10.0 -5.0
565.0 1216.0 4 -10.0 -5.0 -10.0 5.0 10.0 5.0 10.0 -5.0
1325.0 350.0 4 -10.0 -5.0 -10.0 5.0 10.0 5.0 10.0 -5.0
131.0 655.0 4 -10.0 -5.0 -10.0 5.0 10.0 5.0 10.0 -5.0
1149.0 220.0 4 -10.0 -5.0 -10.0 5.0 10.0 5.0 10.0 -5.0
154.0 788.0 4 -10.0 -5.0 -10.0 5.0 10.0 5.0 10.0 -5.0
1331.0 346.0 4 -10.0 -5.0 -10.0 5.0 10.0 5.0 10.0 -5.0
1368.0 344.0 4 -10.0 -5.0 -10.0 5.0 10.0 5.0 10.0 -5.0
360.0 664.0 4 -10.0 -5.0 -10.0 5.0 10.0 5.0 10.0 -5.0
353.0 1018.0 4 -10.0 -5.0 -10.0 5.0 10.0 5.0 10.0 -5.0
878.0 498.0 4 -10.0 -5.0 -10.0 5.0 10.0 5.0 10.0 -5.0
341.0 351.0 4 -10.0 -5.0 -10.0 5.0 10.0 5.0 10.0 -5.0
1370.0 373.0 4 -10.0 -5.0 -10.0 5.0 10.0 5.0 10.0 -5.0
593.0 657.0 4 -10.0 -5.0 -10.0 5.0 10.0 5.0 10.0 -5.0
875.0 461.0 4 -10.0 -5.0 -10.0 5.0 10.0 5.0 10.0 -5.0
615.0 648.0 4 -10.0 -5.0 -10.0 5.0 10.0 5.0 10.0 -5.0
305.0 568.0 4 -10.0 -5.0 -10.0 5.0 10.0 5.0 10.0 -5.0
419.0 938.0 4 -10.0 -5.0 -10.0 5.0 10.0 5.0 10.0 -5.0
505.0 506.0 4 -10.0 -5.0 -10.0 5.0 10.0 5.0 10.0 -5.0
1129.0 287.0 4 -10.0 -5.0 -10.0 5.0 10.0 5.0 10.0 -5.0
1353.0 332.0 4 -10.0 -5.0 -10.0 5.0 10.0 5.0 10.0 -5.0
911.0 438.0 4 -10.0 -5.0 -10.0 5.0 10.0 5.0 10.0 -5.0
364.0 326.0 4 -10.0 -5.0 -10.0 5.0 10.0 5.0 10.0 -5.0
139.0 646.0 4 -10.0 -5.0 -10.0 5.0 10.0 5.0 10.0 -5.0
943.0 428.0 4 -10.0 -5.0 -10.0 5.0 10.0 5.0 10.0 -5.0
505.0 1206.0 4 -10.0 -5.0 -10.0 5.0 10.0 5.0 10.0 -5.0
861.0 465.0 4 -10.0 -5.0 -10.0 5.0 10.0 5.0 10.0 -5.0
364.0 694.0 4 -10.0 -5.0 -10.0 5.0 10.0 5.0 10.0 -5.0
100.0 791.0 4 -10.0 -5.0 -10.0 5.0 10.0 5.0 10.0 -5.0
408.0 637.0 4 -10.0 -5.0 -10.0 5.0 10.0 5.0 10.0 -5.0
146.0 621.0 4 -10.0 -5.0 -10.0 5.0 10.0 5.0 10.0 -5.0
336.0 725.0 4 -10.0 -5.0 -10.0 5.0 10.0 5.0 10.0 -5.0
1179.0 354.0 4 -10.0 -5.0 -10.0 5.0 10.0 5.0 10.0 -5.0
471.0 1232.0 4 -10.0 -5.0 -10.0 5.0 10.0 5.0 10.0 -5.0
346.0 302.0 4 -10.0 -5.0 -10.0 5.0 10.0 5.0 10.0 -5.0
1299.0 416.0 4 -10.0 -5.0 -10.0 5.0 10.0 5.0 10.0 -5.0
474.0 241.0 4 -10.0 -5.0 -10.0 5.0 10.0 5.0 10.0 -5.0
362.0 685.0 4 -10.0 -5.0 -10.0 5.0 10.0 5.0 10.0 -5.0
1291.0 429.0 4 -10.0 -5.0 -10.0 5.0 10.0 5.0 10.0 -5.0
1166.0 217.0 4 -10.0 -5.0 -10.0 5.0 10.0 5.0 10.0 -5.0
330.0 405.0 4 -10.0 -5.0 -10.0 5.0 10.0 5.0 10.0 -5.0
832.0 610.0 4 -10.0 -5.0 -10.0 5.0 10.0 5.0 10.0 -5.0
455.0 1290.0 4 -10.0 -5.0 -10.0 5.0 10.0 5.0 10.0 -5.0
440.0 1343.0 4 -10.0 -5.0 -10.0 5.0 10.0 5.0 10.0 -5.0
1331.0 428.0 4 -10.0 -5.0 -10.0 5.0 10.0 5.0 10.0 -5.0
600.0 331.0 4 -10.0 -5.0 -10.0 5.0 10.0 5.0 10.0 -5.0
596.0 291.0 4 -10.0 -5.0 -10.0 5.0 10.0 5.0 10.0 -5.0
1192.0 176.0 4 -10.0 -5.0 -10.0 5.0 10.0 5.0 10.0 -5.0
283.0 580.0 4 -10.0 -5.0 -10.0 5.0 10.0 5.0 10.0 -5.0
212.0 219.0 4 -10.0 -5.0 -10.0 5.0 10.0 5.0 10.0 -5.0
314.0 755.0 4 -10.0 -5.0 -10.0 5.0 10.0 5.0 10.0 -5.0
1212.0 138.0 4 -10.0 -5.0 -10.0 5.0 10.0 5.0 10.0 -5.0
1361.0 360.0 4 -10.0 -5.0 -10.0 5.0 10.0 5.0 10.0 -5.0
488.0 310.0 4 -10.0 -5.0 -10.0 5.0 10.0 5.0 10.0 -5.0
465.0 897.0 4 -10.0 -5.0 -10.0 5.0 10.0 5.0 10.0 -5.0
565.0 1076.0 4 -10.0 -5.0 -10.0 5.0 10.0 5.0 10.0 -5.0
800.0 400.0 4 -10.0 -5.0 -10.0 5.0 10.0 5.0 10.0 -5.0
1327.0 413.0 4 -10.0 -5.0 -10.0 5.0 10.0 5.0 10.0 -5.0
133.0 628.0 4 -10.0 -5.0 -10.0 5.0 10.0 5.0 10.0 -5.0
346.0 580.0 4 -10.0 -5.0 -10.0 5.0 10.0 5.0 10.0 -5.0
498.0 425.0 4 -10.0 -5.0 -10.0 5.0 10.0 5.0 10.0 -5.0
607.0 468.0 4 -10.0 -5.0 -10.0 5.0 10.0 5.0 10.0 -5.0
307.0 679.0 4 -10.0 -5.0 -10.0 5.0 10.0 5.0 10.0 -5.0
491.0 736.0 4 -10.0 -5.0 -10.0 5.0 10.0 5.0 10.0 -5.0
632.0 591.0 4 -10.0 -5.0 -10.0 5.0 10.0 5.0 10.0 -5.0
781.0 589.0 4 -10.0 -5.0 -10.0 5.0 10.0 5.0 10.0 -5.0
318.0 345.0 4 -10.0 -5.0 -10.0 5.0 10.0 5.0 10.0 -5.0
192.0 761.0 4 -10.0 -5.0 -10.0 5.0 10.0 5.0 10.0 -5.0
803.0 607.0 4 -10.0 -5.0 -10.0 5.0 10.0 5.0 10.0 -5.0
594.0 1298.0 4 -10.0 -5.0 -10.0 5.0 10.0 5.0 10.0 -5.0
249.0 679.0 4 -10.0 -5.0 -10.0 5.0 10.0 5.0 10.0 -5.0
606.0 649.0 4 -10.0 -5.0 -10.0 5.0 10.0 5.0 10.0 -5.0
720.0 563.0 4 -10.0 -5.0 -10.0 5.0 10.0 5.0 10.0 -5.0
268.0 259.0 4 -10.0 -5.0 -10.0 5.0 10.0 5.0 10.0 -5.0
292.0 685.0 4 -10.0 -5.0 -10.0 5.0 10.0 5.0 10.0 -5.0
577.0 533.0 4 -10.0 -5.0 -10.0 5.0 10.0 5.0 10.0 -5.0
374.0 706.0 4 -10.0 -5.0 -10.0 5.0 10.0 5.0 10.0 -5.0
597.0 256.0 4 -10.0 -5.0 -10.0 5.0 10.0 5.0 10.0 -5.0
778.0 452.0 4 -10.0 -5.0 -10.0 5.0 10.0 5.0 10.0 -5.0
557.0 1132.0 4 -10.0 -5.0 -10.0 5.0 10.0 5.0 10.0 -5.0
206.0 212.0 4 -10.0 -5.0 -10.0 5.0 10.0 5.0 10.0 -5.0
400.0 439.0 4 -10.0 -5.0 -10.0 5.0 10.0 5.0 10.0 -5.0
233.0 698.0 4 -10.0 -5.0 -10.0 5.0 10.0 5.0 10.0 -5.0
1291.0 235.0 4 -10.0 -5.0 -10.0 5.0 10.0 5.0 10.0 -5.0
253.0 562.0 4 -10.0 -5.0 -10.0 5.0 10.0 5.0 10.0 -5.0
371.0 324.0 4 -10.0 -5.0 -10.0 5.0 10.0 5.0 10.0 -5.0
1326.0 425.0 4 -10.0 -5.0 -10.0 5.0 10.0 5.0 10.0 -5.0
289.0 331.0 4 -10.0 -5.0 -10.0 5.0 10.0 5.0 10.0 -5.0
587.0 1076.0 4 -10.0 -5.0 -10.0 5.0 10.0 5.0 10.0 -5.0
796.0 587.0 4 -10.0 -5.0 -10.0 5.0 10.0 5.0 10.0 -5.0
620.0 301.0 4 -10.0 -5.0 -10.0 5.0 10.0 5.0 10.0 -5.0
277.0 394.0 4 -10.0 -5.0 -10.0 5.0 10.0 5.0 10.0 -5.0
575.0 1346.0 4 -10.0 -5.0 -10.0 5.0 10.0 5.0 10.0 -5.0
604.0 676.0 4 -10.0 -5.0 -10.0 5.0 10.0 5.0 10.0 -5.0
567.0 823.0 4 -10.0 -5.0 -10.0 5.0 10.0 5.0 10.0 -5.0
565.0 593.0 4 -10.0 -5.0 -10.0 5.0 10.0 5.0 10.0 -5.0
133.0 661.0 4 -10.0 -5.0 -10.0 5.0 10.0 5.0 10.0 -5.0
518.0 1213.0 4 -10.0 -5.0 -10.0 5.0 10.0 5.0 10.0 -5.0
245.0 594.0 4 -10.0 -5.0 -10.0 5.0 10.0 5.0 10.0 -5.0
791.0 451.0 4 -10.0 -5.0 -10.0 5.0 10.0 5.0 10.0 -5.0
374.0 329.0 4 -10.0 -5.0 -10.0 5.0 10.0 5.0 10.0 -5.0
1155.0 184.0 4 -10.0 -5.0 -10.0 5.0 10.0 5.0 10.0 -5.0
545.0 675.0 4 -10.0 -5.0 -10.0 5.0 10.0 5.0 10.0 -5.0
566.0 1231.0 4 -10.0 -5.0 -10.0 5.0 10.0 5.0 10.0 -5.0
325.0 321.0 4 -10.0 -5.0 -10.0 5.0 10.0 5.0 10.0 -5.0
104.0 671.0 4 -10.0 -5.0 -10.0 5.0 10.0 5.0 10.0 -5.0
337.0 706.0 4 -10.0 -5.0 -10.0 5.0 10.0 5.0 10.0 -5.0
246.0 726.0 4 -10.0 -5.0 -10.0 5.0 10.0 5.0 10.0 -5.0
188.0 186.0 4 -10.0 -5.0 -10.0 5.0 10.0 5.0 10.0 -5.0
92.0 653.0 4 -10.0 -5.0 -10.0 5.0 10.0 5.0 10.0 -5.0
387.0 385.0 4 -10.0 -5.0 -10.0 5.0 10.0 5.0 10.0 -5.0
589.0 602.0 4 -10.0 -5.0 -10.0 5.0 10.0 5.0 10.0 -5.0
400.0 434.0 4 -10.0 -5.0 -10.0 5.0 10.0 5.0 10.0 -5.0
782.0 510.0 4 -10.0 -5.0 -10.0 5.0 10.0 5.0 10.0 -5.0
771.0 584.0 4 -10.0 -5.0 -10.0 5.0 10.0 5.0 10.0 -5.0
1182.0 189.0 4 -10.0 -5.0 -10.0 5.0 10.0 5.0 10.0 -5.0
290.0 704.0 4 -10.0 -5.0 -10.0 5.0 10.0 5.0 10.0 -5.0
356.0 296.0 4 -10.0 -5.0 -10.0 5.0 10.0 5.0 10.0 -5.0
755.0 481.0 4 -10.0 -5.0 -10.0 5.0 10.0 5.0 10.0 -5.0
371.0 304.0 4 -10.0 -5.0 -10.0 5.0 10.0 5.0 10.0 -5.0
1186.0 381.0 4 -10.0 -5.0 -10.0 5.0 10.0 5.0 10.0 -5.0
333.0 371.0 4 -10.0 -5.0 -10.0 5.0 10.0 5.0 10.0 -5.0
392.0 433.0 4 -10.0 -5.0 -10.0 5.0 10.0 5.0 10.0 -5.0
625.0 453.0 4 -10.0 -5.0 -10.0 5.0 10.0 5.0 10.0 -5.0
625.0 439.0 4 -10.0 -5.0 -10.0 5.0 10.0 5.0 10.0 -5.0
600.0 308.0 4 -10.0 -5.0 -10.0 5.0 10.0 5.0 10.0 -5.0
616.0 627.0 4 -10.0 -5.0 -10.0 5.0 10.0 5.0 10.0 -5.0
642.0 440.0 4 -10.0 -5.0 -10.0 5.0 10.0 5.0 10.0 -5.0
419.0 948.0 4 -10.0 -5.0 -10.0 5.0 10.0 5.0 10.0 -5.0
1319.0 351.0 4 -10.0 -5.0 -10.0 5.0 10.0 5.0 10.0 -5.0
388.0 992.0 4 -10.0 -5.0 -10.0 5.0 10.0 5.0 10.0 -5.0
59.0 652.0 4 -10.0 -5.0 -10.0 5.0 10.0 5.0 10.0 -5.0
729.0 576.0 4 -10.0 -5.0 -10.0 5.0 10.0 5.0 10.0 -5.0
807.0 384.0 4 -10.0 -5.0 -10.0 5.0 10.0 5.0 10.0 -5.0
493.0 306.0 4 -10.0 -5.0 -10.0 5.0 10.0 5.0 10.0 -5.0
265.0 253.0 4 -10.0 -5.0 -10.0 5.0 10.0 5.0 10.0 -5.0
226.0 717.0 4 -10.0 -5.0 -10.0 5.0 10.0 5.0 10.0 -5.0
908.0 449.0 4 -10.0 -5.0 -10.0 5.0 10.0 5.0 10.0 -5.0
813.0 365.0 4 -10.0 -5.0 -10.0 5.0 10.0 5.0 10.0 -5.0
1261.0 325.0 4 -10.0 -5.0 -10.0 5.0 10.0 5.0 10.0 -5.0
249.0 231.0 4 -10.0 -5.0 -10.0 5.0 10.0 5.0 10.0 -5.0
1195.0 284.0 4 -10.0 -5.0 -10.0 5.0 10.0 5.0 10.0 -5.0
92.0 794.0 4 -10.0 -5.0 -10.0 5.0 10.0 5.0 10.0 -5.0
381.0 1019.0 4 -10.0 -5.0 -10.0 5.0 10.0 5.0 10.0 -5.0
755.0 595.0 4 -10.0 -5.0 -10.0 5.0 10.0 5.0 10.0 -5.0
829.0 335.0 4 -10.0 -5.0 -10.0 5.0 10.0 5.0 10.0 -5.0
479.0 713.0 4 -10.0 -5.0 -10.0 5.0 10.0 5.0 10.0 -5.0
282.0 385.0 4 -10.0 -5.0 -10.0 5.0 10.0 5.0 10.0 -5.0
589.0 1100.0 4 -10.0 -5.0 -10.0 5.0 10.0 5.0 10.0 -5.0
494.0 260.0 4 -10.0 -5.0 -10.0 5.0 10.0 5.0 10.0 -5.0
557.0 925.0 4 -10.0 -5.0 -10.0 5.0 10.0 5.0 10.0 -5.0
315.0 644.0 4 -10.0 -5.0 -10.0 5.0 10.0 5.0 10.0 -5.0
205.0 548.0 4 -10.0 -5.0 -10.0 5.0 10.0 5.0 10.0 -5.0
579.0 417.0 4 -10.0 -5.0 -10.0 5.0 10.0 5.0 10.0 -5.0
627.0 690.0 4 -10.0 -5.0 -10.0 5.0 10.0 5.0 10.0 -5.0
335.0 610.0 4 -10.0 -5.0 -10.0 5.0 10.0 5.0 10.0 -5.0
636.0 408.0 4 -10.0 -5.0 -10.0 5.0 10.0 5.0 10.0 -5.0
562.0 1142.0 4 -10.0 -5.0 -10.0 5.0 10.0 5.0 10.0 -5.0
346.0 660.0 4 -10.0 -5.0 -10.0 5.0 10.0 5.0 10.0 -5.0
363.0 1024.0 4 -10.0 -5.0 -10.0 5.0 10.0 5.0 10.0 -5.0
1204.0 277.0 4 -10.0 -5.0 -10.0 5.0 10.0 5.0 10.0 -5.0
292.0 698.0 4 -10.0 -5.0 -10.0 5.0 10.0 5.0 10.0 -5.0
1239.0 254.0 4 -10.0 -5.0 -10.0 5.0 10.0 5.0 10.0 -5.0
831.0 596.0 4 -10.0 -5.0 -10.0 5.0 10.0 5.0 10.0 -5.0
574.0 1372.0 4 -10.0 -5.0 -10.0 5.0 10.0 5.0 10.0 -5.0
99.0 654.0 4 -10.0 -5.0 -10.0 5.0 10.0 5.0 10.0 -5.0
516.0 881.0 4 -10.0 -5.0 -10.0 5.0 10.0 5.0 10.0 -5.0
340.0 658.0 4 -10.0 -5.0 -10.0 5.0 10.0 5.0 10.0 -5.0
245.0 609.0 4 -10.0 -5.0 -10.0 5.0 10.0 5.0 10.0 -5.0
326.0 366.0 4 -10.0 -5.0 -10.0 5.0 10.0 5.0 10.0 -5.0
1229.0 105.0 4 -10.0 -5.0 -10.0 5.0 10.0 5.0 10.0 -5.0
346.0 719.0 4 -10.0 -5.0 -10.0 5.0 10.0 5.0 10.0 -5.0
240.0 714.0 4 -10.0 -5.0 -10.0 5.0 10.0 5.0 10.0 -5.0
861.0 626.0 4 -10.0 -5.0 -10.0 5.0 10.0 5.0 10.0 -5.0
780.0 614.0 4 -10.0 -5.0 -10.0 5.0 10.0 5.0 10.0 -5.0
1163.0 151.0 4 -10.0 -5.0 -10.0 5.0 10.0 5.0 10.0 -5.0
127.0 633.0 4 -10.0 -5.0 -10.0 5.0 10.0 5.0 10.0 -5.0
521.0 524.0 4 -10.0 -5.0 -10.0 5.0 10.0 5.0 10.0 -5.0
560.0 1073.0 4 -10.0 -5.0 -10.0 5.0 10.0 5.0 10.0 -5.0
516.0 901.0 4 -10.0 -5.0 -10.0 5.0 10.0 5.0 10.0 -5.0
1283.0 437.0 4 -10.0 -5.0 -10.0 5.0 10.0 5.0 10.0 -5.0
1341.0 219.0 4 -10.0 -5.0 -10.0 5.0 10.0 5.0 10.0 -5.0
98.0 631.0 4 -10.0 -5.0 -10.0 5.0 10.0 5.0 10.0 -5.0
218.0 683.0 4 -10.0 -5.0 -10.0 5.0 10.0 5.0 10.0 -5.0
579.0 1358.0 4 -10.0 -5.0 -10.0 5.0 10.0 5.0 10.0 -5.0
556.0 959.0 4 -10.0 -5.0 -10.0 5.0 10.0 5.0 10.0 -5.0
199.0 658.0 4 -10.0 -5.0 -10.0 5.0 10.0 5.0 10.0 -5.0
1237.0 88.0 4 -10.0 -5.0 -10.0 5.0 10.0 5.0 10.0 -5.0
505.0 1134.0 4 -10.0 -5.0 -10.0 5.0 10.0 5.0 10.0 -5.0
1239.0 412.0 4 -10.0 -5.0 -10.0 5.0 10.0 5.0 10.0 -5.0
624.0 1125.0 4 -10.0 -5.0 -10.0 5.0 10.0 5.0 10.0 -5.0
645.0 381.0 4 -10.0 -5.0 -10.0 5.0 10.0 5.0 10.0 -5.0
469.0 205.0 4 -10.0 -5.0 -10.0 5.0 10.0 5.0 10.0 -5.0
241.0 571.0 4 -10.0 -5.0 -10.0 5.0 10.0 5.0 10.0 -5.0
81.0 630.0 4 -10.0 -5.0 -10.0 5.0 10.0 5.0 10.0 -5.0
588.0 379.0 4 -10.0 -5.0 -10.0 5.0 10.0 5.0 10.0 -5.0
589.0 1366.0 4 -10.0 -5.0 -10.0 5.0 10.0 5.0 10.0 -5.0
602.0 649.0 4 -10.0 -5.0 -10.0 5.0 10.0 5.0 10.0 -5.0
1333.0 211.0 4 -10.0 -5.0 -10.0 5.0 10.0 5.0 10.0 -5.0
572.0 851.0 4 -10.0 -5.0 -10.0 5.0 10.0 5.0 10.0 -5.0
785.0 542.0 4 -10.0 -5.0 -10.0 5.0 10.0 5.0 10.0 -5.0
289.0 644.0 4 -10.0 -5.0 -10.0 5.0 10.0 5.0 10.0 -5.0
621.0 341.0 4 -10.0 -5.0 -10.0 5.0 10.0 5.0 10.0 -5.0
299.0 779.0 4 -10.0 -5.0 -10.0 5.0 10.0 5.0 10.0 -5.0
877.0 445.0 4 -10.0 -5.0 -10.0 5.0 10.0 5.0 10.0 -5.0
522.0 1054.0 4 -10.0 -5.0 -10.0 5.0 10.0 5.0 10.0 -5.0
838.0 306.0 4 -10.0 -5.0 -10.0 5.0 10.0 5.0 10.0 -5.0
303.0 662.0 4 -10.0 -5.0 -10.0 5.0 10.0 5.0 10.0 -5.0
661.0 717.0 4 -10.0 -5.0 -10.0 5.0 10.0 5.0 10.0 -5.0
340.0 578.0 4 -10.0 -5.0 -10.0 5.0 10.0 5.0 10.0 -5.0
318.0 578.0 4 -10.0 -5.0 -10.0 5.0 10.0 5.0 10.0 -5.0
429.0 1374.0 4 -10.0 -5.0 -10.0 5.0 10.0 5.0 10.0 -5.0
631.0 271.0 4 -10.0 -5.0 -10.0 5.0 10.0 5.0 10.0 -5.0
801.0 377.0 4 -10.0 -5.0 -10.0 5.0 10.0 5.0 10.0 -5.0
629.0 616.0 4 -10.0 -5.0 -10.0 5.0 10.0 5.0 10.0 -5.0
580.0 1263.0 4 -10.0 -5.0 -10.0 5.0 10.0 5.0 10.0 -5.0
462.0 1264.0 4 -10.0 -5.0 -10.0 5.0 10.0 5.0 10.0 -5.0
217.0 219.0 4 -10.0 -5.0 -10.0 5.0 10.0 5.0 10.0 -5.0
264.0 552.0 4 -10.0 -5.0 -10.0 5.0 10.0 5.0 10.0 -5.0
630.0 277.0 4 -10.0 -5.0 -10.0 5.0 10.0 5.0 10.0 -5.0
1012.0 387.0 4 -10.0 -5.0 -10.0 5.0 10.0 5.0 10.0 -5.0
198.0 700.0 4 -10.0 -5.0 -10.0 5.0 10.0 5.0 10.0 -5.0
151.0 659.0 4 -10.0 -5.0 -10.0 5.0 10.0 5.0 10.0 -5.0
350.0 362.0 4 -10.0 -5.0 -10.0 5.0 10.0 5.0 10.0 -5.0
337.0 595.0 4 -10.0 -5.0 -10.0 5.0 10.0 5.0 10.0 -5.0
47.0 634.0 4 -10.0 -5.0 -10.0 5.0 10.0 5.0 10.0 -5.0
489.0 363.0 4 -10.0 -5.0 -10.0 5.0 10.0 5.0 10.0 -5.0
169.0 673.0 4 -10.0 -5.0 -10.0 5.0 10.0 5.0 10.0 -5.0
495.0 496.0 4 -10.0 -5.0 -10.0 5.0 10.0 5.0 10.0 -5.0
564.0 954.0 4 -10.0 -5.0 -10.0 5.0 10.0 5.0 10.0 -5.0
355.0 1029.0 4 -10.0 -5.0 -10.0 5.0 10.0 5.0 10.0 -5.0
488.0 337.0 4 -10.0 -5.0 -10.0 5.0 10.0 5.0 10.0 -5.0
618.0 1135.0 4 -10.0 -5.0 -10.0 5.0 10.0 5.0 10.0 -5.0
298.0 346.0 4 -10.0 -5.0 -10.0 5.0 10.0 5.0 10.0 -5.0
487.0 1166.0 4 -10.0 -5.0 -10.0 5.0 10.0 5.0 10.0 -5.0
455.0 898.0 4 -10.0 -5.0 -10.0 5.0 10.0 5.0 10.0 -5.0
262.0 546.0 4 -10.0 -5.0 -10.0 5.0 10.0 5.0 10.0 -5.0
495.0 841.0 4 -10.0 -5.0 -10.0 5.0 10.0 5.0 10.0 -5.0
799.0 635.0 4 -10.0 -5.0 -10.0 5.0 10.0 5.0 10.0 -5.0
490.0 684.0 4 -10.0 -5.0 -10.0 5.0 10.0 5.0 10.0 -5.0
1398.0 342.0 4 -10.0 -5.0 -10.0 5.0 10.0 5.0 10.0 -5.0
490.0 382.0 4 -10.0 -5.0 -10.0 5.0 10.0 5.0 10.0 -5.0
471.0 211.0 4 -10.0 -5.0 -10.0 5.0 10.0 5.0 10.0 -5.0
428.0 1384.0 4 -10.0 -5.0 -10.0 5.0 10.0 5.0 10.0 -5.0
1392.0 190.0 4 -10.0 -5.0 -10.0 5.0 10.0 5.0 10.0 -5.0
574.0 601.0 4 -10.0 -5.0 -10.0 5.0 10.0 5.0 10.0 -5.0
812.0 653.0 4 -10.0 -5.0 -10.0 5.0 10.0 5.0 10.0 -5.0
1342.0 193.0 4 -10.0 -5.0 -10.0 5.0 10.0 5.0 10.0 -5.0
1342.0 351.0 4 -10.0 -5.0 -10.0 5.0 10.0 5.0 10.0 -5.0
1200.0 396.0 4 -10.0 -5.0 -10.0 5.0 10.0 5.0 10.0 -5.0
252.0 368.0 4 -10.0 -5.0 -10.0 5.0 10.0 5.0 10.0 -5.0
135.0 809.0 4 -10.0 -5.0 -10.0 5.0 10.0 5.0 10.0 -5.0
644.0 641.0 4 -10.0 -5.0 -10.0 5.0 10.0 5.0 10.0 -5.0
308.0 392.0 4 -10.0 -5.0 -10.0 5.0 10.0 5.0 10.0 -5.0
481.0 1204.0 4 -10.0 -5.0 -10.0 5.0 10.0 5.0 10.0 -5.0
809.0 429.0 4 -10.0 -5.0 -10.0 5.0 10.0 5.0 10.0 -5.0
1235.0 403.0 4 -10.0 -5.0 -10.0 5.0 10.0 5.0 10.0 -5.0
899.0 462.0 4 -10.0 -5.0 -10.0 5.0 10.0 5.0 10.0 -5.0
622.0 458.0 4 -10.0 -5.0 -10.0 5.0 10.0 5.0 10.0 -5.0
582.0 1114.0 4 -10.0 -5.0 -10.0 5.0 10.0 5.0 10.0 -5.0
165.0 536.0 4 -10.0 -5.0 -10.0 5.0 10.0 5.0 10.0 -5.0
184.0 191.0 4 -10.0 -5.0 -10.0 5.0 10.0 5.0 10.0 -5.0
370.0 731.0 4 -10.0 -5.0 -10.0 5.0 10.0 5.0 10.0 -5.0
204.0 195.0 4 -10.0 -5.0 -10.0 5.0 10.0 5.0 10.0 -5.0
342.0 272.0 4 -10.0 -5.0 -10.0 5.0 10.0 5.0 10.0 -5.0
1260.0 226.0 4 -10.0 -5.0 -10.0 5.0 10.0 5.0 10.0 -5.0
816.0 444.0 4 -10.0 -5.0 -10.0 5.0 10.0 5.0 10.0 -5.0
826.0 591.0 4 -10.0 -5.0 -10.0 5.0 10.0 5.0 10.0 -5.0
513.0 663.0 4 -10.0 -5.0 -10.0 5.0 10.0 5.0 10.0 -5.0
729.0 566.0 4 -10.0 -5.0 -10.0 5.0 10.0 5.0 10.0 -5.0
239.0 604.0 4 -10.0 -5.0 -10.0 5.0 10.0 5.0 10.0 -5.0
1384.0 192.0 4 -10.0 -5.0 -10.0 5.0 10.0 5.0 10.0 -5.0
887.0 463.0 4 -10.0 -5.0 -10.0 5.0 10.0 5.0 10.0 -5.0
636.0 248.0 4 -10.0 -5.0 -10.0 5.0 10.0 5.0 10.0 -5.0
279.0 254.0 4 -10.0 -5.0 -10.0 5.0 10.0 5.0 10.0 -5.0
497.0 1093.0 4 -10.0 -5.0 -10.0 5.0 10.0 5.0 10.0 -5.0
464.0 262.0 4 -10.0 -5.0 -10.0 5.0 10.0 5.0 10.0 -5.0
503.0 450.0 4 -10.0 -5.0 -10.0 5.0 10.0 5.0 10.0 -5.0
637.0 1153.0 4 -10.0 -5.0 -10.0 5.0 10.0 5.0 10.0 -5.0
1358.0 377.0 4 -10.0 -5.0 -10.0 5.0 10.0 5.0 10.0 -5.0
458.0 1271.0 4 -10.0 -5.0 -10.0 5.0 10.0 5.0 10.0 -5.0
152.0 616.0 4 -10.0 -5.0 -10.0 5.0 10.0 5.0 10.0 -5.0
571.0 979.0 4 -10.0 -5.0 -10.0 5.0 10.0 5.0 10.0 -5.0
308.0 574.0 4 -10.0 -5.0 -10.0 5.0 10.0 5.0 10.0 -5.0
594.0 344.0 4 -10.0 -5.0 -10.0 5.0 10.0 5.0 10.0 -5.0
1425.0 162.0 4 -10.0 -5.0 -10.0 5.0 10.0 5.0 10.0 -5.0
197.0 737.0 4 -10.0 -5.0 -10.0 5.0 10.0 5.0 10.0 -5.0
253.0 378.0 4 -10.0 -5.0 -10.0 5.0 10.0 5.0 10.0 -5.0
308.0 296.0 4 -10.0 -5.0 -10.0 5.0 10.0 5.0 10.0 -5.0
623.0 670.0 4 -10.0 -5.0 -10.0 5.0 10.0 5.0 10.0 -5.0
532.0 741.0 4 -10.0 -5.0 -10.0 5.0 10.0 5.0 10.0 -5.0
149.0 630.0 4 -10.0 -5.0 -10.0 5.0 10.0 5.0 10.0 -5.0
627.0 655.0 4 -10.0 -5.0 -10.0 5.0 10.0 5.0 10.0 -5.0
1244.0 405.0 4 -10.0 -5.0 -10.0 5.0 10.0 5.0 10.0 -5.0
280.0 795.0 4 -10.0 -5.0 -10.0 5.0 10.0 5.0 10.0 -5.0
498.0 683.0 4 -10.0 -5.0 -10.0 5.0 10.0 5.0 10.0 -5.0
306.0 384.0 4 -10.0 -5.0 -10.0 5.0 10.0 5.0 10.0 -5.0
1384.0 144.0 4 -10.0 -5.0 -10.0 5.0 10.0 5.0 10.0 -5.0
167.0 172.0 4 -10.0 -5.0 -10.0 5.0 10.0 5.0 10.0 -5.0
933.0 414.0 4 -10.0 -5.0 -10.0 5.0 10.0 5.0 10.0 -5.0
474.0 341.0 4 -10.0 -5.0 -10.0 5.0 10.0 5.0 10.0 -5.0
489.0 300.0 4 -10.0 -5.0 -10.0 5.0 10.0 5.0 10.0 -5.0
646.0 687.0 4 -10.0 -5.0 -10.0 5.0 10.0 5.0 10.0 -5.0
488.0 440.0 4 -10.0 -5.0 -10.0 5.0 10.0 5.0 10.0 -5.0
230.0 541.0 4 -10.0 -5.0 -10.0 5.0 10.0 5.0 10.0 -5.0
496.0 376.0 4 -10.0 -5.0 -10.0 5.0 10.0 5.0 10.0 -5.0
860.0 601.0 4 -10.0 -5.0 -10.0 5.0 10.0 5.0 10.0 -5.0
808.0 508.0 4 -10.0 -5.0 -10.0 5.0 10.0 5.0 10.0 -5.0
588.0 451.0 4 -10.0 -5.0 -10.0 5.0 10.0 5.0 10.0 -5.0
1140.0 266.0 4 -10.0 -5.0 -10.0 5.0 10.0 5.0 10.0 -5.0
752.0 472.0 4 -10.0 -5.0 -10.0 5.0 10.0 5.0 10.0 -5.0
554.0 819.0 4 -10.0 -5.0 -10.0 5.0 10.0 5.0 10.0 -5.0
152.0 781.0 4 -10.0 -5.0 -10.0 5.0 10.0 5.0 10.0 -5.0
482.0 1130.0 4 -10.0 -5.0 -10.0 5.0 10.0 5.0 10.0 -5.0
1176.0 126.0 4 -10.0 -5.0 -10.0 5.0 10.0 5.0 10.0 -5.0
470.0 1160.0 4 -10.0 -5.0 -10.0 5.0 10.0 5.0 10.0 -5.0
1255.0 358.0 4 -10.0 -5.0 -10.0 5.0 10.0 5.0 10.0 -5.0
411.0 976.0 4 -10.0 -5.0 -10.0 5.0 10.0 5.0 10.0 -5.0
259.0 264.0 4 -10.0 -5.0 -10.0 5.0 10.0 5.0 10.0 -5.0
131.0 785.0 4 -10.0 -5.0 -10.0 5.0 10.0 5.0 10.0 -5.0
516.0 747.0 4 -10.0 -5.0 -10.0 5.0 10.0 5.0 10.0 -5.0
528.0 508.0 4 -10.0 -5.0 -10.0 5.0 10.0 5.0 10.0 -5.0
1257.0 336.0 4 -10.0 -5.0 -10.0 5.0 10.0 5.0 10.0 -5.0
505.0 1080.0 4 -10.0 -5.0 -10.0 5.0 10.0 5.0 10.0 -5.0
179.0 718.0 4 -10.0 -5.0 -10.0 5.0 10.0 5.0 10.0 -5.0
514.0 371.0 4 -10.0 -5.0 -10.0 5.0 10.0 5.0 10.0 -5.0
1364.0 171.0 4 -10.0 -5.0 -10.0 5.0 10.0 5.0 10.0 -5.0
1244.0 79.0 4 -10.0 -5.0 -10.0 5.0 10.0 5.0 10.0 -5.0
905.0 487.0 4 -10.0 -5.0 -10.0 5.0 10.0 5.0 10.0 -5.0
1023.0 396.0 4 -10.0 -5.0 -10.0 5.0 10.0 5.0 10.0 -5.0
442.0 1378.0 4 -10.0 -5.0 -10.0 5.0 10.0 5.0 10.0 -5.0
634.0 1165.0 4 -10.0 -5.0 -10.0 5.0 10.0 5.0 10.0 -5.0
545.0 821.0 4 -10.0 -5.0 -10.0 5.0 10.0 5.0 10.0 -5.0
283.0 721.0 4 -10.0 -5.0 -10.0 5.0 10.0 5.0 10.0 -5.0
417.0 1417.0 4 -10.0 -5.0 -10.0 5.0 10.0 5.0 10.0 -5.0
581.0 1391.0 4 -10.0 -5.0 -10.0 5.0 10.0 5.0 10.0 -5.0
576.0 1339.0 4 -10.0 -5.0 -10.0 5.0 10.0 5.0 10.0 -5.0
715.0 569.0 4 -10.0 -5.0 -10.0 5.0 10.0 5.0 10.0 -5.0
449.0 1175.0 4 -10.0 -5.0 -10.0 5.0 10.0 5.0 10.0 -5.0
1161.0 198.0 4 -10.0 -5.0 -10.0 5.0 10.0 5.0 10.0 -5.0
915.0 503.0 4 -10.0 -5.0 -10.0 5.0 10.0 5.0 10.0 -5.0
492.0 234.0 4 -10.0 -5.0 -10.0 5.0 10.0 5.0 10.0 -5.0
455.0 888.0 4 -10.0 -5.0 -10.0 5.0 10.0 5.0 10.0 -5.0
939.0 450.0 4 -10.0 -5.0 -10.0 5.0 10.0 5.0 10.0 -5.0
179.0 167.0 4 -10.0 -5.0 -10.0 5.0 10.0 5.0 10.0 -5.0
621.0 1165.0 4 -10.0 -5.0 -10.0 5.0 10.0 5.0 10.0 -5.0
449.0 1304.0 4 -10.0 -5.0 -10.0 5.0 10.0 5.0 10.0 -5.0
675.0 743.0 4 -10.0 -5.0 -10.0 5.0 10.0 5.0 10.0 -5.0
331.0 1050.0 4 -10.0 -5.0 -10.0 5.0 10.0 5.0 10.0 -5.0
620.0 350.0 4 -10.0 -5.0 -10.0 5.0 10.0 5.0 10.0 -5.0
376.0 431.0 4 -10.0 -5.0 -10.0 5.0 10.0 5.0 10.0 -5.0
1317.0 368.0 4 -10.0 -5.0 -10.0 5.0 10.0 5.0 10.0 -5.0
418.0 1407.0 4 -10.0 -5.0 -10.0 5.0 10.0 5.0 10.0 -5.0
801.0 348.0 4 -10.0 -5.0 -10.0 5.0 10.0 5.0 10.0 -5.0
1279.0 335.0 4 -10.0 -5.0 -10.0 5.0 10.0 5.0 10.0 -5.0
379.0 982.0 4 -10.0 -5.0 -10.0 5.0 10.0 5.0 10.0 -5.0
106.0 657.0 4 -10.0 -5.0 -10.0 5.0 10.0 5.0 10.0 -5.0
66.0 797.0 4 -10.0 -5.0 -10.0 5.0 10.0 5.0 10.0 -5.0
552.0 617.0 4 -10.0 -5.0 -10.0 5.0 10.0 5.0 10.0 -5.0
1359.0 435.0 4 -10.0 -5.0 -10.0 5.0 10.0 5.0 10.0 -5.0
568.0 1116.0 4 -10.0 -5.0 -10.0 5.0 10.0 5.0 10.0 -5.0
581.0 1398.0 4 -10.0 -5.0 -10.0 5.0 10.0 5.0 10.0 -5.0
294.0 316.0 4 -10.0 -5.0 -10.0 5.0 10.0 5.0 10.0 -5.0
337.0 420.0 4 -10.0 -5.0 -10.0 5.0 10.0 5.0 10.0 -5.0
518.0 503.0 4 -10.0 -5.0 -10.0 5.0 10.0 5.0 10.0 -5.0
195.0 189.0 4 -10.0 -5.0 -10.0 5.0 10.0 5.0 10.0 -5.0
305.0 1059.0 4 -10.0 -5.0 -10.0 5.0 10.0 5.0 10.0 -5.0
636.0 683.0 4 -10.0 -5.0 -10.0 5.0 10.0 5.0 10.0 -5.0
909.0 469.0 4 -10.0 -5.0 -10.0 5.0 10.0 5.0 10.0 -5.0
237.0 723.0 4 -10.0 -5.0 -10.0 5.0 10.0 5.0 10.0 -5.0
488.0 273.0 4 -10.0 -5.0 -10.0 5.0 10.0 5.0 10.0 -5.0
767.0 506.0 4 -10.0 -5.0 -10.0 5.0 10.0 5.0 10.0 -5.0
464.0 515.0 4 -10.0 -5.0 -10.0 5.0 10.0 5.0 10.0 -5.0
1221.0 278.0 4 -10.0 -5.0 -10.0 5.0 10.0 5.0 10.0 -5.0
229.0 532.0 4 -10.0 -5.0 -10.0 5.0 10.0 5.0 10.0 -5.0
941.0 495.0 4 -10.0 -5.0 -10.0 5.0 10.0 5.0 10.0 -5.0
303.0 389.0 4 -10.0 -5.0 -10.0 5.0 10.0 5.0 10.0 -5.0
558.0 984.0 4 -10.0 -5.0 -10.0 5.0 10.0 5.0 10.0 -5.0
688.0 739.0 4 -10.0 -5.0 -10.0 5.0 10.0 5.0 10.0 -5.0
288.0 388.0 4 -10.0 -5.0 -10.0 5.0 10.0 5.0 10.0 -5.0
661.0 655.0 4 -10.0 -5.0 -10.0 5.0 10.0 5.0 10.0 -5.0
864.0 499.0 4 -10.0 -5.0 -10.0 5.0 10.0 5.0 10.0 -5.0
641.0 1193.0 4 -10.0 -5.0 -10.0 5.0 10.0 5.0 10.0 -5.0
886.0 634.0 4 -10.0 -5.0 -10.0 5.0 10.0 5.0 10.0 -5.0
884.0 608.0 4 -10.0 -5.0 -10.0 5.0 10.0 5.0 10.0 -5.0
535.0 707.0 4 -10.0 -5.0 -10.0 5.0 10.0 5.0 10.0 -5.0
279.0 549.0 4 -10.0 -5.0 -10.0 5.0 10.0 5.0 10.0 -5.0
806.0 371.0 4 -10.0 -5.0 -10.0 5.0 10.0 5.0 10.0 -5.0
266.0 682.0 4 -10.0 -5.0 -10.0 5.0 10.0 5.0 10.0 -5.0
850.0 602.0 4 -10.0 -5.0 -10.0 5.0 10.0 5.0 10.0 -5.0
567.0 548.0 4 -10.0 -5.0 -10.0 5.0 10.0 5.0 10.0 -5.0
376.0 413.0 4 -10.0 -5.0 -10.0 5.0 10.0 5.0 10.0 -5.0
247.0 380.0 4 -10.0 -5.0 -10.0 5.0 10.0 5.0 10.0 -5.0
131.0 526.0 4 -10.0 -5.0 -10.0 5.0 10.0 5.0 10.0 -5.0
545.0 546.0 4 -10.0 -5.0 -10.0 5.0 10.0 5.0 10.0 -5.0
1261.0 429.0 4 -10.0 -5.0 -10.0 5.0 10.0 5.0 10.0 -5.0
474.0 1235.0 4 -10.0 -5.0 -10.0 5.0 10.0 5.0 10.0 -5.0
949.0 391.0 4 -10.0 -5.0 -10.0 5.0 10.0 5.0 10.0 -5.0
605.0 682.0 4 -10.0 -5.0 -10.0 5.0 10.0 5.0 10.0 -5.0
1377.0 156.0 4 -10.0 -5.0 -10.0 5.0 10.0 5.0 10.0 -5.0
587.0 1258.0 4 -10.0 -5.0 -10.0 5.0 10.0 5.0 10.0 -5.0
777.0 378.0 4 -10.0 -5.0 -10.0 5.0 10.0 5.0 10.0 -5.0
871.0 609.0 4 -10.0 -5.0 -10.0 5.0 10.0 5.0 10.0 -5.0
817.0 344.0 4 -10.0 -5.0 -10.0 5.0 10.0 5.0 10.0 -5.0
280.0 728.0 4 -10.0 -5.0 -10.0 5.0 10.0 5.0 10.0 -5.0
1174.0 345.0 4 -10.0 -5.0 -10.0 5.0 10.0 5.0 10.0 -5.0
285.0 317.0 4 -10.0 -5.0 -10.0 5.0 10.0 5.0 10.0 -5.0
376.0 334.0 4 -10.0 -5.0 -10.0 5.0 10.0 5.0 10.0 -5.0
410.0 1440.0 4 -10.0 -5.0 -10.0 5.0 10.0 5.0 10.0 -5.0
786.0 528.0 4 -10.0 -5.0 -10.0 5.0 10.0 5.0 10.0 -5.0
464.0 173.0 4 -10.0 -5.0 -10.0 5.0 10.0 5.0 10.0 -5.0
492.0 412.0 4 -10.0 -5.0 -10.0 5.0 10.0 5.0 10.0 -5.0
356.0 998.0 4 -10.0 -5.0 -10.0 5.0 10.0 5.0 10.0 -5.0
272.0 747.0 4 -10.0 -5.0 -10.0 5.0 10.0 5.0 10.0 -5.0
394.0 419.0 4 -10.0 -5.0 -10.0 5.0 10.0 5.0 10.0 -5.0
226.0 679.0 4 -10.0 -5.0 -10.0 5.0 10.0 5.0 10.0 -5.0
558.0 871.0 4 -10.0 -5.0 -10.0 5.0 10.0 5.0 10.0 -5.0
851.0 631.0 4 -10.0 -5.0 -10.0 5.0 10.0 5.0 10.0 -5.0
805.0 532.0 4 -10.0 -5.0 -10.0 5.0 10.0 5.0 10.0 -5.0
1354.0 388.0 4 -10.0 -5.0 -10.0 5.0 10.0 5.0 10.0 -5.0
54.0 613.0 4 -10.0 -5.0 -10.0 5.0 10.0 5.0 10.0 -5.0
460.0 527.0 4 -10.0 -5.0 -10.0 5.0 10.0 5.0 10.0 -5.0
223.0 240.0 4 -10.0 -5.0 -10.0 5.0 10.0 5.0 10.0 -5.0
567.0 1177.0 4 -10.0 -5.0 -10.0 5.0 10.0 5.0 10.0 -5.0
276.0 661.0 4 -10.0 -5.0 -10.0 5.0 10.0 5.0 10.0 -5.0
175.0 660.0 4 -10.0 -5.0 -10.0 5.0 10.0 5.0 10.0 -5.0
1200.0 147.0 4 -10.0 -5.0 -10.0 5.0 10.0 5.0 10.0 -5.0
1289.0 321.0 4 -10.0 -5.0 -10.0 5.0 10.0 5.0 10.0 -5.0
628.0 320.0 4 -10.0 -5.0 -10.0 5.0 10.0 5.0 10.0 -5.0
1209.0 151.0 4 -10.0 -5.0 -10.0 5.0 10.0 5.0 10.0 -5.0
330.0 744.0 4 -10.0 -5.0 -10.0 5.0 10.0 5.0 10.0 -5.0
1180.0 111.0 4 -10.0 -5.0 -10.0 5.0 10.0 5.0 10.0 -5.0
156.0 778.0 4 -10.0 -5.0 -10.0 5.0 10.0 5.0 10.0 -5.0
571.0 628.0 4 -10.0 -5.0 -10.0 5.0 10.0 5.0 10.0 -5.0
318.0 655.0 4 -10.0 -5.0 -10.0 5.0 10.0 5.0 10.0 -5.0
1252.0 65.0 4 -10.0 -5.0 -10.0 5.0 10.0 5.0 10.0 -5.0
355.0 397.0 4 -10.0 -5.0 -10.0 5.0 10.0 5.0 10.0 -5.0
491.0 229.0 4 -10.0 -5.0 -10.0 5.0 10.0 5.0 10.0 -5.0
1267.0 242.0 4 -10.0 -5.0 -10.0 5.0 10.0 5.0 10.0 -5.0
1103.0 352.0 4 -10.0 -5.0 -10.0 5.0 10.0 5.0 10.0 -5.0
1181.0 103.0 4 -10.0 -5.0 -10.0 5.0 10.0 5.0 10.0 -5.0
174.0 705.0 4 -10.0 -5.0 -10.0 5.0 10.0 5.0 10.0 -5.0
1414.0 176.0 4 -10.0 -5.0 -10.0 5.0 10.0 5.0 10.0 -5.0
633.0 418.0 4 -10.0 -5.0 -10.0 5.0 10.0 5.0 10.0 -5.0
585.0 1001.0 4 -10.0 -5.0 -10.0 5.0 10.0 5.0 10.0 -5.0
263.0 378.0 4 -10.0 -5.0 -10.0 5.0 10.0 5.0 10.0 -5.0
1412.0 119.0 4 -10.0 -5.0 -10.0 5.0 10.0 5.0 10.0 -5.0
1437.0 168.0 4 -10.0 -5.0 -10.0 5.0 10.0 5.0 10.0 -5.0
260.0 675.0 4 -10.0 -5.0 -10.0 5.0 10.0 5.0 10.0 -5.0
1042.0 380.0 4 -10.0 -5.0 -10.0 5.0 10.0 5.0 10.0 -5.0
52.0 639.0 4 -10.0 -5.0 -10.0 5.0 10.0 5.0 10.0 -5.0
1178.0 389.0 4 -10.0 -5.0 -10.0 5.0 10.0 5.0 10.0 -5.0
1118.0 336.0 4 -10.0 -5.0 -10.0 5.0 10.0 5.0 10.0 -5.0
132.0 767.0 4 -10.0 -5.0 -10.0 5.0 10.0 5.0 10.0 -5.0
462.0 1151.0 4 -10.0 -5.0 -10.0 5.0 10.0 5.0 10.0 -5.0
1210.0 346.0 4 -10.0 -5.0 -10.0 5.0 10.0 5.0 10.0 -5.0
828.0 507.0 4 -10.0 -5.0 -10.0 5.0 10.0 5.0 10.0 -5.0
751.0 555.0 4 -10.0 -5.0 -10.0 5.0 10.0 5.0 10.0 -5.0
1431.0 183.0 4 -10.0 -5.0 -10.0 5.0 10.0 5.0 10.0 -5.0
480.0 1197.0 4 -10.0 -5.0 -10.0 5.0 10.0 5.0 10.0 -5.0
1223.0 341.0 4 -10.0 -5.0 -10.0 5.0 10.0 5.0 10.0 -5.0
1227.0 119.0 4 -10.0 -5.0 -10.0 5.0 10.0 5.0 10.0 -5.0
600.0 231.0 4 -10.0 -5.0 -10.0 5.0 10.0 5.0 10.0 -5.0
781.0 582.0 4 -10.0 -5.0 -10.0 5.0 10.0 5.0 10.0 -5.0
286.0 608.0 4 -10.0 -5.0 -10.0 5.0 10.0 5.0 10.0 -5.0
1454.0 145.0 4 -10.0 -5.0 -10.0 5.0 10.0 5.0 10.0 -5.0
1317.0 443.0 4 -10.0 -5.0 -10.0 5.0 10.0 5.0 10.0 -5.0
498.0 748.0 4 -10.0 -5.0 -10.0 5.0 10.0 5.0 10.0 -5.0
606.0 616.0 4 -10.0 -5.0 -10.0 5.0 10.0 5.0 10.0 -5.0
480.0 331.0 4 -10.0 -5.0 -10.0 5.0 10.0 5.0 10.0 -5.0
496.0 667.0 4 -10.0 -5.0 -10.0 5.0 10.0 5.0 10.0 -5.0
764.0 617.0 4 -10.0 -5.0 -10.0 5.0 10.0 5.0 10.0 -5.0
1135.0 298.0 4 -10.0 -5.0 -10.0 5.0 10.0 5.0 10.0 -5.0
832.0 412.0 4 -10.0 -5.0 -10.0 5.0 10.0 5.0 10.0 -5.0
464.0 1181.0 4 -10.0 -5.0 -10.0 5.0 10.0 5.0 10.0 -5.0
811.0 629.0 4 -10.0 -5.0 -10.0 5.0 10.0 5.0 10.0 -5.0
224.0 539.0 4 -10.0 -5.0 -10.0 5.0 10.0 5.0 10.0 -5.0
1370.0 185.0 4 -10.0 -5.0 -10.0 5.0 10.0 5.0 10.0 -5.0
446.0 1330.0 4 -10.0 -5.0 -10.0 5.0 10.0 5.0 10.0 -5.0
835.0 341.0 4 -10.0 -5.0 -10.0 5.0 10.0 5.0 10.0 -5.0
907.0 508.0 4 -10.0 -5.0 -10.0 5.0 10.0 5.0 10.0 -5.0
479.0 1113.0 4 -10.0 -5.0 -10.0 5.0 10.0 5.0 10.0 -5.0
1420.0 177.0 4 -10.0 -5.0 -10.0 5.0 10.0 5.0 10.0 -5.0
591.0 647.0 4 -10.0 -5.0 -10.0 5.0 10.0 5.0 10.0 -5.0
820.0 592.0 4 -10.0 -5.0 -10.0 5.0 10.0 5.0 10.0 -5.0
1372.0 149.0 4 -10.0 -5.0 -10.0 5.0 10.0 5.0 10.0 -5.0
293.0 391.0 4 -10.0 -5.0 -10.0 5.0 10.0 5.0 10.0 -5.0
646.0 1179.0 4 -10.0 -5.0 -10.0 5.0 10.0 5.0 10.0 -5.0
191.0 526.0 4 -10.0 -5.0 -10.0 5.0 10.0 5.0 10.0 -5.0
1272.0 202.0 4 -10.0 -5.0 -10.0 5.0 10.0 5.0 10.0 -5.0
566.0 1272.0 4 -10.0 -5.0 -10.0 5.0 10.0 5.0 10.0 -5.0
1318.0 436.0 4 -10.0 -5.0 -10.0 5.0 10.0 5.0 10.0 -5.0
77.0 673.0 4 -10.0 -5.0 -10.0 5.0 10.0 5.0 10.0 -5.0
1119.0 288.0 4 -10.0 -5.0 -10.0 5.0 10.0 5.0 10.0 -5.0
1242.0 328.0 4 -10.0 -5.0 -10.0 5.0 10.0 5.0 10.0 -5.0
1410.0 167.0 4 -10.0 -5.0 -10.0 5.0 10.0 5.0 10.0 -5.0
235.0 218.0 4 -10.0 -5.0 -10.0 5.0 10.0 5.0 10.0 -5.0
711.0 759.0 4 -10.0 -5.0 -10.0 5.0 10.0 5.0 10.0 -5.0
603.0 1293.0 4 -10.0 -5.0 -10.0 5.0 10.0 5.0 10.0 -5.0
102.0 518.0 4 -10.0 -5.0 -10.0 5.0 10.0 5.0 10.0 -5.0
1049.0 395.0 4 -10.0 -5.0 -10.0 5.0 10.0 5.0 10.0 -5.0
479.0 669.0 4 -10.0 -5.0 -10.0 5.0 10.0 5.0 10.0 -5.0
631.0 312.0 4 -10.0 -5.0 -10.0 5.0 10.0 5.0 10.0 -5.0
460.0 146.0 4 -10.0 -5.0 -10.0 5.0 10.0 5.0 10.0 -5.0
481.0 762.0 4 -10.0 -5.0 -10.0 5.0 10.0 5.0 10.0 -5.0
651.0 365.0 4 -10.0 -5.0 -10.0 5.0 10.0 5.0 10.0 -5.0
379.0 1012.0 4 -10.0 -5.0 -10.0 5.0 10.0 5.0 10.0 -5.0
836.0 317.0 4 -10.0 -5.0 -10.0 5.0 10.0 5.0 10.0 -5.0
624.0 594.0 4 -10.0 -5.0 -10.0 5.0 10.0 5.0 10.0 -5.0
1026.0 416.0 4 -10.0 -5.0 -10.0 5.0 10.0 5.0 10.0 -5.0
305.0 315.0 4 -10.0 -5.0 -10.0 5.0 10.0 5.0 10.0 -5.0
167.0 663.0 4 -10.0 -5.0 -10.0 5.0 10.0 5.0 10.0 -5.0
94.0 782.0 4 -10.0 -5.0 -10.0 5.0 10.0 5.0 10.0 -5.0
1215.0 264.0 4 -10.0 -5.0 -10.0 5.0 10.0 5.0 10.0 -5.0
1356.0 351.0 4 -10.0 -5.0 -10.0 5.0 10.0 5.0 10.0 -5.0
143.0 661.0 4 -10.0 -5.0 -10.0 5.0 10.0 5.0 10.0 -5.0
1301.0 454.0 4 -10.0 -5.0 -10.0 5.0 10.0 5.0 10.0 -5.0
515.0 1238.0 4 -10.0 -5.0 -10.0 5.0 10.0 5.0 10.0 -5.0
457.0 123.0 4 -10.0 -5.0 -10.0 5.0 10.0 5.0 10.0 -5.0
964.0 422.0 4 -10.0 -5.0 -10.0 5.0 10.0 5.0 10.0 -5.0
1287.0 423.0 4 -10.0 -5.0 -10.0 5.0 10.0 5.0 10.0 -5.0
1242.0 352.0 4 -10.0 -5.0 -10.0 5.0 10.0 5.0 10.0 -5.0
235.0 527.0 4 -10.0 -5.0 -10.0 5.0 10.0 5.0 10.0 -5.0
1256.0 60.0 4 -10.0 -5.0 -10.0 5.0 10.0 5.0 10.0 -5.0
987.0 409.0 4 -10.0 -5.0 -10.0 5.0 10.0 5.0 10.0 -5.0
469.0 183.0 4 -10.0 -5.0 -10.0 5.0 10.0 5.0 10.0 -5.0
488.0 866.0 4 -10.0 -5.0 -10.0 5.0 10.0 5.0 10.0 -5.0
805.0 575.0 4 -10.0 -5.0 -10.0 5.0 10.0 5.0 10.0 -5.0
323.0 729.0 4 -10.0 -5.0 -10.0 5.0 10.0 5.0 10.0 -5.0
724.0 777.0 4 -10.0 -5.0 -10.0 5.0 10.0 5.0 10.0 -5.0
54.0 625.0 4 -10.0 -5.0 -10.0 5.0 10.0 5.0 10.0 -5.0
234.0 580.0 4 -10.0 -5.0 -10.0 5.0 10.0 5.0 10.0 -5.0
563.0 1117.0 4 -10.0 -5.0 -10.0 5.0 10.0 5.0 10.0 -5.0
95.0 666.0 4 -10.0 -5.0 -10.0 5.0 10.0 5.0 10.0 -5.0
191.0 200.0 4 -10.0 -5.0 -10.0 5.0 10.0 5.0 10.0 -5.0
309.0 655.0 4 -10.0 -5.0 -10.0 5.0 10.0 5.0 10.0 -5.0
257.0 570.0 4 -10.0 -5.0 -10.0 5.0 10.0 5.0 10.0 -5.0
939.0 435.0 4 -10.0 -5.0 -10.0 5.0 10.0 5.0 10.0 -5.0
827.0 661.0 4 -10.0 -5.0 -10.0 5.0 10.0 5.0 10.0 -5.0
641.0 385.0 4 -10.0 -5.0 -10.0 5.0 10.0 5.0 10.0 -5.0
823.0 602.0 4 -10.0 -5.0 -10.0 5.0 10.0 5.0 10.0 -5.0
1340.0 456.0 4 -10.0 -5.0 -10.0 5.0 10.0 5.0 10.0 -5.0
217.0 743.0 4 -10.0 -5.0 -10.0 5.0 10.0 5.0 10.0 -5.0
821.0 382.0 4 -10.0 -5.0 -10.0 5.0 10.0 5.0 10.0 -5.0
288.0 364.0 4 -10.0 -5.0 -10.0 5.0 10.0 5.0 10.0 -5.0
137.0 529.0 4 -10.0 -5.0 -10.0 5.0 10.0 5.0 10.0 -5.0
469.0 734.0 4 -10.0 -5.0 -10.0 5.0 10.0 5.0 10.0 -5.0
800.0 443.0 4 -10.0 -5.0 -10.0 5.0 10.0 5.0 10.0 -5.0
104.0 614.0 4 -10.0 -5.0 -10.0 5.0 10.0 5.0 10.0 -5.0
364.0 299.0 4 -10.0 -5.0 -10.0 5.0 10.0 5.0 10.0 -5.0
942.0 511.0 4 -10.0 -5.0 -10.0 5.0 10.0 5.0 10.0 -5.0
139.0 801.0 4 -10.0 -5.0 -10.0 5.0 10.0 5.0 10.0 -5.0
570.0 1213.0 4 -10.0 -5.0 -10.0 5.0 10.0 5.0 10.0 -5.0
618.0 449.0 4 -10.0 -5.0 -10.0 5.0 10.0 5.0 10.0 -5.0
582.0 378.0 4 -10.0 -5.0 -10.0 5.0 10.0 5.0 10.0 -5.0
204.0 534.0 4 -10.0 -5.0 -10.0 5.0 10.0 5.0 10.0 -5.0
786.0 516.0 4 -10.0 -5.0 -10.0 5.0 10.0 5.0 10.0 -5.0
1313.0 351.0 4 -10.0 -5.0 -10.0 5.0 10.0 5.0 10.0 -5.0
353.0 740.0 4 -10.0 -5.0 -10.0 5.0 10.0 5.0 10.0 -5.0
662.0 703.0 4 -10.0 -5.0 -10.0 5.0 10.0 5.0 10.0 -5.0
63.0 671.0 4 -10.0 -5.0 -10.0 5.0 10.0 5.0 10.0 -5.0
857.0 471.0 4 -10.0 -5.0 -10.0 5.0 10.0 5.0 10.0 -5.0
644.0 714.0 4 -10.0 -5.0 -10.0 5.0 10.0 5.0 10.0 -5.0
331.0 388.0 4 -10.0 -5.0 -10.0 5.0 10.0 5.0 10.0 -5.0
412.0 971.0 4 -10.0 -5.0 -10.0 5.0 10.0 5.0 10.0 -5.0
179.0 757.0 4 -10.0 -5.0 -10.0 5.0 10.0 5.0 10.0 -5.0
200.0 528.0 4 -10.0 -5.0 -10.0 5.0 10.0 5.0 10.0 -5.0
690.0 723.0 4 -10.0 -5.0 -10.0 5.0 10.0 5.0 10.0 -5.0
885.0 604.0 4 -10.0 -5.0 -10.0 5.0 10.0 5.0 10.0 -5.0
586.0 1090.0 4 -10.0 -5.0 -10.0 5.0 10.0 5.0 10.0 -5.0
786.0 463.0 4 -10.0 -5.0 -10.0 5.0 10.0 5.0 10.0 -5.0
508.0 452.0 4 -10.0 -5.0 -10.0 5.0 10.0 5.0 10.0 -5.0
604.0 533.0 4 -10.0 -5.0 -10.0 5.0 10.0 5.0 10.0 -5.0
805.0 321.0 4 -10.0 -5.0 -10.0 5.0 10.0 5.0 10.0 -5.0
498.0 1108.0 4 -10.0 -5.0 -10.0 5.0 10.0 5.0 10.0 -5.0
305.0 778.0 4 -10.0 -5.0 -10.0 5.0 10.0 5.0 10.0 -5.0
1227.0 409.0 4 -10.0 -5.0 -10.0 5.0 10.0 5.0 10.0 -5.0
651.0 673.0 4 -10.0 -5.0 -10.0 5.0 10.0 5.0 10.0 -5.0
255.0 670.0 4 -10.0 -5.0 -10.0 5.0 10.0 5.0 10.0 -5.0
287.0 405.0 4 -10.0 -5.0 -10.0 5.0 10.0 5.0 10.0 -5.0
489.0 247.0 4 -10.0 -5.0 -10.0 5.0 10.0 5.0 10.0 -5.0
822.0 316.0 4 -10.0 -5.0 -10.0 5.0 10.0 5.0 10.0 -5.0
353.0 375.0 4 -10.0 -5.0 -10.0 5.0 10.0 5.0 10.0 -5.0
584.0 1413.0 4 -10.0 -5.0 -10.0 5.0 10.0 5.0 10.0 -5.0
557.0 644.0 4 -10.0 -5.0 -10.0 5.0 10.0 5.0 10.0 -5.0
422.0 1394.0 4 -10.0 -5.0 -10.0 5.0 10.0 5.0 10.0 -5.0
614.0 1122.0 4 -10.0 -5.0 -10.0 5.0 10.0 5.0 10.0 -5.0
691.0 757.0 4 -10.0 -5.0 -10.0 5.0 10.0 5.0 10.0 -5.0
596.0 1286.0 4 -10.0 -5.0 -10.0 5.0 10.0 5.0 10.0 -5.0
243.0 206.0 4 -10.0 -5.0 -10.0 5.0 10.0 5.0 10.0 -5.0
519.0 446.0 4 -10.0 -5.0 -10.0 5.0 10.0 5.0 10.0 -5.0
282.0 651.0 4 -10.0 -5.0 -10.0 5.0 10.0 5.0 10.0 -5.0
1361.0 199.0 4 -10.0 -5.0 -10.0 5.0 10.0 5.0 10.0 -5.0
582.0 1429.0 4 -10.0 -5.0 -10.0 5.0 10.0 5.0 10.0 -5.0
448.0 1406.0 4 -10.0 -5.0 -10.0 5.0 10.0 5.0 10.0 -5.0
623.0 426.0 4 -10.0 -5.0 -10.0 5.0 10.0 5.0 10.0 -5.0
630.0 711.0 4 -10.0 -5.0 -10.0 5.0 10.0 5.0 10.0 -5.0
507.0 339.0 4 -10.0 -5.0 -10.0 5.0 10.0 5.0 10.0 -5.0
566.0 1300.0 4 -10.0 -5.0 -10.0 5.0 10.0 5.0 10.0 -5.0
716.0 528.0 4 -10.0 -5.0 -10.0 5.0 10.0 5.0 10.0 -5.0
809.0 328.0 4 -10.0 -5.0 -10.0 5.0 10.0 5.0 10.0 -5.0
579.0 815.0 4 -10.0 -5.0 -10.0 5.0 10.0 5.0 10.0 -5.0
195.0 727.0 4 -10.0 -5.0 -10.0 5.0 10.0 5.0 10.0 -5.0
258.0 648.0 4 -10.0 -5.0 -10.0 5.0 10.0 5.0 10.0 -5.0
455.0 105.0 4 -10.0 -5.0 -10.0 5.0 10.0 5.0 10.0 -5.0
69.0 808.0 4 -10.0 -5.0 -10.0 5.0 10.0 5.0 10.0 -5.0
442.0 1325.0 4 -10.0 -5.0 -10.0 5.0 10.0 5.0 10.0 -5.0
653.0 388.0 4 -10.0 -5.0 -10.0 5.0 10.0 5.0 10.0 -5.0
176.0 542.0 4 -10.0 -5.0 -10.0 5.0 10.0 5.0 10.0 -5.0
1254.0 370.0 4 -10.0 -5.0 -10.0 5.0 10.0 5.0 10.0 -5.0
472.0 687.0 4 -10.0 -5.0 -10.0 5.0 10.0 5.0 10.0 -5.0
794.0 360.0 4 -10.0 -5.0 -10.0 5.0 10.0 5.0 10.0 -5.0
164.0 517.0 4 -10.0 -5.0 -10.0 5.0 10.0 5.0 10.0 -5.0
422.0 1411.0 4 -10.0 -5.0 -10.0 5.0 10.0 5.0 10.0 -5.0
372.0 337.0 4 -10.0 -5.0 -10.0 5.0 10.0 5.0 10.0 -5.0
562.0 571.0 4 -10.0 -5.0 -10.0 5.0 10.0 5.0 10.0 -5.0
582.0 1423.0 4 -10.0 -5.0 -10.0 5.0 10.0 5.0 10.0 -5.0
742.0 584.0 4 -10.0 -5.0 -10.0 5.0 10.0 5.0 10.0 -5.0
208.0 662.0 4 -10.0 -5.0 -10.0 5.0 10.0 5.0 10.0 -5.0
603.0 584.0 4 -10.0 -5.0 -10.0 5.0 10.0 5.0 10.0 -5.0
509.0 623.0 4 -10.0 -5.0 -10.0 5.0 10.0 5.0 10.0 -5.0
634.0 323.0 4 -10.0 -5.0 -10.0 5.0 10.0 5.0 10.0 -5.0
1167.0 161.0 4 -10.0 -5.0 -10.0 5.0 10.0 5.0 10.0 -5.0
1384.0 352.0 4 -10.0 -5.0 -10.0 5.0 10.0 5.0 10.0 -5.0
970.0 383.0 4 -10.0 -5.0 -10.0 5.0 10.0 5.0 10.0 -5.0
311.0 1065.0 4 -10.0 -5.0 -10.0 5.0 10.0 5.0 10.0 -5.0
566.0 1305.0 4 -10.0 -5.0 -10.0 5.0 10.0 5.0 10.0 -5.0
454.0 1288.0 4 -10.0 -5.0 -10.0 5.0 10.0 5.0 10.0 -5.0
847.0 586.0 4 -10.0 -5.0 -10.0 5.0 10.0 5.0 10.0 -5.0
274.0 331.0 4 -10.0 -5.0 -10.0 5.0 10.0 5.0 10.0 -5.0
971.0 419.0 4 -10.0 -5.0 -10.0 5.0 10.0 5.0 10.0 -5.0
432.0 1370.0 4 -10.0 -5.0 -10.0 5.0 10.0 5.0 10.0 -5.0
410.0 963.0 4 -10.0 -5.0 -10.0 5.0 10.0 5.0 10.0 -5.0
1182.0 348.0 4 -10.0 -5.0 -10.0 5.0 10.0 5.0 10.0 -5.0
108.0 801.0 4 -10.0 -5.0 -10.0 5.0 10.0 5.0 10.0 -5.0
291.0 1081.0 4 -10.0 -5.0 -10.0 5.0 10.0 5.0 10.0 -5.0
482.0 720.0 4 -10.0 -5.0 -10.0 5.0 10.0 5.0 10.0 -5.0
505.0 770.0 4 -10.0 -5.0 -10.0 5.0 10.0 5.0 10.0 -5.0
585.0 325.0 4 -10.0 -5.0 -10.0 5.0 10.0 5.0 10.0 -5.0
908.0 644.0 4 -10.0 -5.0 -10.0 5.0 10.0 5.0 10.0 -5.0
279.0 559.0 4 -10.0 -5.0 -10.0 5.0 10.0 5.0 10.0 -5.0
1438.0 104.0 4 -10.0 -5.0 -10.0 5.0 10.0 5.0 10.0 -5.0
598.0 582.0 4 -10.0 -5.0 -10.0 5.0 10.0 5.0 10.0 -5.0
257.0 302.0 4 -10.0 -5.0 -10.0 5.0 10.0 5.0 10.0 -5.0
525.0 1087.0 4 -10.0 -5.0 -10.0 5.0 10.0 5.0 10.0 -5.0
735.0 786.0 4 -10.0 -5.0 -10.0 5.0 10.0 5.0 10.0 -5.0
148.0 502.0 4 -10.0 -5.0 -10.0 5.0 10.0 5.0 10.0 -5.0
1266.0 43.0 4 -10.0 -5.0 -10.0 5.0 10.0 5.0 10.0 -5.0
554.0 784.0 4 -10.0 -5.0 -10.0 5.0 10.0 5.0 10.0 -5.0
499.0 900.0 4 -10.0 -5.0 -10.0 5.0 10.0 5.0 10.0 -5.0
1471.0 148.0 4 -10.0 -5.0 -10.0 5.0 10.0 5.0 10.0 -5.0
667.0 740.0 4 -10.0 -5.0 -10.0 5.0 10.0 5.0 10.0 -5.0
920.0 663.0 4 -10.0 -5.0 -10.0 5.0 10.0 5.0 10.0 -5.0
478.0 1193.0 4 -10.0 -5.0 -10.0 5.0 10.0 5.0 10.0 -5.0
931.0 513.0 4 -10.0 -5.0 -10.0 5.0 10.0 5.0 10.0 -5.0
594.0 837.0 4 -10.0 -5.0 -10.0 5.0 10.0 5.0 10.0 -5.0
1427.0 173.0 4 -10.0 -5.0 -10.0 5.0 10.0 5.0 10.0 -5.0
836.0 429.0 4 -10.0 -5.0 -10.0 5.0 10.0 5.0 10.0 -5.0
640.0 288.0 4 -10.0 -5.0 -10.0 5.0 10.0 5.0 10.0 -5.0
1475.0 157.0 4 -10.0 -5.0 -10.0 5.0 10.0 5.0 10.0 -5.0
566.0 1265.0 4 -10.0 -5.0 -10.0 5.0 10.0 5.0 10.0 -5.0
625.0 579.0 4 -10.0 -5.0 -10.0 5.0 10.0 5.0 10.0 -5.0
1494.0 126.0 4 -10.0 -5.0 -10.0 5.0 10.0 5.0 10.0 -5.0
727.0 512.0 4 -10.0 -5.0 -10.0 5.0 10.0 5.0 10.0 -5.0
1201.0 169.0 4 -10.0 -5.0 -10.0 5.0 10.0 5.0 10.0 -5.0
855.0 325.0 4 -10.0 -5.0 -10.0 5.0 10.0 5.0 10.0 -5.0
1349.0 350.0 4 -10.0 -5.0 -10.0 5.0 10.0 5.0 10.0 -5.0
459.0 316.0 4 -10.0 -5.0 -10.0 5.0 10.0 5.0 10.0 -5.0
405.0 991.0 4 -10.0 -5.0 -10.0 5.0 10.0 5.0 10.0 -5.0
628.0 401.0 4 -10.0 -5.0 -10.0 5.0 10.0 5.0 10.0 -5.0
1051.0 408.0 4 -10.0 -5.0 -10.0 5.0 10.0 5.0 10.0 -5.0
1172.0 132.0 4 -10.0 -5.0 -10.0 5.0 10.0 5.0 10.0 -5.0
654.0 418.0 4 -10.0 -5.0 -10.0 5.0 10.0 5.0 10.0 -5.0
856.0 291.0 4 -10.0 -5.0 -10.0 5.0 10.0 5.0 10.0 -5.0
507.0 1108.0 4 -10.0 -5.0 -10.0 5.0 10.0 5.0 10.0 -5.0
533.0 615.0 4 -10.0 -5.0 -10.0 5.0 10.0 5.0 10.0 -5.0
686.0 715.0 4 -10.0 -5.0 -10.0 5.0 10.0 5.0 10.0 -5.0
471.0 254.0 4 -10.0 -5.0 -10.0 5.0 10.0 5.0 10.0 -5.0
321.0 747.0 4 -10.0 -5.0 -10.0 5.0 10.0 5.0 10.0 -5.0
589.0 868.0 4 -10.0 -5.0 -10.0 5.0 10.0 5.0 10.0 -5.0
653.0 1199.0 4 -10.0 -5.0 -10.0 5.0 10.0 5.0 10.0 -5.0
240.0 743.0 4 -10.0 -5.0 -10.0 5.0 10.0 5.0 10.0 -5.0
845.0 281.0 4 -10.0 -5.0 -10.0 5.0 10.0 5.0 10.0 -5.0
1307.0 446.0 4 -10.0 -5.0 -10.0 5.0 10.0 5.0 10.0 -5.0
987.0 415.0 4 -10.0 -5.0 -10.0 5.0 10.0 5.0 10.0 -5.0
635.0 287.0 4 -10.0 -5.0 -10.0 5.0 10.0 5.0 10.0 -5.0
1314.0 425.0 4 -10.0 -5.0 -10.0 5.0 10.0 5.0 10.0 -5.0
138.0 778.0 4 -10.0 -5.0 -10.0 5.0 10.0 5.0 10.0 -5.0
932.0 445.0 4 -10.0 -5.0 -10.0 5.0 10.0 5.0 10.0 -5.0
208.0 578.0 4 -10.0 -5.0 -10.0 5.0 10.0 5.0 10.0 -5.0
466.0 1215.0 4 -10.0 -5.0 -10.0 5.0 10.0 5.0 10.0 -5.0
605.0 225.0 4 -10.0 -5.0 -10.0 5.0 10.0 5.0 10.0 -5.0
1447.0 137.0 4 -10.0 -5.0 -10.0 5.0 10.0 5.0 10.0 -5.0
346.0 411.0 4 -10.0 -5.0 -10.0 5.0 10.0 5.0 10.0 -5.0
323.0 766.0 4 -10.0 -5.0 -10.0 5.0 10.0 5.0 10.0 -5.0
349.0 354.0 4 -10.0 -5.0 -10.0 5.0 10.0 5.0 10.0 -5.0
1323.0 206.0 4 -10.0 -5.0 -10.0 5.0 10.0 5.0 10.0 -5.0
775.0 562.0 4 -10.0 -5.0 -10.0 5.0 10.0 5.0 10.0 -5.0
554.0 986.0 4 -10.0 -5.0 -10.0 5.0 10.0 5.0 10.0 -5.0
228.0 350.0 4 -10.0 -5.0 -10.0 5.0 10.0 5.0 10.0 -5.0
504.0 1166.0 4 -10.0 -5.0 -10.0 5.0 10.0 5.0 10.0 -5.0
450.0 1432.0 4 -10.0 -5.0 -10.0 5.0 10.0 5.0 10.0 -5.0
1124.0 328.0 4 -10.0 -5.0 -10.0 5.0 10.0 5.0 10.0 -5.0
328.0 558.0 4 -10.0 -5.0 -10.0 5.0 10.0 5.0 10.0 -5.0
116.0 673.0 4 -10.0 -5.0 -10.0 5.0 10.0 5.0 10.0 -5.0
955.0 403.0 4 -10.0 -5.0 -10.0 5.0 10.0 5.0 10.0 -5.0
1456.0 157.0 4 -10.0 -5.0 -10.0 5.0 10.0 5.0 10.0 -5.0
621.0 204.0 4 -10.0 -5.0 -10.0 5.0 10.0 5.0 10.0 -5.0
609.0 524.0 4 -10.0 -5.0 -10.0 5.0 10.0 5.0 10.0 -5.0
448.0 926.0 4 -10.0 -5.0 -10.0 5.0 10.0 5.0 10.0 -5.0
82.0 513.0 4 -10.0 -5.0 -10.0 5.0 10.0 5.0 10.0 -5.0
903.0 471.0 4 -10.0 -5.0 -10.0 5.0 10.0 5.0 10.0 -5.0
1335.0 194.0 4 -10.0 -5.0 -10.0 5.0 10.0 5.0 10.0 -5.0
310.0 354.0 4 -10.0 -5.0 -10.0 5.0 10.0 5.0 10.0 -5.0
531.0 758.0 4 -10.0 -5.0 -10.0 5.0 10.0 5.0 10.0 -5.0
332.0 329.0 4 -10.0 -5.0 -10.0 5.0 10.0 5.0 10.0 -5.0
1274.0 25.0 4 -10.0 -5.0 -10.0 5.0 10.0 5.0 10.0 -5.0
492.0 1133.0 4 -10.0 -5.0 -10.0 5.0 10.0 5.0 10.0 -5.0
648.0 1208.0 4 -10.0 -5.0 -10.0 5.0 10.0 5.0 10.0 -5.0
89.0 817.0 4 -10.0 -5.0 -10.0 5.0 10.0 5.0 10.0 -5.0
234.0 286.0 4 -10.0 -5.0 -10.0 5.0 10.0 5.0 10.0 -5.0
633.0 647.0 4 -10.0 -5.0 -10.0 5.0 10.0 5.0 10.0 -5.0
622.0 1115.0 4 -10.0 -5.0 -10.0 5.0 10.0 5.0 10.0 -5.0
460.0 229.0 4 -10.0 -5.0 -10.0 5.0 10.0 5.0 10.0 -5.0
705.0 740.0 4 -10.0 -5.0 -10.0 5.0 10.0 5.0 10.0 -5.0
609.0 1321.0 4 -10.0 -5.0 -10.0 5.0 10.0 5.0 10.0 -5.0
1285.0 221.0 4 -10.0 -5.0 -10.0 5.0 10.0 5.0 10.0 -5.0
268.0 290.0 4 -10.0 -5.0 -10.0 5.0 10.0 5.0 10.0 -5.0
348.0 1041.0 4 -10.0 -5.0 -10.0 5.0 10.0 5.0 10.0 -5.0
483.0 769.0 4 -10.0 -5.0 -10.0 5.0 10.0 5.0 10.0 -5.0
1298.0 461.0 4 -10.0 -5.0 -10.0 5.0 10.0 5.0 10.0 -5.0
1334.0 222.0 4 -10.0 -5.0 -10.0 5.0 10.0 5.0 10.0 -5.0
1066.0 406.0 4 -10.0 -5.0 -10.0 5.0 10.0 5.0 10.0 -5.0
443.0 948.0 4 -10.0 -5.0 -10.0 5.0 10.0 5.0 10.0 -5.0
1433.0 144.0 4 -10.0 -5.0 -10.0 5.0 10.0 5.0 10.0 -5.0
280.0 375.0 4 -10.0 -5.0 -10.0 5.0 10.0 5.0 10.0 -5.0
1391.0 332.0 4 -10.0 -5.0 -10.0 5.0 10.0 5.0 10.0 -5.0
25.0 632.0 4 -10.0 -5.0 -10.0 5.0 10.0 5.0 10.0 -5.0
491.0 208.0 4 -10.0 -5.0 -10.0 5.0 10.0 5.0 10.0 -5.0
521.0 1206.0 4 -10.0 -5.0 -10.0 5.0 10.0 5.0 10.0 -5.0
579.0 1386.0 4 -10.0 -5.0 -10.0 5.0 10.0 5.0 10.0 -5.0
283.0 567.0 4 -10.0 -5.0 -10.0 5.0 10.0 5.0 10.0 -5.0
294.0 545.0 4 -10.0 -5.0 -10.0 5.0 10.0 5.0 10.0 -5.0
480.0 255.0 4 -10.0 -5.0 -10.0 5.0 10.0 5.0 10.0 -5.0
891.0 510.0 4 -10.0 -5.0 -10.0 5.0 10.0 5.0 10.0 -5.0
600.0 201.0 4 -10.0 -5.0 -10.0 5.0 10.0 5.0 10.0 -5.0
139.0 675.0 4 -10.0 -5.0 -10.0 5.0 10.0 5.0 10.0 -5.0
117.0 803.0 4 -10.0 -5.0 -10.0 5.0 10.0 5.0 10.0 -5.0
535.0 558.0 4 -10.0 -5.0 -10.0 5.0 10.0 5.0 10.0 -5.0
560.0 883.0 4 -10.0 -5.0 -10.0 5.0 10.0 5.0 10.0 -5.0
584.0 624.0 4 -10.0 -5.0 -10.0 5.0 10.0 5.0 10.0 -5.0
527.0 1115.0 4 -10.0 -5.0 -10.0 5.0 10.0 5.0 10.0 -5.0
844.0 375.0 4 -10.0 -5.0 -10.0 5.0 10.0 5.0 10.0 -5.0
565.0 1329.0 4 -10.0 -5.0 -10.0 5.0 10.0 5.0 10.0 -5.0
591.0 316.0 4 -10.0 -5.0 -10.0 5.0 10.0 5.0 10.0 -5.0
1279.0 206.0 4 -10.0 -5.0 -10.0 5.0 10.0 5.0 10.0 -5.0
415.0 1444.0 4 -10.0 -5.0 -10.0 5.0 10.0 5.0 10.0 -5.0
1208.0 389.0 4 -10.0 -5.0 -10.0 5.0 10.0 5.0 10.0 -5.0
550.0 1038.0 4 -10.0 -5.0 -10.0 5.0 10.0 5.0 10.0 -5.0
655.0 617.0 4 -10.0 -5.0 -10.0 5.0 10.0 5.0 10.0 -5.0
1252.0 350.0 4 -10.0 -5.0 -10.0 5.0 10.0 5.0 10.0 -5.0
771.0 354.0 4 -10.0 -5.0 -10.0 5.0 10.0 5.0 10.0 -5.0
1286.0 414.0 4 -10.0 -5.0 -10.0 5.0 10.0 5.0 10.0 -5.0
605.0 411.0 4 -10.0 -5.0 -10.0 5.0 10.0 5.0 10.0 -5.0
931.0 650.0 4 -10.0 -5.0 -10.0 5.0 10.0 5.0 10.0 -5.0
553.0 916.0 4 -10.0 -5.0 -10.0 5.0 10.0 5.0 10.0 -5.0
468.0 309.0 4 -10.0 -5.0 -10.0 5.0 10.0 5.0 10.0 -5.0
1463.0 176.0 4 -10.0 -5.0 -10.0 5.0 10.0 5.0 10.0 -5.0
179.0 666.0 4 -10.0 -5.0 -10.0 5.0 10.0 5.0 10.0 -5.0
216.0 508.0 4 -10.0 -5.0 -10.0 5.0 10.0 5.0 10.0 -5.0
149.0 653.0 4 -10.0 -5.0 -10.0 5.0 10.0 5.0 10.0 -5.0
568.0 1143.0 4 -10.0 -5.0 -10.0 5.0 10.0 5.0 10.0 -5.0
295.0 767.0 4 -10.0 -5.0 -10.0 5.0 10.0 5.0 10.0 -5.0
514.0 1121.0 4 -10.0 -5.0 -10.0 5.0 10.0 5.0 10.0 -5.0
612.0 382.0 4 -10.0 -5.0 -10.0 5.0 10.0 5.0 10.0 -5.0
614.0 697.0 4 -10.0 -5.0 -10.0 5.0 10.0 5.0 10.0 -5.0
1229.0 260.0 4 -10.0 -5.0 -10.0 5.0 10.0 5.0 10.0 -5.0
520.0 665.0 4 -10.0 -5.0 -10.0 5.0 10.0 5.0 10.0 -5.0
158.0 683.0 4 -10.0 -5.0 -10.0 5.0 10.0 5.0 10.0 -5.0
391.0 986.0 4 -10.0 -5.0 -10.0 5.0 10.0 5.0 10.0 -5.0
965.0 491.0 4 -10.0 -5.0 -10.0 5.0 10.0 5.0 10.0 -5.0
1453.0 172.0 4 -10.0 -5.0 -10.0 5.0 10.0 5.0 10.0 -5.0
488.0 486.0 4 -10.0 -5.0 -10.0 5.0 10.0 5.0 10.0 -5.0
1303.0 303.0 4 -10.0 -5.0 -10.0 5.0 10.0 5.0 10.0 -5.0
1382.0 441.0 4 -10.0 -5.0 -10.0 5.0 10.0 5.0 10.0 -5.0
583.0 1453.0 4 -10.0 -5.0 -10.0 5.0 10.0 5.0 10.0 -5.0
538.0 1112.0 4 -10.0 -5.0 -10.0 5.0 10.0 5.0 10.0 -5.0
471.0 477.0 4 -10.0 -5.0 -10.0 5.0 10.0 5.0 10.0 -5.0
205.0 515.0 4 -10.0 -5.0 -10.0 5.0 10.0 5.0 10.0 -5.0
605.0 484.0 4 -10.0 -5.0 -10.0 5.0 10.0 5.0 10.0 -5.0
257.0 530.0 4 -10.0 -5.0 -10.0 5.0 10.0 5.0 10.0 -5.0
219.0 555.0 4 -10.0 -5.0 -10.0 5.0 10.0 5.0 10.0 -5.0
173.0 743.0 4 -10.0 -5.0 -10.0 5.0 10.0 5.0 10.0 -5.0
1255.0 234.0 4 -10.0 -5.0 -10.0 5.0 10.0 5.0 10.0 -5.0
931.0 469.0 4 -10.0 -5.0 -10.0 5.0 10.0 5.0 10.0 -5.0
518.0 630.0 4 -10.0 -5.0 -10.0 5.0 10.0 5.0 10.0 -5.0
547.0 584.0 4 -10.0 -5.0 -10.0 5.0 10.0 5.0 10.0 -5.0
123.0 830.0 4 -10.0 -5.0 -10.0 5.0 10.0 5.0 10.0 -5.0
488.0 1122.0 4 -10.0 -5.0 -10.0 5.0 10.0 5.0 10.0 -5.0
557.0 949.0 4 -10.0 -5.0 -10.0 5.0 10.0 5.0 10.0 -5.0
1399.0 369.0 4 -10.0 -5.0 -10.0 5.0 10.0 5.0 10.0 -5.0
334.0 636.0 4 -10.0 -5.0 -10.0 5.0 10.0 5.0 10.0 -5.0
672.0 677.0 4 -10.0 -5.0 -10.0 5.0 10.0 5.0 10.0 -5.0
1462.0 166.0 4 -10.0 -5.0 -10.0 5.0 10.0 5.0 10.0 -5.0
1184.0 369.0 4 -10.0 -5.0 -10.0 5.0 10.0 5.0 10.0 -5.0
549.0 550.0 4 -10.0 -5.0 -10.0 5.0 10.0 5.0 10.0 -5.0
142.0 688.0 4 -10.0 -5.0 -10.0 5.0 10.0 5.0 10.0 -5.0
208.0 731.0 4 -10.0 -5.0 -10.0 5.0 10.0 5.0 10.0 -5.0
1270.0 402.0 4 -10.0 -5.0 -10.0 5.0 10.0 5.0 10.0 -5.0
1396.0 385.0 4 -10.0 -5.0 -10.0 5.0 10.0 5.0 10.0 -5.0
1180.0 198.0 4 -10.0 -5.0 -10.0 5.0 10.0 5.0 10.0 -5.0
566.0 1290.0 4 -10.0 -5.0 -10.0 5.0 10.0 5.0 10.0 -5.0
801.0 503.0 4 -10.0 -5.0 -10.0 5.0 10.0 5.0 10.0 -5.0
1185.0 81.0 4 -10.0 -5.0 -10.0 5.0 10.0 5.0 10.0 -5.0
1285.0 312.0 4 -10.0 -5.0 -10.0 5.0 10.0 5.0 10.0 -5.0
245.0 274.0 4 -10.0 -5.0 -10.0 5.0 10.0 5.0 10.0 -5.0
579.0 1142.0 4 -10.0 -5.0 -10.0 5.0 10.0 5.0 10.0 -5.0
855.0 397.0 4 -10.0 -5.0 -10.0 5.0 10.0 5.0 10.0 -5.0
572.0 1207.0 4 -10.0 -5.0 -10.0 5.0 10.0 5.0 10.0 -5.0
565.0 1171.0 4 -10.0 -5.0 -10.0 5.0 10.0 5.0 10.0 -5.0
488.0 394.0 4 -10.0 -5.0 -10.0 5.0 10.0 5.0 10.0 -5.0
509.0 317.0 4 -10.0 -5.0 -10.0 5.0 10.0 5.0 10.0 -5.0
77.0 609.0 4 -10.0 -5.0 -10.0 5.0 10.0 5.0 10.0 -5.0
1380.0 164.0 4 -10.0 -5.0 -10.0 5.0 10.0 5.0 10.0 -5.0
306.0 745.0 4 -10.0 -5.0 -10.0 5.0 10.0 5.0 10.0 -5.0
604.0 660.0 4 -10.0 -5.0 -10.0 5.0 10.0 5.0 10.0 -5.0
461.0 962.0 4 -10.0 -5.0 -10.0 5.0 10.0 5.0 10.0 -5.0
1402.0 121.0 4 -10.0 -5.0 -10.0 5.0 10.0 5.0 10.0 -5.0
603.0 690.0 4 -10.0 -5.0 -10.0 5.0 10.0 5.0 10.0 -5.0
481.0 1149.0 4 -10.0 -5.0 -10.0 5.0 10.0 5.0 10.0 -5.0
325.0 572.0 4 -10.0 -5.0 -10.0 5.0 10.0 5.0 10.0 -5.0
983.0 395.0 4 -10.0 -5.0 -10.0 5.0 10.0 5.0 10.0 -5.0
1370.0 214.0 4 -10.0 -5.0 -10.0 5.0 10.0 5.0 10.0 -5.0
595.0 1140.0 4 -10.0 -5.0 -10.0 5.0 10.0 5.0 10.0 -5.0
825.0 322.0 4 -10.0 -5.0 -10.0 5.0 10.0 5.0 10.0 -5.0
150.0 763.0 4 -10.0 -5.0 -10.0 5.0 10.0 5.0 10.0 -5.0
69.0 641.0 4 -10.0 -5.0 -10.0 5.0 10.0 5.0 10.0 -5.0
516.0 491.0 4 -10.0 -5.0 -10.0 5.0 10.0 5.0 10.0 -5.0
1314.0 221.0 4 -10.0 -5.0 -10.0 5.0 10.0 5.0 10.0 -5.0
592.0 1224.0 4 -10.0 -5.0 -10.0 5.0 10.0 5.0 10.0 -5.0
793.0 324.0 4 -10.0 -5.0 -10.0 5.0 10.0 5.0 10.0 -5.0
606.0 881.0 4 -10.0 -5.0 -10.0 5.0 10.0 5.0 10.0 -5.0
1188.0 166.0 4 -10.0 -5.0 -10.0 5.0 10.0 5.0 10.0 -5.0
481.0 702.0 4 -10.0 -5.0 -10.0 5.0 10.0 5.0 10.0 -5.0
1500.0 140.0 4 -10.0 -5.0 -10.0 5.0 10.0 5.0 10.0 -5.0
704.0 759.0 4 -10.0 -5.0 -10.0 5.0 10.0 5.0 10.0 -5.0
1309.0 429.0 4 -10.0 -5.0 -10.0 5.0 10.0 5.0 10.0 -5.0
965.0 515.0 4 -10.0 -5.0 -10.0 5.0 10.0 5.0 10.0 -5.0
511.0 424.0 4 -10.0 -5.0 -10.0 5.0 10.0 5.0 10.0 -5.0
1158.0 113.0 4 -10.0 -5.0 -10.0 5.0 10.0 5.0 10.0 -5.0
168.0 736.0 4 -10.0 -5.0 -10.0 5.0 10.0 5.0 10.0 -5.0
284.0 290.0 4 -10.0 -5.0 -10.0 5.0 10.0 5.0 10.0 -5.0
648.0 634.0 4 -10.0 -5.0 -10.0 5.0 10.0 5.0 10.0 -5.0
822.0 499.0 4 -10.0 -5.0 -10.0 5.0 10.0 5.0 10.0 -5.0
227.0 743.0 4 -10.0 -5.0 -10.0 5.0 10.0 5.0 10.0 -5.0
1220.0 113.0 4 -10.0 -5.0 -10.0 5.0 10.0 5.0 10.0 -5.0
270.0 298.0 4 -10.0 -5.0 -10.0 5.0 10.0 5.0 10.0 -5.0
604.0 858.0 4 -10.0 -5.0 -10.0 5.0 10.0 5.0 10.0 -5.0
1397.0 346.0 4 -10.0 -5.0 -10.0 5.0 10.0 5.0 10.0 -5.0
