1000
972.0 885.0 4 -10.0 -5.0 -10.0 5.0 10.0 5.0 10.0 -5.0
1074.0 969.0 4 -10.0 -5.0 -10.0 5.0 10.0 5.0 10.0 -5.0
830.0 823.0 4 -10.0 -5.0 -10.0 5.0 10.0 5.0 10.0 -5.0
697.0 734.0 4 -10.0 -5.0 -10.0 5.0 10.0 5.0 10.0 -5.0
618.0 608.0 4 -10.0 -5.0 -10.0 5.0 10.0 5.0 10.0 -5.0
621.0 513.0 4 -10.0 -5.0 -10.0 5.0 10.0 5.0 10.0 -5.0
1080.0 865.0 4 -10.0 -5.0 -10.0 5.0 10.0 5.0 10.0 -5.0
1159.0 861.0 4 -10.0 -5.0 -10.0 5.0 10.0 5.0 10.0 -5.0
524.0 519.0 4 -10.0 -5.0 -10.0 5.0 10.0 5.0 10.0 -5.0
585.0 555.0 4 -10.0 -5.0 -10.0 5.0 10.0 5.0 10.0 -5.0
808.0 903.0 4 -10.0 -5.0 -10.0 5.0 10.0 5.0 10.0 -5.0
1117.0 859.0 4 -10.0 -5.0 -10.0 5.0 10.0 5.0 10.0 -5.0
621.0 729.0 4 -10.0 -5.0 -10.0 5.0 10.0 5.0 10.0 -5.0
614.0 791.0 4 -10.0 -5.0 -10.0 5.0 10.0 5.0 10.0 -5.0
550.0 501.0 4 -10.0 -5.0 -10.0 5.0 10.0 5.0 10.0 -5.0
584.0 457.0 4 -10.0 -5.0 -10.0 5.0 10.0 5.0 10.0 -5.0
496.0 507.0 4 -10.0 -5.0 -10.0 5.0 10.0 5.0 10.0 -5.0
1140.0 974.0 4 -10.0 -5.0 -10.0 5.0 10.0 5.0 10.0 -5.0
1008.0 861.0 4 -10.0 -5.0 -10.0 5.0 10.0 5.0 10.0 -5.0
982.0 947.0 4 -10.0 -5.0 -10.0 5.0 10.0 5.0 10.0 -5.0
784.0 980.0 4 -10.0 -5.0 -10.0 5.0 10.0 5.0 10.0 -5.0
436.0 430.0 4 -10.0 -5.0 -10.0 5.0 10.0 5.0 10.0 -5.0
1165.0 1047.0 4 -10.0 -5.0 -10.0 5.0 10.0 5.0 10.0 -5.0
600.0 592.0 4 -10.0 -5.0 -10.0 5.0 10.0 5.0 10.0 -5.0
527.0 829.0 4 -10.0 -5.0 -10.0 5.0 10.0 5.0 10.0 -5.0
483.0 495.0 4 -10.0 -5.0 -10.0 5.0 10.0 5.0 10.0 -5.0
558.0 424.0 4 -10.0 -5.0 -10.0 5.0 10.0 5.0 10.0 -5.0
612.0 823.0 4 -10.0 -5.0 -10.0 5.0 10.0 5.0 10.0 -5.0
994.0 1009.0 4 -10.0 -5.0 -10.0 5.0 10.0 5.0 10.0 -5.0
639.0 802.0 4 -10.0 -5.0 -10.0 5.0 10.0 5.0 10.0 -5.0
642.0 432.0 4 -10.0 -5.0 -10.0 5.0 10.0 5.0 10.0 -5.0
362.0 369.0 4 -10.0 -5.0 -10.0 5.0 10.0 5.0 10.0 -5.0
708.0 710.0 4 -10.0 -5.0 -10.0 5.0 10.0 5.0 10.0 -5.0
660.0 374.0 4 -10.0 -5.0 -10.0 5.0 10.0 5.0 10.0 -5.0
1240.0 1088.0 4 -10.0 -5.0 -10.0 5.0 10.0 5.0 10.0 -5.0
1174.0 1077.0 4 -10.0 -5.0 -10.0 5.0 10.0 5.0 10.0 -5.0
497.0 512.0 4 -10.0 -5.0 -10.0 5.0 10.0 5.0 10.0 -5.0
444.0 860.0 4 -10.0 -5.0 -10.0 5.0 10.0 5.0 10.0 -5.0
1187.0 964.0 4 -10.0 -5.0 -10.0 5.0 10.0 5.0 10.0 -5.0
645.0 371.0 4 -10.0 -5.0 -10.0 5.0 10.0 5.0 10.0 -5.0
1075.0 1029.0 4 -10.0 -5.0 -10.0 5.0 10.0 5.0 10.0 -5.0
1214.0 1065.0 4 -10.0 -5.0 -10.0 5.0 10.0 5.0 10.0 -5.0
1161.0 840.0 4 -10.0 -5.0 -10.0 5.0 10.0 5.0 10.0 -5.0
1001.0 1062.0 4 -10.0 -5.0 -10.0 5.0 10.0 5.0 10.0 -5.0
448.0 480.0 4 -10.0 -5.0 -10.0 5.0 10.0 5.0 10.0 -5.0
1105.0 855.0 4 -10.0 -5.0 -10.0 5.0 10.0 5.0 10.0 -5.0
1305.0 1118.0 4 -10.0 -5.0 -10.0 5.0 10.0 5.0 10.0 -5.0
555.0 437.0 4 -10.0 -5.0 -10.0 5.0 10.0 5.0 10.0 -5.0
1203.0 1115.0 4 -10.0 -5.0 -10.0 5.0 10.0 5.0 10.0 -5.0
1215.0 944.0 4 -10.0 -5.0 -10.0 5.0 10.0 5.0 10.0 -5.0
393.0 899.0 4 -10.0 -5.0 -10.0 5.0 10.0 5.0 10.0 -5.0
458.0 523.0 4 -10.0 -5.0 -10.0 5.0 10.0 5.0 10.0 -5.0
1193.0 821.0 4 -10.0 -5.0 -10.0 5.0 10.0 5.0 10.0 -5.0
1365.0 1148.0 4 -10.0 -5.0 -10.0 5.0 10.0 5.0 10.0 -5.0
1036.0 840.0 4 -10.0 -5.0 -10.0 5.0 10.0 5.0 10.0 -5.0
721.0 695.0 4 -10.0 -5.0 -10.0 5.0 10.0 5.0 10.0 -5.0
1059.0 1061.0 4 -10.0 -5.0 -10.0 5.0 10.0 5.0 10.0 -5.0
298.0 312.0 4 -10.0 -5.0 -10.0 5.0 10.0 5.0 10.0 -5.0
494.0 832.0 4 -10.0 -5.0 -10.0 5.0 10.0 5.0 10.0 -5.0
514.0 492.0 4 -10.0 -5.0 -10.0 5.0 10.0 5.0 10.0 -5.0
1203.0 1058.0 4 -10.0 -5.0 -10.0 5.0 10.0 5.0 10.0 -5.0
596.0 715.0 4 -10.0 -5.0 -10.0 5.0 10.0 5.0 10.0 -5.0
544.0 412.0 4 -10.0 -5.0 -10.0 5.0 10.0 5.0 10.0 -5.0
998.0 1099.0 4 -10.0 -5.0 -10.0 5.0 10.0 5.0 10.0 -5.0
1237.0 858.0 4 -10.0 -5.0 -10.0 5.0 10.0 5.0 10.0 -5.0
481.0 487.0 4 -10.0 -5.0 -10.0 5.0 10.0 5.0 10.0 -5.0
240.0 258.0 4 -10.0 -5.0 -10.0 5.0 10.0 5.0 10.0 -5.0
376.0 874.0 4 -10.0 -5.0 -10.0 5.0 10.0 5.0 10.0 -5.0
1091.0 1070.0 4 -10.0 -5.0 -10.0 5.0 10.0 5.0 10.0 -5.0
983.0 972.0 4 -10.0 -5.0 -10.0 5.0 10.0 5.0 10.0 -5.0
1242.0 1182.0 4 -10.0 -5.0 -10.0 5.0 10.0 5.0 10.0 -5.0
1267.0 851.0 4 -10.0 -5.0 -10.0 5.0 10.0 5.0 10.0 -5.0
1108.0 863.0 4 -10.0 -5.0 -10.0 5.0 10.0 5.0 10.0 -5.0
532.0 391.0 4 -10.0 -5.0 -10.0 5.0 10.0 5.0 10.0 -5.0
496.0 861.0 4 -10.0 -5.0 -10.0 5.0 10.0 5.0 10.0 -5.0
1311.0 855.0 4 -10.0 -5.0 -10.0 5.0 10.0 5.0 10.0 -5.0
551.0 481.0 4 -10.0 -5.0 -10.0 5.0 10.0 5.0 10.0 -5.0
1105.0 1101.0 4 -10.0 -5.0 -10.0 5.0 10.0 5.0 10.0 -5.0
326.0 894.0 4 -10.0 -5.0 -10.0 5.0 10.0 5.0 10.0 -5.0
515.0 369.0 4 -10.0 -5.0 -10.0 5.0 10.0 5.0 10.0 -5.0
1246.0 1227.0 4 -10.0 -5.0 -10.0 5.0 10.0 5.0 10.0 -5.0
1188.0 859.0 4 -10.0 -5.0 -10.0 5.0 10.0 5.0 10.0 -5.0
648.0 500.0 4 -10.0 -5.0 -10.0 5.0 10.0 5.0 10.0 -5.0
319.0 352.0 4 -10.0 -5.0 -10.0 5.0 10.0 5.0 10.0 -5.0
1097.0 1107.0 4 -10.0 -5.0 -10.0 5.0 10.0 5.0 10.0 -5.0
1285.0 1238.0 4 -10.0 -5.0 -10.0 5.0 10.0 5.0 10.0 -5.0
1261.0 1079.0 4 -10.0 -5.0 -10.0 5.0 10.0 5.0 10.0 -5.0
554.0 373.0 4 -10.0 -5.0 -10.0 5.0 10.0 5.0 10.0 -5.0
547.0 316.0 4 -10.0 -5.0 -10.0 5.0 10.0 5.0 10.0 -5.0
500.0 539.0 4 -10.0 -5.0 -10.0 5.0 10.0 5.0 10.0 -5.0
595.0 786.0 4 -10.0 -5.0 -10.0 5.0 10.0 5.0 10.0 -5.0
448.0 513.0 4 -10.0 -5.0 -10.0 5.0 10.0 5.0 10.0 -5.0
487.0 327.0 4 -10.0 -5.0 -10.0 5.0 10.0 5.0 10.0 -5.0
549.0 344.0 4 -10.0 -5.0 -10.0 5.0 10.0 5.0 10.0 -5.0
545.0 728.0 4 -10.0 -5.0 -10.0 5.0 10.0 5.0 10.0 -5.0
617.0 596.0 4 -10.0 -5.0 -10.0 5.0 10.0 5.0 10.0 -5.0
265.0 287.0 4 -10.0 -5.0 -10.0 5.0 10.0 5.0 10.0 -5.0
413.0 879.0 4 -10.0 -5.0 -10.0 5.0 10.0 5.0 10.0 -5.0
623.0 791.0 4 -10.0 -5.0 -10.0 5.0 10.0 5.0 10.0 -5.0
419.0 467.0 4 -10.0 -5.0 -10.0 5.0 10.0 5.0 10.0 -5.0
1297.0 1276.0 4 -10.0 -5.0 -10.0 5.0 10.0 5.0 10.0 -5.0
989.0 997.0 4 -10.0 -5.0 -10.0 5.0 10.0 5.0 10.0 -5.0
218.0 234.0 4 -10.0 -5.0 -10.0 5.0 10.0 5.0 10.0 -5.0
562.0 465.0 4 -10.0 -5.0 -10.0 5.0 10.0 5.0 10.0 -5.0
665.0 799.0 4 -10.0 -5.0 -10.0 5.0 10.0 5.0 10.0 -5.0
984.0 964.0 4 -10.0 -5.0 -10.0 5.0 10.0 5.0 10.0 -5.0
730.0 712.0 4 -10.0 -5.0 -10.0 5.0 10.0 5.0 10.0 -5.0
1308.0 1268.0 4 -10.0 -5.0 -10.0 5.0 10.0 5.0 10.0 -5.0
476.0 729.0 4 -10.0 -5.0 -10.0 5.0 10.0 5.0 10.0 -5.0
1325.0 1283.0 4 -10.0 -5.0 -10.0 5.0 10.0 5.0 10.0 -5.0
761.0 1053.0 4 -10.0 -5.0 -10.0 5.0 10.0 5.0 10.0 -5.0
1270.0 1106.0 4 -10.0 -5.0 -10.0 5.0 10.0 5.0 10.0 -5.0
411.0 729.0 4 -10.0 -5.0 -10.0 5.0 10.0 5.0 10.0 -5.0
638.0 783.0 4 -10.0 -5.0 -10.0 5.0 10.0 5.0 10.0 -5.0
409.0 864.0 4 -10.0 -5.0 -10.0 5.0 10.0 5.0 10.0 -5.0
649.0 400.0 4 -10.0 -5.0 -10.0 5.0 10.0 5.0 10.0 -5.0
739.0 1123.0 4 -10.0 -5.0 -10.0 5.0 10.0 5.0 10.0 -5.0
531.0 279.0 4 -10.0 -5.0 -10.0 5.0 10.0 5.0 10.0 -5.0
662.0 403.0 4 -10.0 -5.0 -10.0 5.0 10.0 5.0 10.0 -5.0
464.0 890.0 4 -10.0 -5.0 -10.0 5.0 10.0 5.0 10.0 -5.0
490.0 487.0 4 -10.0 -5.0 -10.0 5.0 10.0 5.0 10.0 -5.0
842.0 845.0 4 -10.0 -5.0 -10.0 5.0 10.0 5.0 10.0 -5.0
732.0 1151.0 4 -10.0 -5.0 -10.0 5.0 10.0 5.0 10.0 -5.0
594.0 846.0 4 -10.0 -5.0 -10.0 5.0 10.0 5.0 10.0 -5.0
590.0 720.0 4 -10.0 -5.0 -10.0 5.0 10.0 5.0 10.0 -5.0
1265.0 1104.0 4 -10.0 -5.0 -10.0 5.0 10.0 5.0 10.0 -5.0
662.0 751.0 4 -10.0 -5.0 -10.0 5.0 10.0 5.0 10.0 -5.0
1355.0 1328.0 4 -10.0 -5.0 -10.0 5.0 10.0 5.0 10.0 -5.0
392.0 357.0 4 -10.0 -5.0 -10.0 5.0 10.0 5.0 10.0 -5.0
384.0 875.0 4 -10.0 -5.0 -10.0 5.0 10.0 5.0 10.0 -5.0
1195.0 982.0 4 -10.0 -5.0 -10.0 5.0 10.0 5.0 10.0 -5.0
347.0 935.0 4 -10.0 -5.0 -10.0 5.0 10.0 5.0 10.0 -5.0
572.0 891.0 4 -10.0 -5.0 -10.0 5.0 10.0 5.0 10.0 -5.0
651.0 759.0 4 -10.0 -5.0 -10.0 5.0 10.0 5.0 10.0 -5.0
718.0 1180.0 4 -10.0 -5.0 -10.0 5.0 10.0 5.0 10.0 -5.0
521.0 355.0 4 -10.0 -5.0 -10.0 5.0 10.0 5.0 10.0 -5.0
1035.0 1088.0 4 -10.0 -5.0 -10.0 5.0 10.0 5.0 10.0 -5.0
677.0 336.0 4 -10.0 -5.0 -10.0 5.0 10.0 5.0 10.0 -5.0
557.0 278.0 4 -10.0 -5.0 -10.0 5.0 10.0 5.0 10.0 -5.0
755.0 692.0 4 -10.0 -5.0 -10.0 5.0 10.0 5.0 10.0 -5.0
365.0 319.0 4 -10.0 -5.0 -10.0 5.0 10.0 5.0 10.0 -5.0
1380.0 1363.0 4 -10.0 -5.0 -10.0 5.0 10.0 5.0 10.0 -5.0
420.0 854.0 4 -10.0 -5.0 -10.0 5.0 10.0 5.0 10.0 -5.0
1246.0 985.0 4 -10.0 -5.0 -10.0 5.0 10.0 5.0 10.0 -5.0
551.0 931.0 4 -10.0 -5.0 -10.0 5.0 10.0 5.0 10.0 -5.0
578.0 355.0 4 -10.0 -5.0 -10.0 5.0 10.0 5.0 10.0 -5.0
405.0 399.0 4 -10.0 -5.0 -10.0 5.0 10.0 5.0 10.0 -5.0
235.0 275.0 4 -10.0 -5.0 -10.0 5.0 10.0 5.0 10.0 -5.0
383.0 893.0 4 -10.0 -5.0 -10.0 5.0 10.0 5.0 10.0 -5.0
328.0 878.0 4 -10.0 -5.0 -10.0 5.0 10.0 5.0 10.0 -5.0
1368.0 1349.0 4 -10.0 -5.0 -10.0 5.0 10.0 5.0 10.0 -5.0
670.0 329.0 4 -10.0 -5.0 -10.0 5.0 10.0 5.0 10.0 -5.0
650.0 314.0 4 -10.0 -5.0 -10.0 5.0 10.0 5.0 10.0 -5.0
1291.0 985.0 4 -10.0 -5.0 -10.0 5.0 10.0 5.0 10.0 -5.0
301.0 963.0 4 -10.0 -5.0 -10.0 5.0 10.0 5.0 10.0 -5.0
543.0 276.0 4 -10.0 -5.0 -10.0 5.0 10.0 5.0 10.0 -5.0
574.0 469.0 4 -10.0 -5.0 -10.0 5.0 10.0 5.0 10.0 -5.0
1058.0 1091.0 4 -10.0 -5.0 -10.0 5.0 10.0 5.0 10.0 -5.0
651.0 267.0 4 -10.0 -5.0 -10.0 5.0 10.0 5.0 10.0 -5.0
1010.0 1029.0 4 -10.0 -5.0 -10.0 5.0 10.0 5.0 10.0 -5.0
1215.0 997.0 4 -10.0 -5.0 -10.0 5.0 10.0 5.0 10.0 -5.0
411.0 852.0 4 -10.0 -5.0 -10.0 5.0 10.0 5.0 10.0 -5.0
281.0 904.0 4 -10.0 -5.0 -10.0 5.0 10.0 5.0 10.0 -5.0
1238.0 1081.0 4 -10.0 -5.0 -10.0 5.0 10.0 5.0 10.0 -5.0
1416.0 1168.0 4 -10.0 -5.0 -10.0 5.0 10.0 5.0 10.0 -5.0
825.0 925.0 4 -10.0 -5.0 -10.0 5.0 10.0 5.0 10.0 -5.0
1188.0 1069.0 4 -10.0 -5.0 -10.0 5.0 10.0 5.0 10.0 -5.0
656.0 271.0 4 -10.0 -5.0 -10.0 5.0 10.0 5.0 10.0 -5.0
556.0 414.0 4 -10.0 -5.0 -10.0 5.0 10.0 5.0 10.0 -5.0
565.0 339.0 4 -10.0 -5.0 -10.0 5.0 10.0 5.0 10.0 -5.0
485.0 298.0 4 -10.0 -5.0 -10.0 5.0 10.0 5.0 10.0 -5.0
1066.0 1077.0 4 -10.0 -5.0 -10.0 5.0 10.0 5.0 10.0 -5.0
598.0 458.0 4 -10.0 -5.0 -10.0 5.0 10.0 5.0 10.0 -5.0
589.0 330.0 4 -10.0 -5.0 -10.0 5.0 10.0 5.0 10.0 -5.0
640.0 735.0 4 -10.0 -5.0 -10.0 5.0 10.0 5.0 10.0 -5.0
659.0 412.0 4 -10.0 -5.0 -10.0 5.0 10.0 5.0 10.0 -5.0
1447.0 1180.0 4 -10.0 -5.0 -10.0 5.0 10.0 5.0 10.0 -5.0
766.0 664.0 4 -10.0 -5.0 -10.0 5.0 10.0 5.0 10.0 -5.0
1376.0 852.0 4 -10.0 -5.0 -10.0 5.0 10.0 5.0 10.0 -5.0
509.0 724.0 4 -10.0 -5.0 -10.0 5.0 10.0 5.0 10.0 -5.0
554.0 391.0 4 -10.0 -5.0 -10.0 5.0 10.0 5.0 10.0 -5.0
269.0 985.0 4 -10.0 -5.0 -10.0 5.0 10.0 5.0 10.0 -5.0
1248.0 1213.0 4 -10.0 -5.0 -10.0 5.0 10.0 5.0 10.0 -5.0
1054.0 1123.0 4 -10.0 -5.0 -10.0 5.0 10.0 5.0 10.0 -5.0
623.0 706.0 4 -10.0 -5.0 -10.0 5.0 10.0 5.0 10.0 -5.0
330.0 352.0 4 -10.0 -5.0 -10.0 5.0 10.0 5.0 10.0 -5.0
1401.0 1391.0 4 -10.0 -5.0 -10.0 5.0 10.0 5.0 10.0 -5.0
1432.0 854.0 4 -10.0 -5.0 -10.0 5.0 10.0 5.0 10.0 -5.0
1207.0 1094.0 4 -10.0 -5.0 -10.0 5.0 10.0 5.0 10.0 -5.0
1213.0 977.0 4 -10.0 -5.0 -10.0 5.0 10.0 5.0 10.0 -5.0
656.0 234.0 4 -10.0 -5.0 -10.0 5.0 10.0 5.0 10.0 -5.0
1048.0 1159.0 4 -10.0 -5.0 -10.0 5.0 10.0 5.0 10.0 -5.0
1229.0 961.0 4 -10.0 -5.0 -10.0 5.0 10.0 5.0 10.0 -5.0
1094.0 986.0 4 -10.0 -5.0 -10.0 5.0 10.0 5.0 10.0 -5.0
592.0 886.0 4 -10.0 -5.0 -10.0 5.0 10.0 5.0 10.0 -5.0
402.0 405.0 4 -10.0 -5.0 -10.0 5.0 10.0 5.0 10.0 -5.0
1226.0 994.0 4 -10.0 -5.0 -10.0 5.0 10.0 5.0 10.0 -5.0
1212.0 822.0 4 -10.0 -5.0 -10.0 5.0 10.0 5.0 10.0 -5.0
1212.0 1079.0 4 -10.0 -5.0 -10.0 5.0 10.0 5.0 10.0 -5.0
1243.0 1252.0 4 -10.0 -5.0 -10.0 5.0 10.0 5.0 10.0 -5.0
1323.0 1291.0 4 -10.0 -5.0 -10.0 5.0 10.0 5.0 10.0 -5.0
1418.0 1413.0 4 -10.0 -5.0 -10.0 5.0 10.0 5.0 10.0 -5.0
536.0 422.0 4 -10.0 -5.0 -10.0 5.0 10.0 5.0 10.0 -5.0
216.0 238.0 4 -10.0 -5.0 -10.0 5.0 10.0 5.0 10.0 -5.0
590.0 899.0 4 -10.0 -5.0 -10.0 5.0 10.0 5.0 10.0 -5.0
1091.0 1097.0 4 -10.0 -5.0 -10.0 5.0 10.0 5.0 10.0 -5.0
409.0 515.0 4 -10.0 -5.0 -10.0 5.0 10.0 5.0 10.0 -5.0
546.0 370.0 4 -10.0 -5.0 -10.0 5.0 10.0 5.0 10.0 -5.0
1061.0 819.0 4 -10.0 -5.0 -10.0 5.0 10.0 5.0 10.0 -5.0
1085.0 1125.0 4 -10.0 -5.0 -10.0 5.0 10.0 5.0 10.0 -5.0
191.0 209.0 4 -10.0 -5.0 -10.0 5.0 10.0 5.0 10.0 -5.0
1317.0 1298.0 4 -10.0 -5.0 -10.0 5.0 10.0 5.0 10.0 -5.0
992.0 1042.0 4 -10.0 -5.0 -10.0 5.0 10.0 5.0 10.0 -5.0
363.0 910.0 4 -10.0 -5.0 -10.0 5.0 10.0 5.0 10.0 -5.0
423.0 539.0 4 -10.0 -5.0 -10.0 5.0 10.0 5.0 10.0 -5.0
244.0 264.0 4 -10.0 -5.0 -10.0 5.0 10.0 5.0 10.0 -5.0
529.0 967.0 4 -10.0 -5.0 -10.0 5.0 10.0 5.0 10.0 -5.0
1054.0 1150.0 4 -10.0 -5.0 -10.0 5.0 10.0 5.0 10.0 -5.0
361.0 310.0 4 -10.0 -5.0 -10.0 5.0 10.0 5.0 10.0 -5.0
508.0 998.0 4 -10.0 -5.0 -10.0 5.0 10.0 5.0 10.0 -5.0
1377.0 1347.0 4 -10.0 -5.0 -10.0 5.0 10.0 5.0 10.0 -5.0
479.0 510.0 4 -10.0 -5.0 -10.0 5.0 10.0 5.0 10.0 -5.0
393.0 547.0 4 -10.0 -5.0 -10.0 5.0 10.0 5.0 10.0 -5.0
672.0 377.0 4 -10.0 -5.0 -10.0 5.0 10.0 5.0 10.0 -5.0
610.0 739.0 4 -10.0 -5.0 -10.0 5.0 10.0 5.0 10.0 -5.0
573.0 491.0 4 -10.0 -5.0 -10.0 5.0 10.0 5.0 10.0 -5.0
1092.0 966.0 4 -10.0 -5.0 -10.0 5.0 10.0 5.0 10.0 -5.0
149.0 160.0 4 -10.0 -5.0 -10.0 5.0 10.0 5.0 10.0 -5.0
113.0 125.0 4 -10.0 -5.0 -10.0 5.0 10.0 5.0 10.0 -5.0
444.0 909.0 4 -10.0 -5.0 -10.0 5.0 10.0 5.0 10.0 -5.0
125.0 133.0 4 -10.0 -5.0 -10.0 5.0 10.0 5.0 10.0 -5.0
1040.0 857.0 4 -10.0 -5.0 -10.0 5.0 10.0 5.0 10.0 -5.0
698.0 1230.0 4 -10.0 -5.0 -10.0 5.0 10.0 5.0 10.0 -5.0
517.0 243.0 4 -10.0 -5.0 -10.0 5.0 10.0 5.0 10.0 -5.0
460.0 312.0 4 -10.0 -5.0 -10.0 5.0 10.0 5.0 10.0 -5.0
396.0 410.0 4 -10.0 -5.0 -10.0 5.0 10.0 5.0 10.0 -5.0
1058.0 1075.0 4 -10.0 -5.0 -10.0 5.0 10.0 5.0 10.0 -5.0
442.0 729.0 4 -10.0 -5.0 -10.0 5.0 10.0 5.0 10.0 -5.0
480.0 529.0 4 -10.0 -5.0 -10.0 5.0 10.0 5.0 10.0 -5.0
967.0 901.0 4 -10.0 -5.0 -10.0 5.0 10.0 5.0 10.0 -5.0
786.0 649.0 4 -10.0 -5.0 -10.0 5.0 10.0 5.0 10.0 -5.0
1181.0 1102.0 4 -10.0 -5.0 -10.0 5.0 10.0 5.0 10.0 -5.0
384.0 855.0 4 -10.0 -5.0 -10.0 5.0 10.0 5.0 10.0 -5.0
1238.0 924.0 4 -10.0 -5.0 -10.0 5.0 10.0 5.0 10.0 -5.0
1261.0 804.0 4 -10.0 -5.0 -10.0 5.0 10.0 5.0 10.0 -5.0
1011.0 1113.0 4 -10.0 -5.0 -10.0 5.0 10.0 5.0 10.0 -5.0
1240.0 1067.0 4 -10.0 -5.0 -10.0 5.0 10.0 5.0 10.0 -5.0
1281.0 985.0 4 -10.0 -5.0 -10.0 5.0 10.0 5.0 10.0 -5.0
655.0 732.0 4 -10.0 -5.0 -10.0 5.0 10.0 5.0 10.0 -5.0
1095.0 1140.0 4 -10.0 -5.0 -10.0 5.0 10.0 5.0 10.0 -5.0
594.0 922.0 4 -10.0 -5.0 -10.0 5.0 10.0 5.0 10.0 -5.0
1348.0 851.0 4 -10.0 -5.0 -10.0 5.0 10.0 5.0 10.0 -5.0
780.0 1014.0 4 -10.0 -5.0 -10.0 5.0 10.0 5.0 10.0 -5.0
1013.0 1102.0 4 -10.0 -5.0 -10.0 5.0 10.0 5.0 10.0 -5.0
635.0 588.0 4 -10.0 -5.0 -10.0 5.0 10.0 5.0 10.0 -5.0
474.0 552.0 4 -10.0 -5.0 -10.0 5.0 10.0 5.0 10.0 -5.0
138.0 130.0 4 -10.0 -5.0 -10.0 5.0 10.0 5.0 10.0 -5.0
501.0 1028.0 4 -10.0 -5.0 -10.0 5.0 10.0 5.0 10.0 -5.0
501.0 496.0 4 -10.0 -5.0 -10.0 5.0 10.0 5.0 10.0 -5.0
369.0 304.0 4 -10.0 -5.0 -10.0 5.0 10.0 5.0 10.0 -5.0
625.0 771.0 4 -10.0 -5.0 -10.0 5.0 10.0 5.0 10.0 -5.0
596.0 954.0 4 -10.0 -5.0 -10.0 5.0 10.0 5.0 10.0 -5.0
1285.0 1121.0 4 -10.0 -5.0 -10.0 5.0 10.0 5.0 10.0 -5.0
277.0 981.0 4 -10.0 -5.0 -10.0 5.0 10.0 5.0 10.0 -5.0
419.0 478.0 4 -10.0 -5.0 -10.0 5.0 10.0 5.0 10.0 -5.0
575.0 256.0 4 -10.0 -5.0 -10.0 5.0 10.0 5.0 10.0 -5.0
846.0 808.0 4 -10.0 -5.0 -10.0 5.0 10.0 5.0 10.0 -5.0
1304.0 792.0 4 -10.0 -5.0 -10.0 5.0 10.0 5.0 10.0 -5.0
604.0 947.0 4 -10.0 -5.0 -10.0 5.0 10.0 5.0 10.0 -5.0
549.0 524.0 4 -10.0 -5.0 -10.0 5.0 10.0 5.0 10.0 -5.0
435.0 913.0 4 -10.0 -5.0 -10.0 5.0 10.0 5.0 10.0 -5.0
383.0 367.0 4 -10.0 -5.0 -10.0 5.0 10.0 5.0 10.0 -5.0
583.0 507.0 4 -10.0 -5.0 -10.0 5.0 10.0 5.0 10.0 -5.0
380.0 865.0 4 -10.0 -5.0 -10.0 5.0 10.0 5.0 10.0 -5.0
519.0 385.0 4 -10.0 -5.0 -10.0 5.0 10.0 5.0 10.0 -5.0
1404.0 1174.0 4 -10.0 -5.0 -10.0 5.0 10.0 5.0 10.0 -5.0
218.0 259.0 4 -10.0 -5.0 -10.0 5.0 10.0 5.0 10.0 -5.0
340.0 288.0 4 -10.0 -5.0 -10.0 5.0 10.0 5.0 10.0 -5.0
670.0 344.0 4 -10.0 -5.0 -10.0 5.0 10.0 5.0 10.0 -5.0
264.0 977.0 4 -10.0 -5.0 -10.0 5.0 10.0 5.0 10.0 -5.0
1269.0 957.0 4 -10.0 -5.0 -10.0 5.0 10.0 5.0 10.0 -5.0
595.0 527.0 4 -10.0 -5.0 -10.0 5.0 10.0 5.0 10.0 -5.0
1243.0 1128.0 4 -10.0 -5.0 -10.0 5.0 10.0 5.0 10.0 -5.0
1029.0 865.0 4 -10.0 -5.0 -10.0 5.0 10.0 5.0 10.0 -5.0
1222.0 826.0 4 -10.0 -5.0 -10.0 5.0 10.0 5.0 10.0 -5.0
523.0 260.0 4 -10.0 -5.0 -10.0 5.0 10.0 5.0 10.0 -5.0
368.0 389.0 4 -10.0 -5.0 -10.0 5.0 10.0 5.0 10.0 -5.0
597.0 980.0 4 -10.0 -5.0 -10.0 5.0 10.0 5.0 10.0 -5.0
572.0 260.0 4 -10.0 -5.0 -10.0 5.0 10.0 5.0 10.0 -5.0
590.0 776.0 4 -10.0 -5.0 -10.0 5.0 10.0 5.0 10.0 -5.0
508.0 327.0 4 -10.0 -5.0 -10.0 5.0 10.0 5.0 10.0 -5.0
233.0 977.0 4 -10.0 -5.0 -10.0 5.0 10.0 5.0 10.0 -5.0
602.0 912.0 4 -10.0 -5.0 -10.0 5.0 10.0 5.0 10.0 -5.0
1441.0 1200.0 4 -10.0 -5.0 -10.0 5.0 10.0 5.0 10.0 -5.0
733.0 1172.0 4 -10.0 -5.0 -10.0 5.0 10.0 5.0 10.0 -5.0
802.0 636.0 4 -10.0 -5.0 -10.0 5.0 10.0 5.0 10.0 -5.0
262.0 996.0 4 -10.0 -5.0 -10.0 5.0 10.0 5.0 10.0 -5.0
1024.0 842.0 4 -10.0 -5.0 -10.0 5.0 10.0 5.0 10.0 -5.0
523.0 252.0 4 -10.0 -5.0 -10.0 5.0 10.0 5.0 10.0 -5.0
642.0 563.0 4 -10.0 -5.0 -10.0 5.0 10.0 5.0 10.0 -5.0
1230.0 1125.0 4 -10.0 -5.0 -10.0 5.0 10.0 5.0 10.0 -5.0
546.0 245.0 4 -10.0 -5.0 -10.0 5.0 10.0 5.0 10.0 -5.0
1432.0 1195.0 4 -10.0 -5.0 -10.0 5.0 10.0 5.0 10.0 -5.0
1084.0 802.0 4 -10.0 -5.0 -10.0 5.0 10.0 5.0 10.0 -5.0
862.0 854.0 4 -10.0 -5.0 -10.0 5.0 10.0 5.0 10.0 -5.0
1340.0 1311.0 4 -10.0 -5.0 -10.0 5.0 10.0 5.0 10.0 -5.0
1109.0 1135.0 4 -10.0 -5.0 -10.0 5.0 10.0 5.0 10.0 -5.0
1030.0 1127.0 4 -10.0 -5.0 -10.0 5.0 10.0 5.0 10.0 -5.0
1140.0 850.0 4 -10.0 -5.0 -10.0 5.0 10.0 5.0 10.0 -5.0
461.0 467.0 4 -10.0 -5.0 -10.0 5.0 10.0 5.0 10.0 -5.0
483.0 730.0 4 -10.0 -5.0 -10.0 5.0 10.0 5.0 10.0 -5.0
569.0 248.0 4 -10.0 -5.0 -10.0 5.0 10.0 5.0 10.0 -5.0
536.0 242.0 4 -10.0 -5.0 -10.0 5.0 10.0 5.0 10.0 -5.0
1319.0 1149.0 4 -10.0 -5.0 -10.0 5.0 10.0 5.0 10.0 -5.0
568.0 482.0 4 -10.0 -5.0 -10.0 5.0 10.0 5.0 10.0 -5.0
598.0 904.0 4 -10.0 -5.0 -10.0 5.0 10.0 5.0 10.0 -5.0
1367.0 1342.0 4 -10.0 -5.0 -10.0 5.0 10.0 5.0 10.0 -5.0
1246.0 1261.0 4 -10.0 -5.0 -10.0 5.0 10.0 5.0 10.0 -5.0
305.0 919.0 4 -10.0 -5.0 -10.0 5.0 10.0 5.0 10.0 -5.0
1340.0 780.0 4 -10.0 -5.0 -10.0 5.0 10.0 5.0 10.0 -5.0
1077.0 983.0 4 -10.0 -5.0 -10.0 5.0 10.0 5.0 10.0 -5.0
597.0 771.0 4 -10.0 -5.0 -10.0 5.0 10.0 5.0 10.0 -5.0
990.0 1138.0 4 -10.0 -5.0 -10.0 5.0 10.0 5.0 10.0 -5.0
578.0 867.0 4 -10.0 -5.0 -10.0 5.0 10.0 5.0 10.0 -5.0
437.0 451.0 4 -10.0 -5.0 -10.0 5.0 10.0 5.0 10.0 -5.0
1330.0 982.0 4 -10.0 -5.0 -10.0 5.0 10.0 5.0 10.0 -5.0
679.0 291.0 4 -10.0 -5.0 -10.0 5.0 10.0 5.0 10.0 -5.0
1276.0 811.0 4 -10.0 -5.0 -10.0 5.0 10.0 5.0 10.0 -5.0
720.0 750.0 4 -10.0 -5.0 -10.0 5.0 10.0 5.0 10.0 -5.0
678.0 383.0 4 -10.0 -5.0 -10.0 5.0 10.0 5.0 10.0 -5.0
344.0 369.0 4 -10.0 -5.0 -10.0 5.0 10.0 5.0 10.0 -5.0
1231.0 995.0 4 -10.0 -5.0 -10.0 5.0 10.0 5.0 10.0 -5.0
1352.0 859.0 4 -10.0 -5.0 -10.0 5.0 10.0 5.0 10.0 -5.0
1440.0 1176.0 4 -10.0 -5.0 -10.0 5.0 10.0 5.0 10.0 -5.0
431.0 530.0 4 -10.0 -5.0 -10.0 5.0 10.0 5.0 10.0 -5.0
666.0 422.0 4 -10.0 -5.0 -10.0 5.0 10.0 5.0 10.0 -5.0
1233.0 1236.0 4 -10.0 -5.0 -10.0 5.0 10.0 5.0 10.0 -5.0
1209.0 837.0 4 -10.0 -5.0 -10.0 5.0 10.0 5.0 10.0 -5.0
1351.0 1173.0 4 -10.0 -5.0 -10.0 5.0 10.0 5.0 10.0 -5.0
811.0 628.0 4 -10.0 -5.0 -10.0 5.0 10.0 5.0 10.0 -5.0
404.0 557.0 4 -10.0 -5.0 -10.0 5.0 10.0 5.0 10.0 -5.0
652.0 579.0 4 -10.0 -5.0 -10.0 5.0 10.0 5.0 10.0 -5.0
419.0 521.0 4 -10.0 -5.0 -10.0 5.0 10.0 5.0 10.0 -5.0
1224.0 801.0 4 -10.0 -5.0 -10.0 5.0 10.0 5.0 10.0 -5.0
341.0 875.0 4 -10.0 -5.0 -10.0 5.0 10.0 5.0 10.0 -5.0
727.0 1218.0 4 -10.0 -5.0 -10.0 5.0 10.0 5.0 10.0 -5.0
1321.0 1143.0 4 -10.0 -5.0 -10.0 5.0 10.0 5.0 10.0 -5.0
497.0 300.0 4 -10.0 -5.0 -10.0 5.0 10.0 5.0 10.0 -5.0
1296.0 790.0 4 -10.0 -5.0 -10.0 5.0 10.0 5.0 10.0 -5.0
505.0 1024.0 4 -10.0 -5.0 -10.0 5.0 10.0 5.0 10.0 -5.0
1055.0 990.0 4 -10.0 -5.0 -10.0 5.0 10.0 5.0 10.0 -5.0
498.0 381.0 4 -10.0 -5.0 -10.0 5.0 10.0 5.0 10.0 -5.0
588.0 743.0 4 -10.0 -5.0 -10.0 5.0 10.0 5.0 10.0 -5.0
586.0 943.0 4 -10.0 -5.0 -10.0 5.0 10.0 5.0 10.0 -5.0
348.0 252.0 4 -10.0 -5.0 -10.0 5.0 10.0 5.0 10.0 -5.0
451.0 562.0 4 -10.0 -5.0 -10.0 5.0 10.0 5.0 10.0 -5.0
559.0 779.0 4 -10.0 -5.0 -10.0 5.0 10.0 5.0 10.0 -5.0
251.0 1017.0 4 -10.0 -5.0 -10.0 5.0 10.0 5.0 10.0 -5.0
1336.0 1169.0 4 -10.0 -5.0 -10.0 5.0 10.0 5.0 10.0 -5.0
592.0 869.0 4 -10.0 -5.0 -10.0 5.0 10.0 5.0 10.0 -5.0
662.0 378.0 4 -10.0 -5.0 -10.0 5.0 10.0 5.0 10.0 -5.0
305.0 907.0 4 -10.0 -5.0 -10.0 5.0 10.0 5.0 10.0 -5.0
1300.0 948.0 4 -10.0 -5.0 -10.0 5.0 10.0 5.0 10.0 -5.0
1377.0 1361.0 4 -10.0 -5.0 -10.0 5.0 10.0 5.0 10.0 -5.0
1472.0 1220.0 4 -10.0 -5.0 -10.0 5.0 10.0 5.0 10.0 -5.0
684.0 256.0 4 -10.0 -5.0 -10.0 5.0 10.0 5.0 10.0 -5.0
596.0 484.0 4 -10.0 -5.0 -10.0 5.0 10.0 5.0 10.0 -5.0
1433.0 1433.0 4 -10.0 -5.0 -10.0 5.0 10.0 5.0 10.0 -5.0
1315.0 1327.0 4 -10.0 -5.0 -10.0 5.0 10.0 5.0 10.0 -5.0
666.0 716.0 4 -10.0 -5.0 -10.0 5.0 10.0 5.0 10.0 -5.0
1256.0 1157.0 4 -10.0 -5.0 -10.0 5.0 10.0 5.0 10.0 -5.0
680.0 1276.0 4 -10.0 -5.0 -10.0 5.0 10.0 5.0 10.0 -5.0
85.0 93.0 4 -10.0 -5.0 -10.0 5.0 10.0 5.0 10.0 -5.0
382.0 503.0 4 -10.0 -5.0 -10.0 5.0 10.0 5.0 10.0 -5.0
548.0 399.0 4 -10.0 -5.0 -10.0 5.0 10.0 5.0 10.0 -5.0
615.0 708.0 4 -10.0 -5.0 -10.0 5.0 10.0 5.0 10.0 -5.0
1157.0 956.0 4 -10.0 -5.0 -10.0 5.0 10.0 5.0 10.0 -5.0
368.0 920.0 4 -10.0 -5.0 -10.0 5.0 10.0 5.0 10.0 -5.0
730.0 1246.0 4 -10.0 -5.0 -10.0 5.0 10.0 5.0 10.0 -5.0
1311.0 1135.0 4 -10.0 -5.0 -10.0 5.0 10.0 5.0 10.0 -5.0
59.0 67.0 4 -10.0 -5.0 -10.0 5.0 10.0 5.0 10.0 -5.0
150.0 194.0 4 -10.0 -5.0 -10.0 5.0 10.0 5.0 10.0 -5.0
663.0 208.0 4 -10.0 -5.0 -10.0 5.0 10.0 5.0 10.0 -5.0
290.0 883.0 4 -10.0 -5.0 -10.0 5.0 10.0 5.0 10.0 -5.0
651.0 769.0 4 -10.0 -5.0 -10.0 5.0 10.0 5.0 10.0 -5.0
328.0 215.0 4 -10.0 -5.0 -10.0 5.0 10.0 5.0 10.0 -5.0
1362.0 770.0 4 -10.0 -5.0 -10.0 5.0 10.0 5.0 10.0 -5.0
1309.0 806.0 4 -10.0 -5.0 -10.0 5.0 10.0 5.0 10.0 -5.0
1306.0 1087.0 4 -10.0 -5.0 -10.0 5.0 10.0 5.0 10.0 -5.0
1236.0 986.0 4 -10.0 -5.0 -10.0 5.0 10.0 5.0 10.0 -5.0
489.0 277.0 4 -10.0 -5.0 -10.0 5.0 10.0 5.0 10.0 -5.0
1067.0 846.0 4 -10.0 -5.0 -10.0 5.0 10.0 5.0 10.0 -5.0
990.0 876.0 4 -10.0 -5.0 -10.0 5.0 10.0 5.0 10.0 -5.0
1277.0 1154.0 4 -10.0 -5.0 -10.0 5.0 10.0 5.0 10.0 -5.0
773.0 1010.0 4 -10.0 -5.0 -10.0 5.0 10.0 5.0 10.0 -5.0
599.0 614.0 4 -10.0 -5.0 -10.0 5.0 10.0 5.0 10.0 -5.0
638.0 696.0 4 -10.0 -5.0 -10.0 5.0 10.0 5.0 10.0 -5.0
1348.0 1295.0 4 -10.0 -5.0 -10.0 5.0 10.0 5.0 10.0 -5.0
803.0 930.0 4 -10.0 -5.0 -10.0 5.0 10.0 5.0 10.0 -5.0
575.0 776.0 4 -10.0 -5.0 -10.0 5.0 10.0 5.0 10.0 -5.0
512.0 392.0 4 -10.0 -5.0 -10.0 5.0 10.0 5.0 10.0 -5.0
1236.0 831.0 4 -10.0 -5.0 -10.0 5.0 10.0 5.0 10.0 -5.0
559.0 351.0 4 -10.0 -5.0 -10.0 5.0 10.0 5.0 10.0 -5.0
353.0 289.0 4 -10.0 -5.0 -10.0 5.0 10.0 5.0 10.0 -5.0
604.0 798.0 4 -10.0 -5.0 -10.0 5.0 10.0 5.0 10.0 -5.0
1292.0 957.0 4 -10.0 -5.0 -10.0 5.0 10.0 5.0 10.0 -5.0
495.0 1053.0 4 -10.0 -5.0 -10.0 5.0 10.0 5.0 10.0 -5.0
266.0 891.0 4 -10.0 -5.0 -10.0 5.0 10.0 5.0 10.0 -5.0
110.0 185.0 4 -10.0 -5.0 -10.0 5.0 10.0 5.0 10.0 -5.0
679.0 263.0 4 -10.0 -5.0 -10.0 5.0 10.0 5.0 10.0 -5.0
502.0 358.0 4 -10.0 -5.0 -10.0 5.0 10.0 5.0 10.0 -5.0
654.0 374.0 4 -10.0 -5.0 -10.0 5.0 10.0 5.0 10.0 -5.0
573.0 415.0 4 -10.0 -5.0 -10.0 5.0 10.0 5.0 10.0 -5.0
207.0 230.0 4 -10.0 -5.0 -10.0 5.0 10.0 5.0 10.0 -5.0
1379.0 1193.0 4 -10.0 -5.0 -10.0 5.0 10.0 5.0 10.0 -5.0
475.0 294.0 4 -10.0 -5.0 -10.0 5.0 10.0 5.0 10.0 -5.0
239.0 1004.0 4 -10.0 -5.0 -10.0 5.0 10.0 5.0 10.0 -5.0
1338.0 1083.0 4 -10.0 -5.0 -10.0 5.0 10.0 5.0 10.0 -5.0
484.0 369.0 4 -10.0 -5.0 -10.0 5.0 10.0 5.0 10.0 -5.0
1245.0 782.0 4 -10.0 -5.0 -10.0 5.0 10.0 5.0 10.0 -5.0
996.0 1128.0 4 -10.0 -5.0 -10.0 5.0 10.0 5.0 10.0 -5.0
368.0 340.0 4 -10.0 -5.0 -10.0 5.0 10.0 5.0 10.0 -5.0
1041.0 1154.0 4 -10.0 -5.0 -10.0 5.0 10.0 5.0 10.0 -5.0
1474.0 853.0 4 -10.0 -5.0 -10.0 5.0 10.0 5.0 10.0 -5.0
1012.0 1095.0 4 -10.0 -5.0 -10.0 5.0 10.0 5.0 10.0 -5.0
567.0 309.0 4 -10.0 -5.0 -10.0 5.0 10.0 5.0 10.0 -5.0
465.0 474.0 4 -10.0 -5.0 -10.0 5.0 10.0 5.0 10.0 -5.0
1300.0 1180.0 4 -10.0 -5.0 -10.0 5.0 10.0 5.0 10.0 -5.0
1354.0 991.0 4 -10.0 -5.0 -10.0 5.0 10.0 5.0 10.0 -5.0
1417.0 1419.0 4 -10.0 -5.0 -10.0 5.0 10.0 5.0 10.0 -5.0
341.0 347.0 4 -10.0 -5.0 -10.0 5.0 10.0 5.0 10.0 -5.0
429.0 932.0 4 -10.0 -5.0 -10.0 5.0 10.0 5.0 10.0 -5.0
584.0 239.0 4 -10.0 -5.0 -10.0 5.0 10.0 5.0 10.0 -5.0
190.0 226.0 4 -10.0 -5.0 -10.0 5.0 10.0 5.0 10.0 -5.0
446.0 443.0 4 -10.0 -5.0 -10.0 5.0 10.0 5.0 10.0 -5.0
472.0 306.0 4 -10.0 -5.0 -10.0 5.0 10.0 5.0 10.0 -5.0
656.0 542.0 4 -10.0 -5.0 -10.0 5.0 10.0 5.0 10.0 -5.0
1318.0 1281.0 4 -10.0 -5.0 -10.0 5.0 10.0 5.0 10.0 -5.0
1318.0 1199.0 4 -10.0 -5.0 -10.0 5.0 10.0 5.0 10.0 -5.0
620.0 845.0 4 -10.0 -5.0 -10.0 5.0 10.0 5.0 10.0 -5.0
580.0 606.0 4 -10.0 -5.0 -10.0 5.0 10.0 5.0 10.0 -5.0
354.0 275.0 4 -10.0 -5.0 -10.0 5.0 10.0 5.0 10.0 -5.0
453.0 532.0 4 -10.0 -5.0 -10.0 5.0 10.0 5.0 10.0 -5.0
115.0 110.0 4 -10.0 -5.0 -10.0 5.0 10.0 5.0 10.0 -5.0
1277.0 1071.0 4 -10.0 -5.0 -10.0 5.0 10.0 5.0 10.0 -5.0
652.0 746.0 4 -10.0 -5.0 -10.0 5.0 10.0 5.0 10.0 -5.0
303.0 336.0 4 -10.0 -5.0 -10.0 5.0 10.0 5.0 10.0 -5.0
1091.0 834.0 4 -10.0 -5.0 -10.0 5.0 10.0 5.0 10.0 -5.0
661.0 1300.0 4 -10.0 -5.0 -10.0 5.0 10.0 5.0 10.0 -5.0
536.0 788.0 4 -10.0 -5.0 -10.0 5.0 10.0 5.0 10.0 -5.0
121.0 139.0 4 -10.0 -5.0 -10.0 5.0 10.0 5.0 10.0 -5.0
1257.0 997.0 4 -10.0 -5.0 -10.0 5.0 10.0 5.0 10.0 -5.0
619.0 797.0 4 -10.0 -5.0 -10.0 5.0 10.0 5.0 10.0 -5.0
109.0 113.0 4 -10.0 -5.0 -10.0 5.0 10.0 5.0 10.0 -5.0
554.0 920.0 4 -10.0 -5.0 -10.0 5.0 10.0 5.0 10.0 -5.0
1102.0 1162.0 4 -10.0 -5.0 -10.0 5.0 10.0 5.0 10.0 -5.0
598.0 996.0 4 -10.0 -5.0 -10.0 5.0 10.0 5.0 10.0 -5.0
381.0 382.0 4 -10.0 -5.0 -10.0 5.0 10.0 5.0 10.0 -5.0
781.0 695.0 4 -10.0 -5.0 -10.0 5.0 10.0 5.0 10.0 -5.0
990.0 901.0 4 -10.0 -5.0 -10.0 5.0 10.0 5.0 10.0 -5.0
1307.0 1068.0 4 -10.0 -5.0 -10.0 5.0 10.0 5.0 10.0 -5.0
469.0 363.0 4 -10.0 -5.0 -10.0 5.0 10.0 5.0 10.0 -5.0
728.0 1154.0 4 -10.0 -5.0 -10.0 5.0 10.0 5.0 10.0 -5.0
538.0 948.0 4 -10.0 -5.0 -10.0 5.0 10.0 5.0 10.0 -5.0
988.0 1072.0 4 -10.0 -5.0 -10.0 5.0 10.0 5.0 10.0 -5.0
1296.0 1267.0 4 -10.0 -5.0 -10.0 5.0 10.0 5.0 10.0 -5.0
675.0 573.0 4 -10.0 -5.0 -10.0 5.0 10.0 5.0 10.0 -5.0
853.0 832.0 4 -10.0 -5.0 -10.0 5.0 10.0 5.0 10.0 -5.0
1339.0 1097.0 4 -10.0 -5.0 -10.0 5.0 10.0 5.0 10.0 -5.0
84.0 177.0 4 -10.0 -5.0 -10.0 5.0 10.0 5.0 10.0 -5.0
571.0 531.0 4 -10.0 -5.0 -10.0 5.0 10.0 5.0 10.0 -5.0
204.0 979.0 4 -10.0 -5.0 -10.0 5.0 10.0 5.0 10.0 -5.0
1046.0 1182.0 4 -10.0 -5.0 -10.0 5.0 10.0 5.0 10.0 -5.0
1242.0 1288.0 4 -10.0 -5.0 -10.0 5.0 10.0 5.0 10.0 -5.0
231.0 993.0 4 -10.0 -5.0 -10.0 5.0 10.0 5.0 10.0 -5.0
739.0 691.0 4 -10.0 -5.0 -10.0 5.0 10.0 5.0 10.0 -5.0
1268.0 1146.0 4 -10.0 -5.0 -10.0 5.0 10.0 5.0 10.0 -5.0
553.0 254.0 4 -10.0 -5.0 -10.0 5.0 10.0 5.0 10.0 -5.0
311.0 187.0 4 -10.0 -5.0 -10.0 5.0 10.0 5.0 10.0 -5.0
1324.0 802.0 4 -10.0 -5.0 -10.0 5.0 10.0 5.0 10.0 -5.0
710.0 1176.0 4 -10.0 -5.0 -10.0 5.0 10.0 5.0 10.0 -5.0
536.0 209.0 4 -10.0 -5.0 -10.0 5.0 10.0 5.0 10.0 -5.0
1473.0 1191.0 4 -10.0 -5.0 -10.0 5.0 10.0 5.0 10.0 -5.0
345.0 884.0 4 -10.0 -5.0 -10.0 5.0 10.0 5.0 10.0 -5.0
619.0 738.0 4 -10.0 -5.0 -10.0 5.0 10.0 5.0 10.0 -5.0
1214.0 1128.0 4 -10.0 -5.0 -10.0 5.0 10.0 5.0 10.0 -5.0
676.0 768.0 4 -10.0 -5.0 -10.0 5.0 10.0 5.0 10.0 -5.0
1294.0 1307.0 4 -10.0 -5.0 -10.0 5.0 10.0 5.0 10.0 -5.0
1104.0 1002.0 4 -10.0 -5.0 -10.0 5.0 10.0 5.0 10.0 -5.0
1441.0 1158.0 4 -10.0 -5.0 -10.0 5.0 10.0 5.0 10.0 -5.0
1232.0 1250.0 4 -10.0 -5.0 -10.0 5.0 10.0 5.0 10.0 -5.0
513.0 729.0 4 -10.0 -5.0 -10.0 5.0 10.0 5.0 10.0 -5.0
699.0 1204.0 4 -10.0 -5.0 -10.0 5.0 10.0 5.0 10.0 -5.0
576.0 313.0 4 -10.0 -5.0 -10.0 5.0 10.0 5.0 10.0 -5.0
52.0 49.0 4 -10.0 -5.0 -10.0 5.0 10.0 5.0 10.0 -5.0
357.0 398.0 4 -10.0 -5.0 -10.0 5.0 10.0 5.0 10.0 -5.0
974.0 893.0 4 -10.0 -5.0 -10.0 5.0 10.0 5.0 10.0 -5.0
411.0 928.0 4 -10.0 -5.0 -10.0 5.0 10.0 5.0 10.0 -5.0
1167.0 947.0 4 -10.0 -5.0 -10.0 5.0 10.0 5.0 10.0 -5.0
1360.0 980.0 4 -10.0 -5.0 -10.0 5.0 10.0 5.0 10.0 -5.0
1235.0 1110.0 4 -10.0 -5.0 -10.0 5.0 10.0 5.0 10.0 -5.0
1035.0 979.0 4 -10.0 -5.0 -10.0 5.0 10.0 5.0 10.0 -5.0
1105.0 873.0 4 -10.0 -5.0 -10.0 5.0 10.0 5.0 10.0 -5.0
530.0 472.0 4 -10.0 -5.0 -10.0 5.0 10.0 5.0 10.0 -5.0
1213.0 851.0 4 -10.0 -5.0 -10.0 5.0 10.0 5.0 10.0 -5.0
692.0 1194.0 4 -10.0 -5.0 -10.0 5.0 10.0 5.0 10.0 -5.0
316.0 884.0 4 -10.0 -5.0 -10.0 5.0 10.0 5.0 10.0 -5.0
1111.0 1163.0 4 -10.0 -5.0 -10.0 5.0 10.0 5.0 10.0 -5.0
1409.0 844.0 4 -10.0 -5.0 -10.0 5.0 10.0 5.0 10.0 -5.0
1071.0 1004.0 4 -10.0 -5.0 -10.0 5.0 10.0 5.0 10.0 -5.0
1252.0 828.0 4 -10.0 -5.0 -10.0 5.0 10.0 5.0 10.0 -5.0
127.0 147.0 4 -10.0 -5.0 -10.0 5.0 10.0 5.0 10.0 -5.0
1335.0 1309.0 4 -10.0 -5.0 -10.0 5.0 10.0 5.0 10.0 -5.0
96.0 104.0 4 -10.0 -5.0 -10.0 5.0 10.0 5.0 10.0 -5.0
554.0 909.0 4 -10.0 -5.0 -10.0 5.0 10.0 5.0 10.0 -5.0
509.0 849.0 4 -10.0 -5.0 -10.0 5.0 10.0 5.0 10.0 -5.0
207.0 1010.0 4 -10.0 -5.0 -10.0 5.0 10.0 5.0 10.0 -5.0
205.0 270.0 4 -10.0 -5.0 -10.0 5.0 10.0 5.0 10.0 -5.0
520.0 996.0 4 -10.0 -5.0 -10.0 5.0 10.0 5.0 10.0 -5.0
1334.0 1093.0 4 -10.0 -5.0 -10.0 5.0 10.0 5.0 10.0 -5.0
595.0 399.0 4 -10.0 -5.0 -10.0 5.0 10.0 5.0 10.0 -5.0
1377.0 860.0 4 -10.0 -5.0 -10.0 5.0 10.0 5.0 10.0 -5.0
688.0 303.0 4 -10.0 -5.0 -10.0 5.0 10.0 5.0 10.0 -5.0
365.0 345.0 4 -10.0 -5.0 -10.0 5.0 10.0 5.0 10.0 -5.0
44.0 44.0 4 -10.0 -5.0 -10.0 5.0 10.0 5.0 10.0 -5.0
575.0 596.0 4 -10.0 -5.0 -10.0 5.0 10.0 5.0 10.0 -5.0
514.0 411.0 4 -10.0 -5.0 -10.0 5.0 10.0 5.0 10.0 -5.0
730.0 1199.0 4 -10.0 -5.0 -10.0 5.0 10.0 5.0 10.0 -5.0
415.0 733.0 4 -10.0 -5.0 -10.0 5.0 10.0 5.0 10.0 -5.0
99.0 164.0 4 -10.0 -5.0 -10.0 5.0 10.0 5.0 10.0 -5.0
1467.0 859.0 4 -10.0 -5.0 -10.0 5.0 10.0 5.0 10.0 -5.0
95.0 134.0 4 -10.0 -5.0 -10.0 5.0 10.0 5.0 10.0 -5.0
1255.0 988.0 4 -10.0 -5.0 -10.0 5.0 10.0 5.0 10.0 -5.0
719.0 1251.0 4 -10.0 -5.0 -10.0 5.0 10.0 5.0 10.0 -5.0
709.0 1279.0 4 -10.0 -5.0 -10.0 5.0 10.0 5.0 10.0 -5.0
375.0 731.0 4 -10.0 -5.0 -10.0 5.0 10.0 5.0 10.0 -5.0
591.0 519.0 4 -10.0 -5.0 -10.0 5.0 10.0 5.0 10.0 -5.0
1501.0 1230.0 4 -10.0 -5.0 -10.0 5.0 10.0 5.0 10.0 -5.0
744.0 750.0 4 -10.0 -5.0 -10.0 5.0 10.0 5.0 10.0 -5.0
1341.0 1128.0 4 -10.0 -5.0 -10.0 5.0 10.0 5.0 10.0 -5.0
799.0 639.0 4 -10.0 -5.0 -10.0 5.0 10.0 5.0 10.0 -5.0
399.0 544.0 4 -10.0 -5.0 -10.0 5.0 10.0 5.0 10.0 -5.0
629.0 839.0 4 -10.0 -5.0 -10.0 5.0 10.0 5.0 10.0 -5.0
688.0 226.0 4 -10.0 -5.0 -10.0 5.0 10.0 5.0 10.0 -5.0
514.0 228.0 4 -10.0 -5.0 -10.0 5.0 10.0 5.0 10.0 -5.0
286.0 337.0 4 -10.0 -5.0 -10.0 5.0 10.0 5.0 10.0 -5.0
371.0 557.0 4 -10.0 -5.0 -10.0 5.0 10.0 5.0 10.0 -5.0
338.0 279.0 4 -10.0 -5.0 -10.0 5.0 10.0 5.0 10.0 -5.0
1387.0 863.0 4 -10.0 -5.0 -10.0 5.0 10.0 5.0 10.0 -5.0
575.0 290.0 4 -10.0 -5.0 -10.0 5.0 10.0 5.0 10.0 -5.0
1454.0 1182.0 4 -10.0 -5.0 -10.0 5.0 10.0 5.0 10.0 -5.0
515.0 214.0 4 -10.0 -5.0 -10.0 5.0 10.0 5.0 10.0 -5.0
1112.0 858.0 4 -10.0 -5.0 -10.0 5.0 10.0 5.0 10.0 -5.0
619.0 476.0 4 -10.0 -5.0 -10.0 5.0 10.0 5.0 10.0 -5.0
267.0 877.0 4 -10.0 -5.0 -10.0 5.0 10.0 5.0 10.0 -5.0
147.0 130.0 4 -10.0 -5.0 -10.0 5.0 10.0 5.0 10.0 -5.0
684.0 1257.0 4 -10.0 -5.0 -10.0 5.0 10.0 5.0 10.0 -5.0
1099.0 1045.0 4 -10.0 -5.0 -10.0 5.0 10.0 5.0 10.0 -5.0
1079.0 840.0 4 -10.0 -5.0 -10.0 5.0 10.0 5.0 10.0 -5.0
1113.0 868.0 4 -10.0 -5.0 -10.0 5.0 10.0 5.0 10.0 -5.0
745.0 675.0 4 -10.0 -5.0 -10.0 5.0 10.0 5.0 10.0 -5.0
396.0 455.0 4 -10.0 -5.0 -10.0 5.0 10.0 5.0 10.0 -5.0
600.0 814.0 4 -10.0 -5.0 -10.0 5.0 10.0 5.0 10.0 -5.0
1249.0 1286.0 4 -10.0 -5.0 -10.0 5.0 10.0 5.0 10.0 -5.0
266.0 318.0 4 -10.0 -5.0 -10.0 5.0 10.0 5.0 10.0 -5.0
1015.0 904.0 4 -10.0 -5.0 -10.0 5.0 10.0 5.0 10.0 -5.0
991.0 925.0 4 -10.0 -5.0 -10.0 5.0 10.0 5.0 10.0 -5.0
681.0 795.0 4 -10.0 -5.0 -10.0 5.0 10.0 5.0 10.0 -5.0
1362.0 791.0 4 -10.0 -5.0 -10.0 5.0 10.0 5.0 10.0 -5.0
1279.0 815.0 4 -10.0 -5.0 -10.0 5.0 10.0 5.0 10.0 -5.0
1091.0 1007.0 4 -10.0 -5.0 -10.0 5.0 10.0 5.0 10.0 -5.0
178.0 209.0 4 -10.0 -5.0 -10.0 5.0 10.0 5.0 10.0 -5.0
353.0 730.0 4 -10.0 -5.0 -10.0 5.0 10.0 5.0 10.0 -5.0
156.0 189.0 4 -10.0 -5.0 -10.0 5.0 10.0 5.0 10.0 -5.0
576.0 767.0 4 -10.0 -5.0 -10.0 5.0 10.0 5.0 10.0 -5.0
1057.0 1119.0 4 -10.0 -5.0 -10.0 5.0 10.0 5.0 10.0 -5.0
1284.0 1091.0 4 -10.0 -5.0 -10.0 5.0 10.0 5.0 10.0 -5.0
1015.0 1134.0 4 -10.0 -5.0 -10.0 5.0 10.0 5.0 10.0 -5.0
1523.0 1245.0 4 -10.0 -5.0 -10.0 5.0 10.0 5.0 10.0 -5.0
305.0 731.0 4 -10.0 -5.0 -10.0 5.0 10.0 5.0 10.0 -5.0
621.0 930.0 4 -10.0 -5.0 -10.0 5.0 10.0 5.0 10.0 -5.0
714.0 1241.0 4 -10.0 -5.0 -10.0 5.0 10.0 5.0 10.0 -5.0
561.0 321.0 4 -10.0 -5.0 -10.0 5.0 10.0 5.0 10.0 -5.0
1508.0 859.0 4 -10.0 -5.0 -10.0 5.0 10.0 5.0 10.0 -5.0
1430.0 1442.0 4 -10.0 -5.0 -10.0 5.0 10.0 5.0 10.0 -5.0
770.0 1034.0 4 -10.0 -5.0 -10.0 5.0 10.0 5.0 10.0 -5.0
587.0 1005.0 4 -10.0 -5.0 -10.0 5.0 10.0 5.0 10.0 -5.0
1236.0 1258.0 4 -10.0 -5.0 -10.0 5.0 10.0 5.0 10.0 -5.0
360.0 324.0 4 -10.0 -5.0 -10.0 5.0 10.0 5.0 10.0 -5.0
1401.0 1356.0 4 -10.0 -5.0 -10.0 5.0 10.0 5.0 10.0 -5.0
675.0 777.0 4 -10.0 -5.0 -10.0 5.0 10.0 5.0 10.0 -5.0
650.0 340.0 4 -10.0 -5.0 -10.0 5.0 10.0 5.0 10.0 -5.0
518.0 987.0 4 -10.0 -5.0 -10.0 5.0 10.0 5.0 10.0 -5.0
341.0 217.0 4 -10.0 -5.0 -10.0 5.0 10.0 5.0 10.0 -5.0
1483.0 1198.0 4 -10.0 -5.0 -10.0 5.0 10.0 5.0 10.0 -5.0
1191.0 836.0 4 -10.0 -5.0 -10.0 5.0 10.0 5.0 10.0 -5.0
640.0 491.0 4 -10.0 -5.0 -10.0 5.0 10.0 5.0 10.0 -5.0
1365.0 1110.0 4 -10.0 -5.0 -10.0 5.0 10.0 5.0 10.0 -5.0
335.0 274.0 4 -10.0 -5.0 -10.0 5.0 10.0 5.0 10.0 -5.0
1387.0 976.0 4 -10.0 -5.0 -10.0 5.0 10.0 5.0 10.0 -5.0
78.0 184.0 4 -10.0 -5.0 -10.0 5.0 10.0 5.0 10.0 -5.0
455.0 342.0 4 -10.0 -5.0 -10.0 5.0 10.0 5.0 10.0 -5.0
691.0 801.0 4 -10.0 -5.0 -10.0 5.0 10.0 5.0 10.0 -5.0
384.0 528.0 4 -10.0 -5.0 -10.0 5.0 10.0 5.0 10.0 -5.0
568.0 940.0 4 -10.0 -5.0 -10.0 5.0 10.0 5.0 10.0 -5.0
1505.0 1213.0 4 -10.0 -5.0 -10.0 5.0 10.0 5.0 10.0 -5.0
290.0 340.0 4 -10.0 -5.0 -10.0 5.0 10.0 5.0 10.0 -5.0
1353.0 793.0 4 -10.0 -5.0 -10.0 5.0 10.0 5.0 10.0 -5.0
462.0 302.0 4 -10.0 -5.0 -10.0 5.0 10.0 5.0 10.0 -5.0
1167.0 977.0 4 -10.0 -5.0 -10.0 5.0 10.0 5.0 10.0 -5.0
1321.0 987.0 4 -10.0 -5.0 -10.0 5.0 10.0 5.0 10.0 -5.0
983.0 1033.0 4 -10.0 -5.0 -10.0 5.0 10.0 5.0 10.0 -5.0
711.0 811.0 4 -10.0 -5.0 -10.0 5.0 10.0 5.0 10.0 -5.0
424.0 518.0 4 -10.0 -5.0 -10.0 5.0 10.0 5.0 10.0 -5.0
1391.0 787.0 4 -10.0 -5.0 -10.0 5.0 10.0 5.0 10.0 -5.0
593.0 865.0 4 -10.0 -5.0 -10.0 5.0 10.0 5.0 10.0 -5.0
566.0 221.0 4 -10.0 -5.0 -10.0 5.0 10.0 5.0 10.0 -5.0
652.0 205.0 4 -10.0 -5.0 -10.0 5.0 10.0 5.0 10.0 -5.0
449.0 354.0 4 -10.0 -5.0 -10.0 5.0 10.0 5.0 10.0 -5.0
1186.0 991.0 4 -10.0 -5.0 -10.0 5.0 10.0 5.0 10.0 -5.0
1309.0 976.0 4 -10.0 -5.0 -10.0 5.0 10.0 5.0 10.0 -5.0
129.0 140.0 4 -10.0 -5.0 -10.0 5.0 10.0 5.0 10.0 -5.0
1525.0 1218.0 4 -10.0 -5.0 -10.0 5.0 10.0 5.0 10.0 -5.0
1267.0 860.0 4 -10.0 -5.0 -10.0 5.0 10.0 5.0 10.0 -5.0
543.0 344.0 4 -10.0 -5.0 -10.0 5.0 10.0 5.0 10.0 -5.0
1270.0 1240.0 4 -10.0 -5.0 -10.0 5.0 10.0 5.0 10.0 -5.0
296.0 888.0 4 -10.0 -5.0 -10.0 5.0 10.0 5.0 10.0 -5.0
700.0 276.0 4 -10.0 -5.0 -10.0 5.0 10.0 5.0 10.0 -5.0
1405.0 835.0 4 -10.0 -5.0 -10.0 5.0 10.0 5.0 10.0 -5.0
331.0 336.0 4 -10.0 -5.0 -10.0 5.0 10.0 5.0 10.0 -5.0
1326.0 939.0 4 -10.0 -5.0 -10.0 5.0 10.0 5.0 10.0 -5.0
325.0 386.0 4 -10.0 -5.0 -10.0 5.0 10.0 5.0 10.0 -5.0
653.0 224.0 4 -10.0 -5.0 -10.0 5.0 10.0 5.0 10.0 -5.0
132.0 173.0 4 -10.0 -5.0 -10.0 5.0 10.0 5.0 10.0 -5.0
1405.0 1195.0 4 -10.0 -5.0 -10.0 5.0 10.0 5.0 10.0 -5.0
1225.0 1279.0 4 -10.0 -5.0 -10.0 5.0 10.0 5.0 10.0 -5.0
1402.0 1204.0 4 -10.0 -5.0 -10.0 5.0 10.0 5.0 10.0 -5.0
1244.0 940.0 4 -10.0 -5.0 -10.0 5.0 10.0 5.0 10.0 -5.0
992.0 1092.0 4 -10.0 -5.0 -10.0 5.0 10.0 5.0 10.0 -5.0
1422.0 1220.0 4 -10.0 -5.0 -10.0 5.0 10.0 5.0 10.0 -5.0
324.0 251.0 4 -10.0 -5.0 -10.0 5.0 10.0 5.0 10.0 -5.0
1221.0 1301.0 4 -10.0 -5.0 -10.0 5.0 10.0 5.0 10.0 -5.0
247.0 1002.0 4 -10.0 -5.0 -10.0 5.0 10.0 5.0 10.0 -5.0
318.0 950.0 4 -10.0 -5.0 -10.0 5.0 10.0 5.0 10.0 -5.0
1307.0 1258.0 4 -10.0 -5.0 -10.0 5.0 10.0 5.0 10.0 -5.0
1260.0 816.0 4 -10.0 -5.0 -10.0 5.0 10.0 5.0 10.0 -5.0
1006.0 1036.0 4 -10.0 -5.0 -10.0 5.0 10.0 5.0 10.0 -5.0
312.0 732.0 4 -10.0 -5.0 -10.0 5.0 10.0 5.0 10.0 -5.0
674.0 348.0 4 -10.0 -5.0 -10.0 5.0 10.0 5.0 10.0 -5.0
514.0 472.0 4 -10.0 -5.0 -10.0 5.0 10.0 5.0 10.0 -5.0
1146.0 850.0 4 -10.0 -5.0 -10.0 5.0 10.0 5.0 10.0 -5.0
770.0 1058.0 4 -10.0 -5.0 -10.0 5.0 10.0 5.0 10.0 -5.0
602.0 572.0 4 -10.0 -5.0 -10.0 5.0 10.0 5.0 10.0 -5.0
975.0 1016.0 4 -10.0 -5.0 -10.0 5.0 10.0 5.0 10.0 -5.0
331.0 390.0 4 -10.0 -5.0 -10.0 5.0 10.0 5.0 10.0 -5.0
252.0 995.0 4 -10.0 -5.0 -10.0 5.0 10.0 5.0 10.0 -5.0
281.0 931.0 4 -10.0 -5.0 -10.0 5.0 10.0 5.0 10.0 -5.0
139.0 104.0 4 -10.0 -5.0 -10.0 5.0 10.0 5.0 10.0 -5.0
1370.0 767.0 4 -10.0 -5.0 -10.0 5.0 10.0 5.0 10.0 -5.0
309.0 315.0 4 -10.0 -5.0 -10.0 5.0 10.0 5.0 10.0 -5.0
47.0 52.0 4 -10.0 -5.0 -10.0 5.0 10.0 5.0 10.0 -5.0
1035.0 1185.0 4 -10.0 -5.0 -10.0 5.0 10.0 5.0 10.0 -5.0
1300.0 954.0 4 -10.0 -5.0 -10.0 5.0 10.0 5.0 10.0 -5.0
416.0 926.0 4 -10.0 -5.0 -10.0 5.0 10.0 5.0 10.0 -5.0
1296.0 1118.0 4 -10.0 -5.0 -10.0 5.0 10.0 5.0 10.0 -5.0
1412.0 1409.0 4 -10.0 -5.0 -10.0 5.0 10.0 5.0 10.0 -5.0
92.0 101.0 4 -10.0 -5.0 -10.0 5.0 10.0 5.0 10.0 -5.0
1295.0 1177.0 4 -10.0 -5.0 -10.0 5.0 10.0 5.0 10.0 -5.0
687.0 278.0 4 -10.0 -5.0 -10.0 5.0 10.0 5.0 10.0 -5.0
1224.0 1156.0 4 -10.0 -5.0 -10.0 5.0 10.0 5.0 10.0 -5.0
630.0 691.0 4 -10.0 -5.0 -10.0 5.0 10.0 5.0 10.0 -5.0
1237.0 1277.0 4 -10.0 -5.0 -10.0 5.0 10.0 5.0 10.0 -5.0
1233.0 1103.0 4 -10.0 -5.0 -10.0 5.0 10.0 5.0 10.0 -5.0
1352.0 1150.0 4 -10.0 -5.0 -10.0 5.0 10.0 5.0 10.0 -5.0
511.0 449.0 4 -10.0 -5.0 -10.0 5.0 10.0 5.0 10.0 -5.0
551.0 460.0 4 -10.0 -5.0 -10.0 5.0 10.0 5.0 10.0 -5.0
653.0 186.0 4 -10.0 -5.0 -10.0 5.0 10.0 5.0 10.0 -5.0
475.0 877.0 4 -10.0 -5.0 -10.0 5.0 10.0 5.0 10.0 -5.0
202.0 997.0 4 -10.0 -5.0 -10.0 5.0 10.0 5.0 10.0 -5.0
473.0 507.0 4 -10.0 -5.0 -10.0 5.0 10.0 5.0 10.0 -5.0
249.0 905.0 4 -10.0 -5.0 -10.0 5.0 10.0 5.0 10.0 -5.0
527.0 509.0 4 -10.0 -5.0 -10.0 5.0 10.0 5.0 10.0 -5.0
163.0 191.0 4 -10.0 -5.0 -10.0 5.0 10.0 5.0 10.0 -5.0
1501.0 1211.0 4 -10.0 -5.0 -10.0 5.0 10.0 5.0 10.0 -5.0
139.0 180.0 4 -10.0 -5.0 -10.0 5.0 10.0 5.0 10.0 -5.0
996.0 1020.0 4 -10.0 -5.0 -10.0 5.0 10.0 5.0 10.0 -5.0
1224.0 1093.0 4 -10.0 -5.0 -10.0 5.0 10.0 5.0 10.0 -5.0
336.0 294.0 4 -10.0 -5.0 -10.0 5.0 10.0 5.0 10.0 -5.0
232.0 1022.0 4 -10.0 -5.0 -10.0 5.0 10.0 5.0 10.0 -5.0
466.0 343.0 4 -10.0 -5.0 -10.0 5.0 10.0 5.0 10.0 -5.0
1249.0 791.0 4 -10.0 -5.0 -10.0 5.0 10.0 5.0 10.0 -5.0
1240.0 1076.0 4 -10.0 -5.0 -10.0 5.0 10.0 5.0 10.0 -5.0
576.0 704.0 4 -10.0 -5.0 -10.0 5.0 10.0 5.0 10.0 -5.0
475.0 499.0 4 -10.0 -5.0 -10.0 5.0 10.0 5.0 10.0 -5.0
1106.0 784.0 4 -10.0 -5.0 -10.0 5.0 10.0 5.0 10.0 -5.0
380.0 514.0 4 -10.0 -5.0 -10.0 5.0 10.0 5.0 10.0 -5.0
504.0 1047.0 4 -10.0 -5.0 -10.0 5.0 10.0 5.0 10.0 -5.0
1537.0 855.0 4 -10.0 -5.0 -10.0 5.0 10.0 5.0 10.0 -5.0
1283.0 817.0 4 -10.0 -5.0 -10.0 5.0 10.0 5.0 10.0 -5.0
483.0 276.0 4 -10.0 -5.0 -10.0 5.0 10.0 5.0 10.0 -5.0
414.0 938.0 4 -10.0 -5.0 -10.0 5.0 10.0 5.0 10.0 -5.0
1324.0 947.0 4 -10.0 -5.0 -10.0 5.0 10.0 5.0 10.0 -5.0
591.0 403.0 4 -10.0 -5.0 -10.0 5.0 10.0 5.0 10.0 -5.0
246.0 912.0 4 -10.0 -5.0 -10.0 5.0 10.0 5.0 10.0 -5.0
666.0 1316.0 4 -10.0 -5.0 -10.0 5.0 10.0 5.0 10.0 -5.0
600.0 763.0 4 -10.0 -5.0 -10.0 5.0 10.0 5.0 10.0 -5.0
428.0 459.0 4 -10.0 -5.0 -10.0 5.0 10.0 5.0 10.0 -5.0
534.0 321.0 4 -10.0 -5.0 -10.0 5.0 10.0 5.0 10.0 -5.0
1523.0 1235.0 4 -10.0 -5.0 -10.0 5.0 10.0 5.0 10.0 -5.0
1255.0 1130.0 4 -10.0 -5.0 -10.0 5.0 10.0 5.0 10.0 -5.0
274.0 732.0 4 -10.0 -5.0 -10.0 5.0 10.0 5.0 10.0 -5.0
772.0 1082.0 4 -10.0 -5.0 -10.0 5.0 10.0 5.0 10.0 -5.0
1137.0 872.0 4 -10.0 -5.0 -10.0 5.0 10.0 5.0 10.0 -5.0
1010.0 872.0 4 -10.0 -5.0 -10.0 5.0 10.0 5.0 10.0 -5.0
259.0 890.0 4 -10.0 -5.0 -10.0 5.0 10.0 5.0 10.0 -5.0
100.0 123.0 4 -10.0 -5.0 -10.0 5.0 10.0 5.0 10.0 -5.0
304.0 309.0 4 -10.0 -5.0 -10.0 5.0 10.0 5.0 10.0 -5.0
294.0 166.0 4 -10.0 -5.0 -10.0 5.0 10.0 5.0 10.0 -5.0
501.0 469.0 4 -10.0 -5.0 -10.0 5.0 10.0 5.0 10.0 -5.0
727.0 1251.0 4 -10.0 -5.0 -10.0 5.0 10.0 5.0 10.0 -5.0
1443.0 1463.0 4 -10.0 -5.0 -10.0 5.0 10.0 5.0 10.0 -5.0
460.0 571.0 4 -10.0 -5.0 -10.0 5.0 10.0 5.0 10.0 -5.0
224.0 914.0 4 -10.0 -5.0 -10.0 5.0 10.0 5.0 10.0 -5.0
1469.0 1212.0 4 -10.0 -5.0 -10.0 5.0 10.0 5.0 10.0 -5.0
276.0 737.0 4 -10.0 -5.0 -10.0 5.0 10.0 5.0 10.0 -5.0
702.0 1209.0 4 -10.0 -5.0 -10.0 5.0 10.0 5.0 10.0 -5.0
1025.0 1177.0 4 -10.0 -5.0 -10.0 5.0 10.0 5.0 10.0 -5.0
1118.0 766.0 4 -10.0 -5.0 -10.0 5.0 10.0 5.0 10.0 -5.0
1283.0 832.0 4 -10.0 -5.0 -10.0 5.0 10.0 5.0 10.0 -5.0
654.0 1352.0 4 -10.0 -5.0 -10.0 5.0 10.0 5.0 10.0 -5.0
1088.0 1147.0 4 -10.0 -5.0 -10.0 5.0 10.0 5.0 10.0 -5.0
1441.0 1187.0 4 -10.0 -5.0 -10.0 5.0 10.0 5.0 10.0 -5.0
1257.0 964.0 4 -10.0 -5.0 -10.0 5.0 10.0 5.0 10.0 -5.0
1290.0 949.0 4 -10.0 -5.0 -10.0 5.0 10.0 5.0 10.0 -5.0
644.0 1385.0 4 -10.0 -5.0 -10.0 5.0 10.0 5.0 10.0 -5.0
1395.0 756.0 4 -10.0 -5.0 -10.0 5.0 10.0 5.0 10.0 -5.0
715.0 1206.0 4 -10.0 -5.0 -10.0 5.0 10.0 5.0 10.0 -5.0
1315.0 1355.0 4 -10.0 -5.0 -10.0 5.0 10.0 5.0 10.0 -5.0
55.0 172.0 4 -10.0 -5.0 -10.0 5.0 10.0 5.0 10.0 -5.0
392.0 940.0 4 -10.0 -5.0 -10.0 5.0 10.0 5.0 10.0 -5.0
620.0 490.0 4 -10.0 -5.0 -10.0 5.0 10.0 5.0 10.0 -5.0
431.0 571.0 4 -10.0 -5.0 -10.0 5.0 10.0 5.0 10.0 -5.0
601.0 505.0 4 -10.0 -5.0 -10.0 5.0 10.0 5.0 10.0 -5.0
68.0 75.0 4 -10.0 -5.0 -10.0 5.0 10.0 5.0 10.0 -5.0
1258.0 1142.0 4 -10.0 -5.0 -10.0 5.0 10.0 5.0 10.0 -5.0
814.0 931.0 4 -10.0 -5.0 -10.0 5.0 10.0 5.0 10.0 -5.0
549.0 946.0 4 -10.0 -5.0 -10.0 5.0 10.0 5.0 10.0 -5.0
1106.0 1185.0 4 -10.0 -5.0 -10.0 5.0 10.0 5.0 10.0 -5.0
715.0 792.0 4 -10.0 -5.0 -10.0 5.0 10.0 5.0 10.0 -5.0
1296.0 1335.0 4 -10.0 -5.0 -10.0 5.0 10.0 5.0 10.0 -5.0
634.0 1415.0 4 -10.0 -5.0 -10.0 5.0 10.0 5.0 10.0 -5.0
730.0 738.0 4 -10.0 -5.0 -10.0 5.0 10.0 5.0 10.0 -5.0
782.0 1038.0 4 -10.0 -5.0 -10.0 5.0 10.0 5.0 10.0 -5.0
1074.0 796.0 4 -10.0 -5.0 -10.0 5.0 10.0 5.0 10.0 -5.0
1561.0 850.0 4 -10.0 -5.0 -10.0 5.0 10.0 5.0 10.0 -5.0
1271.0 1224.0 4 -10.0 -5.0 -10.0 5.0 10.0 5.0 10.0 -5.0
607.0 539.0 4 -10.0 -5.0 -10.0 5.0 10.0 5.0 10.0 -5.0
429.0 957.0 4 -10.0 -5.0 -10.0 5.0 10.0 5.0 10.0 -5.0
1192.0 1125.0 4 -10.0 -5.0 -10.0 5.0 10.0 5.0 10.0 -5.0
317.0 267.0 4 -10.0 -5.0 -10.0 5.0 10.0 5.0 10.0 -5.0
358.0 887.0 4 -10.0 -5.0 -10.0 5.0 10.0 5.0 10.0 -5.0
1306.0 997.0 4 -10.0 -5.0 -10.0 5.0 10.0 5.0 10.0 -5.0
486.0 721.0 4 -10.0 -5.0 -10.0 5.0 10.0 5.0 10.0 -5.0
606.0 389.0 4 -10.0 -5.0 -10.0 5.0 10.0 5.0 10.0 -5.0
532.0 932.0 4 -10.0 -5.0 -10.0 5.0 10.0 5.0 10.0 -5.0
453.0 327.0 4 -10.0 -5.0 -10.0 5.0 10.0 5.0 10.0 -5.0
976.0 920.0 4 -10.0 -5.0 -10.0 5.0 10.0 5.0 10.0 -5.0
316.0 243.0 4 -10.0 -5.0 -10.0 5.0 10.0 5.0 10.0 -5.0
532.0 255.0 4 -10.0 -5.0 -10.0 5.0 10.0 5.0 10.0 -5.0
1365.0 1377.0 4 -10.0 -5.0 -10.0 5.0 10.0 5.0 10.0 -5.0
764.0 671.0 4 -10.0 -5.0 -10.0 5.0 10.0 5.0 10.0 -5.0
811.0 955.0 4 -10.0 -5.0 -10.0 5.0 10.0 5.0 10.0 -5.0
419.0 504.0 4 -10.0 -5.0 -10.0 5.0 10.0 5.0 10.0 -5.0
622.0 683.0 4 -10.0 -5.0 -10.0 5.0 10.0 5.0 10.0 -5.0
1364.0 1362.0 4 -10.0 -5.0 -10.0 5.0 10.0 5.0 10.0 -5.0
1233.0 930.0 4 -10.0 -5.0 -10.0 5.0 10.0 5.0 10.0 -5.0
1171.0 839.0 4 -10.0 -5.0 -10.0 5.0 10.0 5.0 10.0 -5.0
301.0 219.0 4 -10.0 -5.0 -10.0 5.0 10.0 5.0 10.0 -5.0
707.0 285.0 4 -10.0 -5.0 -10.0 5.0 10.0 5.0 10.0 -5.0
967.0 1137.0 4 -10.0 -5.0 -10.0 5.0 10.0 5.0 10.0 -5.0
501.0 219.0 4 -10.0 -5.0 -10.0 5.0 10.0 5.0 10.0 -5.0
152.0 208.0 4 -10.0 -5.0 -10.0 5.0 10.0 5.0 10.0 -5.0
687.0 815.0 4 -10.0 -5.0 -10.0 5.0 10.0 5.0 10.0 -5.0
266.0 735.0 4 -10.0 -5.0 -10.0 5.0 10.0 5.0 10.0 -5.0
1411.0 983.0 4 -10.0 -5.0 -10.0 5.0 10.0 5.0 10.0 -5.0
339.0 380.0 4 -10.0 -5.0 -10.0 5.0 10.0 5.0 10.0 -5.0
579.0 815.0 4 -10.0 -5.0 -10.0 5.0 10.0 5.0 10.0 -5.0
1329.0 1067.0 4 -10.0 -5.0 -10.0 5.0 10.0 5.0 10.0 -5.0
34.0 59.0 4 -10.0 -5.0 -10.0 5.0 10.0 5.0 10.0 -5.0
279.0 294.0 4 -10.0 -5.0 -10.0 5.0 10.0 5.0 10.0 -5.0
255.0 904.0 4 -10.0 -5.0 -10.0 5.0 10.0 5.0 10.0 -5.0
465.0 830.0 4 -10.0 -5.0 -10.0 5.0 10.0 5.0 10.0 -5.0
617.0 955.0 4 -10.0 -5.0 -10.0 5.0 10.0 5.0 10.0 -5.0
536.0 183.0 4 -10.0 -5.0 -10.0 5.0 10.0 5.0 10.0 -5.0
466.0 265.0 4 -10.0 -5.0 -10.0 5.0 10.0 5.0 10.0 -5.0
708.0 251.0 4 -10.0 -5.0 -10.0 5.0 10.0 5.0 10.0 -5.0
439.0 903.0 4 -10.0 -5.0 -10.0 5.0 10.0 5.0 10.0 -5.0
675.0 304.0 4 -10.0 -5.0 -10.0 5.0 10.0 5.0 10.0 -5.0
1242.0 1312.0 4 -10.0 -5.0 -10.0 5.0 10.0 5.0 10.0 -5.0
615.0 526.0 4 -10.0 -5.0 -10.0 5.0 10.0 5.0 10.0 -5.0
651.0 155.0 4 -10.0 -5.0 -10.0 5.0 10.0 5.0 10.0 -5.0
724.0 731.0 4 -10.0 -5.0 -10.0 5.0 10.0 5.0 10.0 -5.0
1452.0 1476.0 4 -10.0 -5.0 -10.0 5.0 10.0 5.0 10.0 -5.0
329.0 223.0 4 -10.0 -5.0 -10.0 5.0 10.0 5.0 10.0 -5.0
1044.0 1012.0 4 -10.0 -5.0 -10.0 5.0 10.0 5.0 10.0 -5.0
364.0 358.0 4 -10.0 -5.0 -10.0 5.0 10.0 5.0 10.0 -5.0
1332.0 1215.0 4 -10.0 -5.0 -10.0 5.0 10.0 5.0 10.0 -5.0
390.0 378.0 4 -10.0 -5.0 -10.0 5.0 10.0 5.0 10.0 -5.0
583.0 744.0 4 -10.0 -5.0 -10.0 5.0 10.0 5.0 10.0 -5.0
978.0 1162.0 4 -10.0 -5.0 -10.0 5.0 10.0 5.0 10.0 -5.0
1166.0 988.0 4 -10.0 -5.0 -10.0 5.0 10.0 5.0 10.0 -5.0
624.0 952.0 4 -10.0 -5.0 -10.0 5.0 10.0 5.0 10.0 -5.0
489.0 735.0 4 -10.0 -5.0 -10.0 5.0 10.0 5.0 10.0 -5.0
236.0 738.0 4 -10.0 -5.0 -10.0 5.0 10.0 5.0 10.0 -5.0
1270.0 933.0 4 -10.0 -5.0 -10.0 5.0 10.0 5.0 10.0 -5.0
495.0 1075.0 4 -10.0 -5.0 -10.0 5.0 10.0 5.0 10.0 -5.0
543.0 321.0 4 -10.0 -5.0 -10.0 5.0 10.0 5.0 10.0 -5.0
598.0 943.0 4 -10.0 -5.0 -10.0 5.0 10.0 5.0 10.0 -5.0
1361.0 1391.0 4 -10.0 -5.0 -10.0 5.0 10.0 5.0 10.0 -5.0
1034.0 862.0 4 -10.0 -5.0 -10.0 5.0 10.0 5.0 10.0 -5.0
1014.0 1124.0 4 -10.0 -5.0 -10.0 5.0 10.0 5.0 10.0 -5.0
286.0 914.0 4 -10.0 -5.0 -10.0 5.0 10.0 5.0 10.0 -5.0
653.0 134.0 4 -10.0 -5.0 -10.0 5.0 10.0 5.0 10.0 -5.0
323.0 731.0 4 -10.0 -5.0 -10.0 5.0 10.0 5.0 10.0 -5.0
1383.0 1386.0 4 -10.0 -5.0 -10.0 5.0 10.0 5.0 10.0 -5.0
1389.0 1412.0 4 -10.0 -5.0 -10.0 5.0 10.0 5.0 10.0 -5.0
1245.0 1013.0 4 -10.0 -5.0 -10.0 5.0 10.0 5.0 10.0 -5.0
1007.0 1046.0 4 -10.0 -5.0 -10.0 5.0 10.0 5.0 10.0 -5.0
998.0 889.0 4 -10.0 -5.0 -10.0 5.0 10.0 5.0 10.0 -5.0
652.0 822.0 4 -10.0 -5.0 -10.0 5.0 10.0 5.0 10.0 -5.0
1348.0 1305.0 4 -10.0 -5.0 -10.0 5.0 10.0 5.0 10.0 -5.0
214.0 1018.0 4 -10.0 -5.0 -10.0 5.0 10.0 5.0 10.0 -5.0
1302.0 1066.0 4 -10.0 -5.0 -10.0 5.0 10.0 5.0 10.0 -5.0
1355.0 975.0 4 -10.0 -5.0 -10.0 5.0 10.0 5.0 10.0 -5.0
215.0 917.0 4 -10.0 -5.0 -10.0 5.0 10.0 5.0 10.0 -5.0
547.0 216.0 4 -10.0 -5.0 -10.0 5.0 10.0 5.0 10.0 -5.0
1409.0 869.0 4 -10.0 -5.0 -10.0 5.0 10.0 5.0 10.0 -5.0
117.0 176.0 4 -10.0 -5.0 -10.0 5.0 10.0 5.0 10.0 -5.0
1066.0 801.0 4 -10.0 -5.0 -10.0 5.0 10.0 5.0 10.0 -5.0
1023.0 1209.0 4 -10.0 -5.0 -10.0 5.0 10.0 5.0 10.0 -5.0
535.0 935.0 4 -10.0 -5.0 -10.0 5.0 10.0 5.0 10.0 -5.0
483.0 474.0 4 -10.0 -5.0 -10.0 5.0 10.0 5.0 10.0 -5.0
397.0 527.0 4 -10.0 -5.0 -10.0 5.0 10.0 5.0 10.0 -5.0
787.0 1063.0 4 -10.0 -5.0 -10.0 5.0 10.0 5.0 10.0 -5.0
530.0 534.0 4 -10.0 -5.0 -10.0 5.0 10.0 5.0 10.0 -5.0
1286.0 1303.0 4 -10.0 -5.0 -10.0 5.0 10.0 5.0 10.0 -5.0
616.0 471.0 4 -10.0 -5.0 -10.0 5.0 10.0 5.0 10.0 -5.0
1291.0 803.0 4 -10.0 -5.0 -10.0 5.0 10.0 5.0 10.0 -5.0
408.0 538.0 4 -10.0 -5.0 -10.0 5.0 10.0 5.0 10.0 -5.0
415.0 915.0 4 -10.0 -5.0 -10.0 5.0 10.0 5.0 10.0 -5.0
1251.0 820.0 4 -10.0 -5.0 -10.0 5.0 10.0 5.0 10.0 -5.0
1244.0 1335.0 4 -10.0 -5.0 -10.0 5.0 10.0 5.0 10.0 -5.0
990.0 989.0 4 -10.0 -5.0 -10.0 5.0 10.0 5.0 10.0 -5.0
733.0 768.0 4 -10.0 -5.0 -10.0 5.0 10.0 5.0 10.0 -5.0
1258.0 911.0 4 -10.0 -5.0 -10.0 5.0 10.0 5.0 10.0 -5.0
1260.0 1251.0 4 -10.0 -5.0 -10.0 5.0 10.0 5.0 10.0 -5.0
405.0 963.0 4 -10.0 -5.0 -10.0 5.0 10.0 5.0 10.0 -5.0
654.0 242.0 4 -10.0 -5.0 -10.0 5.0 10.0 5.0 10.0 -5.0
1114.0 822.0 4 -10.0 -5.0 -10.0 5.0 10.0 5.0 10.0 -5.0
489.0 376.0 4 -10.0 -5.0 -10.0 5.0 10.0 5.0 10.0 -5.0
507.0 215.0 4 -10.0 -5.0 -10.0 5.0 10.0 5.0 10.0 -5.0
502.0 1056.0 4 -10.0 -5.0 -10.0 5.0 10.0 5.0 10.0 -5.0
1097.0 1169.0 4 -10.0 -5.0 -10.0 5.0 10.0 5.0 10.0 -5.0
1000.0 1032.0 4 -10.0 -5.0 -10.0 5.0 10.0 5.0 10.0 -5.0
39.0 50.0 4 -10.0 -5.0 -10.0 5.0 10.0 5.0 10.0 -5.0
1100.0 967.0 4 -10.0 -5.0 -10.0 5.0 10.0 5.0 10.0 -5.0
537.0 971.0 4 -10.0 -5.0 -10.0 5.0 10.0 5.0 10.0 -5.0
543.0 976.0 4 -10.0 -5.0 -10.0 5.0 10.0 5.0 10.0 -5.0
577.0 379.0 4 -10.0 -5.0 -10.0 5.0 10.0 5.0 10.0 -5.0
790.0 671.0 4 -10.0 -5.0 -10.0 5.0 10.0 5.0 10.0 -5.0
274.0 895.0 4 -10.0 -5.0 -10.0 5.0 10.0 5.0 10.0 -5.0
1495.0 858.0 4 -10.0 -5.0 -10.0 5.0 10.0 5.0 10.0 -5.0
186.0 207.0 4 -10.0 -5.0 -10.0 5.0 10.0 5.0 10.0 -5.0
523.0 1021.0 4 -10.0 -5.0 -10.0 5.0 10.0 5.0 10.0 -5.0
1291.0 1326.0 4 -10.0 -5.0 -10.0 5.0 10.0 5.0 10.0 -5.0
681.0 1230.0 4 -10.0 -5.0 -10.0 5.0 10.0 5.0 10.0 -5.0
1394.0 1369.0 4 -10.0 -5.0 -10.0 5.0 10.0 5.0 10.0 -5.0
1278.0 1162.0 4 -10.0 -5.0 -10.0 5.0 10.0 5.0 10.0 -5.0
1051.0 1113.0 4 -10.0 -5.0 -10.0 5.0 10.0 5.0 10.0 -5.0
1443.0 1165.0 4 -10.0 -5.0 -10.0 5.0 10.0 5.0 10.0 -5.0
301.0 373.0 4 -10.0 -5.0 -10.0 5.0 10.0 5.0 10.0 -5.0
1301.0 1358.0 4 -10.0 -5.0 -10.0 5.0 10.0 5.0 10.0 -5.0
1285.0 1003.0 4 -10.0 -5.0 -10.0 5.0 10.0 5.0 10.0 -5.0
561.0 829.0 4 -10.0 -5.0 -10.0 5.0 10.0 5.0 10.0 -5.0
442.0 836.0 4 -10.0 -5.0 -10.0 5.0 10.0 5.0 10.0 -5.0
1304.0 1076.0 4 -10.0 -5.0 -10.0 5.0 10.0 5.0 10.0 -5.0
671.0 526.0 4 -10.0 -5.0 -10.0 5.0 10.0 5.0 10.0 -5.0
32.0 25.0 4 -10.0 -5.0 -10.0 5.0 10.0 5.0 10.0 -5.0
1444.0 1453.0 4 -10.0 -5.0 -10.0 5.0 10.0 5.0 10.0 -5.0
563.0 421.0 4 -10.0 -5.0 -10.0 5.0 10.0 5.0 10.0 -5.0
454.0 510.0 4 -10.0 -5.0 -10.0 5.0 10.0 5.0 10.0 -5.0
651.0 113.0 4 -10.0 -5.0 -10.0 5.0 10.0 5.0 10.0 -5.0
1044.0 1074.0 4 -10.0 -5.0 -10.0 5.0 10.0 5.0 10.0 -5.0
1279.0 823.0 4 -10.0 -5.0 -10.0 5.0 10.0 5.0 10.0 -5.0
1378.0 1434.0 4 -10.0 -5.0 -10.0 5.0 10.0 5.0 10.0 -5.0
86.0 166.0 4 -10.0 -5.0 -10.0 5.0 10.0 5.0 10.0 -5.0
1275.0 901.0 4 -10.0 -5.0 -10.0 5.0 10.0 5.0 10.0 -5.0
686.0 761.0 4 -10.0 -5.0 -10.0 5.0 10.0 5.0 10.0 -5.0
1118.0 1186.0 4 -10.0 -5.0 -10.0 5.0 10.0 5.0 10.0 -5.0
1019.0 1078.0 4 -10.0 -5.0 -10.0 5.0 10.0 5.0 10.0 -5.0
399.0 924.0 4 -10.0 -5.0 -10.0 5.0 10.0 5.0 10.0 -5.0
1216.0 991.0 4 -10.0 -5.0 -10.0 5.0 10.0 5.0 10.0 -5.0
986.0 1162.0 4 -10.0 -5.0 -10.0 5.0 10.0 5.0 10.0 -5.0
804.0 950.0 4 -10.0 -5.0 -10.0 5.0 10.0 5.0 10.0 -5.0
484.0 1077.0 4 -10.0 -5.0 -10.0 5.0 10.0 5.0 10.0 -5.0
219.0 1023.0 4 -10.0 -5.0 -10.0 5.0 10.0 5.0 10.0 -5.0
582.0 292.0 4 -10.0 -5.0 -10.0 5.0 10.0 5.0 10.0 -5.0
677.0 1306.0 4 -10.0 -5.0 -10.0 5.0 10.0 5.0 10.0 -5.0
1210.0 814.0 4 -10.0 -5.0 -10.0 5.0 10.0 5.0 10.0 -5.0
1235.0 1353.0 4 -10.0 -5.0 -10.0 5.0 10.0 5.0 10.0 -5.0
1529.0 856.0 4 -10.0 -5.0 -10.0 5.0 10.0 5.0 10.0 -5.0
1239.0 1154.0 4 -10.0 -5.0 -10.0 5.0 10.0 5.0 10.0 -5.0
694.0 1299.0 4 -10.0 -5.0 -10.0 5.0 10.0 5.0 10.0 -5.0
651.0 687.0 4 -10.0 -5.0 -10.0 5.0 10.0 5.0 10.0 -5.0
729.0 721.0 4 -10.0 -5.0 -10.0 5.0 10.0 5.0 10.0 -5.0
781.0 1008.0 4 -10.0 -5.0 -10.0 5.0 10.0 5.0 10.0 -5.0
688.0 326.0 4 -10.0 -5.0 -10.0 5.0 10.0 5.0 10.0 -5.0
1186.0 986.0 4 -10.0 -5.0 -10.0 5.0 10.0 5.0 10.0 -5.0
1132.0 852.0 4 -10.0 -5.0 -10.0 5.0 10.0 5.0 10.0 -5.0
1016.0 1071.0 4 -10.0 -5.0 -10.0 5.0 10.0 5.0 10.0 -5.0
1052.0 837.0 4 -10.0 -5.0 -10.0 5.0 10.0 5.0 10.0 -5.0
666.0 552.0 4 -10.0 -5.0 -10.0 5.0 10.0 5.0 10.0 -5.0
61.0 159.0 4 -10.0 -5.0 -10.0 5.0 10.0 5.0 10.0 -5.0
190.0 926.0 4 -10.0 -5.0 -10.0 5.0 10.0 5.0 10.0 -5.0
345.0 736.0 4 -10.0 -5.0 -10.0 5.0 10.0 5.0 10.0 -5.0
346.0 869.0 4 -10.0 -5.0 -10.0 5.0 10.0 5.0 10.0 -5.0
586.0 810.0 4 -10.0 -5.0 -10.0 5.0 10.0 5.0 10.0 -5.0
233.0 897.0 4 -10.0 -5.0 -10.0 5.0 10.0 5.0 10.0 -5.0
24.0 34.0 4 -10.0 -5.0 -10.0 5.0 10.0 5.0 10.0 -5.0
637.0 403.0 4 -10.0 -5.0 -10.0 5.0 10.0 5.0 10.0 -5.0
539.0 353.0 4 -10.0 -5.0 -10.0 5.0 10.0 5.0 10.0 -5.0
1217.0 1251.0 4 -10.0 -5.0 -10.0 5.0 10.0 5.0 10.0 -5.0
1417.0 745.0 4 -10.0 -5.0 -10.0 5.0 10.0 5.0 10.0 -5.0
471.0 826.0 4 -10.0 -5.0 -10.0 5.0 10.0 5.0 10.0 -5.0
575.0 223.0 4 -10.0 -5.0 -10.0 5.0 10.0 5.0 10.0 -5.0
1036.0 1076.0 4 -10.0 -5.0 -10.0 5.0 10.0 5.0 10.0 -5.0
1317.0 776.0 4 -10.0 -5.0 -10.0 5.0 10.0 5.0 10.0 -5.0
344.0 919.0 4 -10.0 -5.0 -10.0 5.0 10.0 5.0 10.0 -5.0
1047.0 860.0 4 -10.0 -5.0 -10.0 5.0 10.0 5.0 10.0 -5.0
1292.0 928.0 4 -10.0 -5.0 -10.0 5.0 10.0 5.0 10.0 -5.0
729.0 1168.0 4 -10.0 -5.0 -10.0 5.0 10.0 5.0 10.0 -5.0
780.0 654.0 4 -10.0 -5.0 -10.0 5.0 10.0 5.0 10.0 -5.0
393.0 950.0 4 -10.0 -5.0 -10.0 5.0 10.0 5.0 10.0 -5.0
1332.0 1320.0 4 -10.0 -5.0 -10.0 5.0 10.0 5.0 10.0 -5.0
1324.0 784.0 4 -10.0 -5.0 -10.0 5.0 10.0 5.0 10.0 -5.0
713.0 1271.0 4 -10.0 -5.0 -10.0 5.0 10.0 5.0 10.0 -5.0
245.0 743.0 4 -10.0 -5.0 -10.0 5.0 10.0 5.0 10.0 -5.0
445.0 583.0 4 -10.0 -5.0 -10.0 5.0 10.0 5.0 10.0 -5.0
1100.0 1194.0 4 -10.0 -5.0 -10.0 5.0 10.0 5.0 10.0 -5.0
626.0 1442.0 4 -10.0 -5.0 -10.0 5.0 10.0 5.0 10.0 -5.0
1373.0 1137.0 4 -10.0 -5.0 -10.0 5.0 10.0 5.0 10.0 -5.0
561.0 587.0 4 -10.0 -5.0 -10.0 5.0 10.0 5.0 10.0 -5.0
58.0 166.0 4 -10.0 -5.0 -10.0 5.0 10.0 5.0 10.0 -5.0
443.0 280.0 4 -10.0 -5.0 -10.0 5.0 10.0 5.0 10.0 -5.0
542.0 166.0 4 -10.0 -5.0 -10.0 5.0 10.0 5.0 10.0 -5.0
1415.0 1382.0 4 -10.0 -5.0 -10.0 5.0 10.0 5.0 10.0 -5.0
516.0 795.0 4 -10.0 -5.0 -10.0 5.0 10.0 5.0 10.0 -5.0
1364.0 1090.0 4 -10.0 -5.0 -10.0 5.0 10.0 5.0 10.0 -5.0
1411.0 855.0 4 -10.0 -5.0 -10.0 5.0 10.0 5.0 10.0 -5.0
1207.0 1122.0 4 -10.0 -5.0 -10.0 5.0 10.0 5.0 10.0 -5.0
75.0 89.0 4 -10.0 -5.0 -10.0 5.0 10.0 5.0 10.0 -5.0
1041.0 1086.0 4 -10.0 -5.0 -10.0 5.0 10.0 5.0 10.0 -5.0
344.0 299.0 4 -10.0 -5.0 -10.0 5.0 10.0 5.0 10.0 -5.0
561.0 456.0 4 -10.0 -5.0 -10.0 5.0 10.0 5.0 10.0 -5.0
1460.0 847.0 4 -10.0 -5.0 -10.0 5.0 10.0 5.0 10.0 -5.0
1059.0 852.0 4 -10.0 -5.0 -10.0 5.0 10.0 5.0 10.0 -5.0
556.0 825.0 4 -10.0 -5.0 -10.0 5.0 10.0 5.0 10.0 -5.0
475.0 850.0 4 -10.0 -5.0 -10.0 5.0 10.0 5.0 10.0 -5.0
1028.0 1103.0 4 -10.0 -5.0 -10.0 5.0 10.0 5.0 10.0 -5.0
1347.0 1161.0 4 -10.0 -5.0 -10.0 5.0 10.0 5.0 10.0 -5.0
562.0 749.0 4 -10.0 -5.0 -10.0 5.0 10.0 5.0 10.0 -5.0
1066.0 1104.0 4 -10.0 -5.0 -10.0 5.0 10.0 5.0 10.0 -5.0
1118.0 1125.0 4 -10.0 -5.0 -10.0 5.0 10.0 5.0 10.0 -5.0
1008.0 1193.0 4 -10.0 -5.0 -10.0 5.0 10.0 5.0 10.0 -5.0
854.0 819.0 4 -10.0 -5.0 -10.0 5.0 10.0 5.0 10.0 -5.0
394.0 492.0 4 -10.0 -5.0 -10.0 5.0 10.0 5.0 10.0 -5.0
323.0 260.0 4 -10.0 -5.0 -10.0 5.0 10.0 5.0 10.0 -5.0
1095.0 782.0 4 -10.0 -5.0 -10.0 5.0 10.0 5.0 10.0 -5.0
1123.0 1146.0 4 -10.0 -5.0 -10.0 5.0 10.0 5.0 10.0 -5.0
652.0 162.0 4 -10.0 -5.0 -10.0 5.0 10.0 5.0 10.0 -5.0
1174.0 959.0 4 -10.0 -5.0 -10.0 5.0 10.0 5.0 10.0 -5.0
612.0 1463.0 4 -10.0 -5.0 -10.0 5.0 10.0 5.0 10.0 -5.0
1462.0 864.0 4 -10.0 -5.0 -10.0 5.0 10.0 5.0 10.0 -5.0
1389.0 780.0 4 -10.0 -5.0 -10.0 5.0 10.0 5.0 10.0 -5.0
593.0 878.0 4 -10.0 -5.0 -10.0 5.0 10.0 5.0 10.0 -5.0
610.0 817.0 4 -10.0 -5.0 -10.0 5.0 10.0 5.0 10.0 -5.0
520.0 361.0 4 -10.0 -5.0 -10.0 5.0 10.0 5.0 10.0 -5.0
354.0 510.0 4 -10.0 -5.0 -10.0 5.0 10.0 5.0 10.0 -5.0
447.0 549.0 4 -10.0 -5.0 -10.0 5.0 10.0 5.0 10.0 -5.0
1159.0 997.0 4 -10.0 -5.0 -10.0 5.0 10.0 5.0 10.0 -5.0
1011.0 879.0 4 -10.0 -5.0 -10.0 5.0 10.0 5.0 10.0 -5.0
345.0 932.0 4 -10.0 -5.0 -10.0 5.0 10.0 5.0 10.0 -5.0
1451.0 1449.0 4 -10.0 -5.0 -10.0 5.0 10.0 5.0 10.0 -5.0
573.0 449.0 4 -10.0 -5.0 -10.0 5.0 10.0 5.0 10.0 -5.0
1349.0 1353.0 4 -10.0 -5.0 -10.0 5.0 10.0 5.0 10.0 -5.0
1282.0 1290.0 4 -10.0 -5.0 -10.0 5.0 10.0 5.0 10.0 -5.0
573.0 1023.0 4 -10.0 -5.0 -10.0 5.0 10.0 5.0 10.0 -5.0
564.0 776.0 4 -10.0 -5.0 -10.0 5.0 10.0 5.0 10.0 -5.0
700.0 206.0 4 -10.0 -5.0 -10.0 5.0 10.0 5.0 10.0 -5.0
583.0 698.0 4 -10.0 -5.0 -10.0 5.0 10.0 5.0 10.0 -5.0
