1000
102.0 115.0 4 -10.0 -5.0 -10.0 5.0 10.0 5.0 10.0 -5.0
150.0 76.0 4 -10.0 -5.0 -10.0 5.0 10.0 5.0 10.0 -5.0
61.0 99.0 4 -10.0 -5.0 -10.0 5.0 10.0 5.0 10.0 -5.0
100.0 96.0 4 -10.0 -5.0 -10.0 5.0 10.0 5.0 10.0 -5.0
108.0 77.0 4 -10.0 -5.0 -10.0 5.0 10.0 5.0 10.0 -5.0
116.0 164.0 4 -10.0 -5.0 -10.0 5.0 10.0 5.0 10.0 -5.0
147.0 83.0 4 -10.0 -5.0 -10.0 5.0 10.0 5.0 10.0 -5.0
109.0 91.0 4 -10.0 -5.0 -10.0 5.0 10.0 5.0 10.0 -5.0
87.0 97.0 4 -10.0 -5.0 -10.0 5.0 10.0 5.0 10.0 -5.0
75.0 96.0 4 -10.0 -5.0 -10.0 5.0 10.0 5.0 10.0 -5.0
60.0 92.0 4 -10.0 -5.0 -10.0 5.0 10.0 5.0 10.0 -5.0
157.0 65.0 4 -10.0 -5.0 -10.0 5.0 10.0 5.0 10.0 -5.0
140.0 111.0 4 -10.0 -5.0 -10.0 5.0 10.0 5.0 10.0 -5.0
111.0 101.0 4 -10.0 -5.0 -10.0 5.0 10.0 5.0 10.0 -5.0
125.0 106.0 4 -10.0 -5.0 -10.0 5.0 10.0 5.0 10.0 -5.0
107.0 109.0 4 -10.0 -5.0 -10.0 5.0 10.0 5.0 10.0 -5.0
85.0 150.0 4 -10.0 -5.0 -10.0 5.0 10.0 5.0 10.0 -5.0
176.0 121.0 4 -10.0 -5.0 -10.0 5.0 10.0 5.0 10.0 -5.0
83.0 67.0 4 -10.0 -5.0 -10.0 5.0 10.0 5.0 10.0 -5.0
122.0 73.0 4 -10.0 -5.0 -10.0 5.0 10.0 5.0 10.0 -5.0
140.0 162.0 4 -10.0 -5.0 -10.0 5.0 10.0 5.0 10.0 -5.0
97.0 111.0 4 -10.0 -5.0 -10.0 5.0 10.0 5.0 10.0 -5.0
110.0 174.0 4 -10.0 -5.0 -10.0 5.0 10.0 5.0 10.0 -5.0
185.0 109.0 4 -10.0 -5.0 -10.0 5.0 10.0 5.0 10.0 -5.0
67.0 174.0 4 -10.0 -5.0 -10.0 5.0 10.0 5.0 10.0 -5.0
79.0 161.0 4 -10.0 -5.0 -10.0 5.0 10.0 5.0 10.0 -5.0
138.0 142.0 4 -10.0 -5.0 -10.0 5.0 10.0 5.0 10.0 -5.0
126.0 114.0 4 -10.0 -5.0 -10.0 5.0 10.0 5.0 10.0 -5.0
118.0 74.0 4 -10.0 -5.0 -10.0 5.0 10.0 5.0 10.0 -5.0
106.0 141.0 4 -10.0 -5.0 -10.0 5.0 10.0 5.0 10.0 -5.0
92.0 156.0 4 -10.0 -5.0 -10.0 5.0 10.0 5.0 10.0 -5.0
110.0 130.0 4 -10.0 -5.0 -10.0 5.0 10.0 5.0 10.0 -5.0
118.0 91.0 4 -10.0 -5.0 -10.0 5.0 10.0 5.0 10.0 -5.0
157.0 140.0 4 -10.0 -5.0 -10.0 5.0 10.0 5.0 10.0 -5.0
135.0 98.0 4 -10.0 -5.0 -10.0 5.0 10.0 5.0 10.0 -5.0
167.0 96.0 4 -10.0 -5.0 -10.0 5.0 10.0 5.0 10.0 -5.0
147.0 102.0 4 -10.0 -5.0 -10.0 5.0 10.0 5.0 10.0 -5.0
98.0 45.0 4 -10.0 -5.0 -10.0 5.0 10.0 5.0 10.0 -5.0
131.0 116.0 4 -10.0 -5.0 -10.0 5.0 10.0 5.0 10.0 -5.0
126.0 110.0 4 -10.0 -5.0 -10.0 5.0 10.0 5.0 10.0 -5.0
110.0 126.0 4 -10.0 -5.0 -10.0 5.0 10.0 5.0 10.0 -5.0
114.0 148.0 4 -10.0 -5.0 -10.0 5.0 10.0 5.0 10.0 -5.0
90.0 141.0 4 -10.0 -5.0 -10.0 5.0 10.0 5.0 10.0 -5.0
83.0 133.0 4 -10.0 -5.0 -10.0 5.0 10.0 5.0 10.0 -5.0
87.0 84.0 4 -10.0 -5.0 -10.0 5.0 10.0 5.0 10.0 -5.0
103.0 119.0 4 -10.0 -5.0 -10.0 5.0 10.0 5.0 10.0 -5.0
90.0 133.0 4 -10.0 -5.0 -10.0 5.0 10.0 5.0 10.0 -5.0
157.0 123.0 4 -10.0 -5.0 -10.0 5.0 10.0 5.0 10.0 -5.0
120.0 37.0 4 -10.0 -5.0 -10.0 5.0 10.0 5.0 10.0 -5.0
83.0 128.0 4 -10.0 -5.0 -10.0 5.0 10.0 5.0 10.0 -5.0
141.0 145.0 4 -10.0 -5.0 -10.0 5.0 10.0 5.0 10.0 -5.0
122.0 49.0 4 -10.0 -5.0 -10.0 5.0 10.0 5.0 10.0 -5.0
145.0 133.0 4 -10.0 -5.0 -10.0 5.0 10.0 5.0 10.0 -5.0
138.0 106.0 4 -10.0 -5.0 -10.0 5.0 10.0 5.0 10.0 -5.0
69.0 125.0 4 -10.0 -5.0 -10.0 5.0 10.0 5.0 10.0 -5.0
127.0 69.0 4 -10.0 -5.0 -10.0 5.0 10.0 5.0 10.0 -5.0
161.0 84.0 4 -10.0 -5.0 -10.0 5.0 10.0 5.0 10.0 -5.0
112.0 153.0 4 -10.0 -5.0 -10.0 5.0 10.0 5.0 10.0 -5.0
136.0 93.0 4 -10.0 -5.0 -10.0 5.0 10.0 5.0 10.0 -5.0
133.0 99.0 4 -10.0 -5.0 -10.0 5.0 10.0 5.0 10.0 -5.0
112.0 116.0 4 -10.0 -5.0 -10.0 5.0 10.0 5.0 10.0 -5.0
75.0 140.0 4 -10.0 -5.0 -10.0 5.0 10.0 5.0 10.0 -5.0
91.0 91.0 4 -10.0 -5.0 -10.0 5.0 10.0 5.0 10.0 -5.0
129.0 153.0 4 -10.0 -5.0 -10.0 5.0 10.0 5.0 10.0 -5.0
84.0 120.0 4 -10.0 -5.0 -10.0 5.0 10.0 5.0 10.0 -5.0
105.0 157.0 4 -10.0 -5.0 -10.0 5.0 10.0 5.0 10.0 -5.0
84.0 56.0 4 -10.0 -5.0 -10.0 5.0 10.0 5.0 10.0 -5.0
118.0 143.0 4 -10.0 -5.0 -10.0 5.0 10.0 5.0 10.0 -5.0
114.0 120.0 4 -10.0 -5.0 -10.0 5.0 10.0 5.0 10.0 -5.0
68.0 116.0 4 -10.0 -5.0 -10.0 5.0 10.0 5.0 10.0 -5.0
159.0 148.0 4 -10.0 -5.0 -10.0 5.0 10.0 5.0 10.0 -5.0
102.0 98.0 4 -10.0 -5.0 -10.0 5.0 10.0 5.0 10.0 -5.0
91.0 145.0 4 -10.0 -5.0 -10.0 5.0 10.0 5.0 10.0 -5.0
97.0 104.0 4 -10.0 -5.0 -10.0 5.0 10.0 5.0 10.0 -5.0
106.0 169.0 4 -10.0 -5.0 -10.0 5.0 10.0 5.0 10.0 -5.0
123.0 86.0 4 -10.0 -5.0 -10.0 5.0 10.0 5.0 10.0 -5.0
135.0 136.0 4 -10.0 -5.0 -10.0 5.0 10.0 5.0 10.0 -5.0
80.0 130.0 4 -10.0 -5.0 -10.0 5.0 10.0 5.0 10.0 -5.0
79.0 164.0 4 -10.0 -5.0 -10.0 5.0 10.0 5.0 10.0 -5.0
90.0 119.0 4 -10.0 -5.0 -10.0 5.0 10.0 5.0 10.0 -5.0
73.0 132.0 4 -10.0 -5.0 -10.0 5.0 10.0 5.0 10.0 -5.0
158.0 96.0 4 -10.0 -5.0 -10.0 5.0 10.0 5.0 10.0 -5.0
83.0 142.0 4 -10.0 -5.0 -10.0 5.0 10.0 5.0 10.0 -5.0
103.0 109.0 4 -10.0 -5.0 -10.0 5.0 10.0 5.0 10.0 -5.0
130.0 82.0 4 -10.0 -5.0 -10.0 5.0 10.0 5.0 10.0 -5.0
101.0 144.0 4 -10.0 -5.0 -10.0 5.0 10.0 5.0 10.0 -5.0
132.0 78.0 4 -10.0 -5.0 -10.0 5.0 10.0 5.0 10.0 -5.0
112.0 152.0 4 -10.0 -5.0 -10.0 5.0 10.0 5.0 10.0 -5.0
147.0 134.0 4 -10.0 -5.0 -10.0 5.0 10.0 5.0 10.0 -5.0
99.0 128.0 4 -10.0 -5.0 -10.0 5.0 10.0 5.0 10.0 -5.0
160.0 101.0 4 -10.0 -5.0 -10.0 5.0 10.0 5.0 10.0 -5.0
158.0 92.0 4 -10.0 -5.0 -10.0 5.0 10.0 5.0 10.0 -5.0
176.0 127.0 4 -10.0 -5.0 -10.0 5.0 10.0 5.0 10.0 -5.0
160.0 60.0 4 -10.0 -5.0 -10.0 5.0 10.0 5.0 10.0 -5.0
162.0 120.0 4 -10.0 -5.0 -10.0 5.0 10.0 5.0 10.0 -5.0
131.0 45.0 4 -10.0 -5.0 -10.0 5.0 10.0 5.0 10.0 -5.0
144.0 91.0 4 -10.0 -5.0 -10.0 5.0 10.0 5.0 10.0 -5.0
117.0 86.0 4 -10.0 -5.0 -10.0 5.0 10.0 5.0 10.0 -5.0
154.0 111.0 4 -10.0 -5.0 -10.0 5.0 10.0 5.0 10.0 -5.0
94.0 74.0 4 -10.0 -5.0 -10.0 5.0 10.0 5.0 10.0 -5.0
142.0 132.0 4 -10.0 -5.0 -10.0 5.0 10.0 5.0 10.0 -5.0
106.0 112.0 4 -10.0 -5.0 -10.0 5.0 10.0 5.0 10.0 -5.0
68.0 77.0 4 -10.0 -5.0 -10.0 5.0 10.0 5.0 10.0 -5.0
129.0 134.0 4 -10.0 -5.0 -10.0 5.0 10.0 5.0 10.0 -5.0
144.0 155.0 4 -10.0 -5.0 -10.0 5.0 10.0 5.0 10.0 -5.0
99.0 91.0 4 -10.0 -5.0 -10.0 5.0 10.0 5.0 10.0 -5.0
179.0 108.0 4 -10.0 -5.0 -10.0 5.0 10.0 5.0 10.0 -5.0
127.0 88.0 4 -10.0 -5.0 -10.0 5.0 10.0 5.0 10.0 -5.0
172.0 145.0 4 -10.0 -5.0 -10.0 5.0 10.0 5.0 10.0 -5.0
150.0 138.0 4 -10.0 -5.0 -10.0 5.0 10.0 5.0 10.0 -5.0
118.0 125.0 4 -10.0 -5.0 -10.0 5.0 10.0 5.0 10.0 -5.0
120.0 190.0 4 -10.0 -5.0 -10.0 5.0 10.0 5.0 10.0 -5.0
94.0 86.0 4 -10.0 -5.0 -10.0 5.0 10.0 5.0 10.0 -5.0
166.0 134.0 4 -10.0 -5.0 -10.0 5.0 10.0 5.0 10.0 -5.0
84.0 157.0 4 -10.0 -5.0 -10.0 5.0 10.0 5.0 10.0 -5.0
113.0 74.0 4 -10.0 -5.0 -10.0 5.0 10.0 5.0 10.0 -5.0
126.0 65.0 4 -10.0 -5.0 -10.0 5.0 10.0 5.0 10.0 -5.0
130.0 142.0 4 -10.0 -5.0 -10.0 5.0 10.0 5.0 10.0 -5.0
94.0 137.0 4 -10.0 -5.0 -10.0 5.0 10.0 5.0 10.0 -5.0
181.0 101.0 4 -10.0 -5.0 -10.0 5.0 10.0 5.0 10.0 -5.0
115.0 137.0 4 -10.0 -5.0 -10.0 5.0 10.0 5.0 10.0 -5.0
150.0 128.0 4 -10.0 -5.0 -10.0 5.0 10.0 5.0 10.0 -5.0
107.0 146.0 4 -10.0 -5.0 -10.0 5.0 10.0 5.0 10.0 -5.0
117.0 66.0 4 -10.0 -5.0 -10.0 5.0 10.0 5.0 10.0 -5.0
182.0 110.0 4 -10.0 -5.0 -10.0 5.0 10.0 5.0 10.0 -5.0
133.0 125.0 4 -10.0 -5.0 -10.0 5.0 10.0 5.0 10.0 -5.0
128.0 92.0 4 -10.0 -5.0 -10.0 5.0 10.0 5.0 10.0 -5.0
148.0 155.0 4 -10.0 -5.0 -10.0 5.0 10.0 5.0 10.0 -5.0
82.0 140.0 4 -10.0 -5.0 -10.0 5.0 10.0 5.0 10.0 -5.0
139.0 149.0 4 -10.0 -5.0 -10.0 5.0 10.0 5.0 10.0 -5.0
145.0 49.0 4 -10.0 -5.0 -10.0 5.0 10.0 5.0 10.0 -5.0
74.0 90.0 4 -10.0 -5.0 -10.0 5.0 10.0 5.0 10.0 -5.0
150.0 136.0 4 -10.0 -5.0 -10.0 5.0 10.0 5.0 10.0 -5.0
149.0 108.0 4 -10.0 -5.0 -10.0 5.0 10.0 5.0 10.0 -5.0
26.0 172.0 4 -10.0 -5.0 -10.0 5.0 10.0 5.0 10.0 -5.0
131.0 142.0 4 -10.0 -5.0 -10.0 5.0 10.0 5.0 10.0 -5.0
126.0 64.0 4 -10.0 -5.0 -10.0 5.0 10.0 5.0 10.0 -5.0
109.0 157.0 4 -10.0 -5.0 -10.0 5.0 10.0 5.0 10.0 -5.0
125.0 151.0 4 -10.0 -5.0 -10.0 5.0 10.0 5.0 10.0 -5.0
85.0 89.0 4 -10.0 -5.0 -10.0 5.0 10.0 5.0 10.0 -5.0
159.0 94.0 4 -10.0 -5.0 -10.0 5.0 10.0 5.0 10.0 -5.0
84.0 85.0 4 -10.0 -5.0 -10.0 5.0 10.0 5.0 10.0 -5.0
115.0 108.0 4 -10.0 -5.0 -10.0 5.0 10.0 5.0 10.0 -5.0
145.0 166.0 4 -10.0 -5.0 -10.0 5.0 10.0 5.0 10.0 -5.0
147.0 146.0 4 -10.0 -5.0 -10.0 5.0 10.0 5.0 10.0 -5.0
82.0 104.0 4 -10.0 -5.0 -10.0 5.0 10.0 5.0 10.0 -5.0
152.0 110.0 4 -10.0 -5.0 -10.0 5.0 10.0 5.0 10.0 -5.0
106.0 77.0 4 -10.0 -5.0 -10.0 5.0 10.0 5.0 10.0 -5.0
102.0 138.0 4 -10.0 -5.0 -10.0 5.0 10.0 5.0 10.0 -5.0
72.0 128.0 4 -10.0 -5.0 -10.0 5.0 10.0 5.0 10.0 -5.0
76.0 105.0 4 -10.0 -5.0 -10.0 5.0 10.0 5.0 10.0 -5.0
121.0 86.0 4 -10.0 -5.0 -10.0 5.0 10.0 5.0 10.0 -5.0
136.0 105.0 4 -10.0 -5.0 -10.0 5.0 10.0 5.0 10.0 -5.0
157.0 99.0 4 -10.0 -5.0 -10.0 5.0 10.0 5.0 10.0 -5.0
129.0 108.0 4 -10.0 -5.0 -10.0 5.0 10.0 5.0 10.0 -5.0
162.0 134.0 4 -10.0 -5.0 -10.0 5.0 10.0 5.0 10.0 -5.0
153.0 133.0 4 -10.0 -5.0 -10.0 5.0 10.0 5.0 10.0 -5.0
138.0 120.0 4 -10.0 -5.0 -10.0 5.0 10.0 5.0 10.0 -5.0
116.0 117.0 4 -10.0 -5.0 -10.0 5.0 10.0 5.0 10.0 -5.0
135.0 127.0 4 -10.0 -5.0 -10.0 5.0 10.0 5.0 10.0 -5.0
130.0 116.0 4 -10.0 -5.0 -10.0 5.0 10.0 5.0 10.0 -5.0
110.0 121.0 4 -10.0 -5.0 -10.0 5.0 10.0 5.0 10.0 -5.0
130.0 105.0 4 -10.0 -5.0 -10.0 5.0 10.0 5.0 10.0 -5.0
105.0 61.0 4 -10.0 -5.0 -10.0 5.0 10.0 5.0 10.0 -5.0
150.0 112.0 4 -10.0 -5.0 -10.0 5.0 10.0 5.0 10.0 -5.0
117.0 174.0 4 -10.0 -5.0 -10.0 5.0 10.0 5.0 10.0 -5.0
116.0 113.0 4 -10.0 -5.0 -10.0 5.0 10.0 5.0 10.0 -5.0
115.0 166.0 4 -10.0 -5.0 -10.0 5.0 10.0 5.0 10.0 -5.0
118.0 149.0 4 -10.0 -5.0 -10.0 5.0 10.0 5.0 10.0 -5.0
52.0 116.0 4 -10.0 -5.0 -10.0 5.0 10.0 5.0 10.0 -5.0
165.0 93.0 4 -10.0 -5.0 -10.0 5.0 10.0 5.0 10.0 -5.0
113.0 48.0 4 -10.0 -5.0 -10.0 5.0 10.0 5.0 10.0 -5.0
124.0 99.0 4 -10.0 -5.0 -10.0 5.0 10.0 5.0 10.0 -5.0
153.0 92.0 4 -10.0 -5.0 -10.0 5.0 10.0 5.0 10.0 -5.0
131.0 67.0 4 -10.0 -5.0 -10.0 5.0 10.0 5.0 10.0 -5.0
95.0 96.0 4 -10.0 -5.0 -10.0 5.0 10.0 5.0 10.0 -5.0
114.0 81.0 4 -10.0 -5.0 -10.0 5.0 10.0 5.0 10.0 -5.0
118.0 58.0 4 -10.0 -5.0 -10.0 5.0 10.0 5.0 10.0 -5.0
110.0 167.0 4 -10.0 -5.0 -10.0 5.0 10.0 5.0 10.0 -5.0
153.0 83.0 4 -10.0 -5.0 -10.0 5.0 10.0 5.0 10.0 -5.0
92.0 69.0 4 -10.0 -5.0 -10.0 5.0 10.0 5.0 10.0 -5.0
116.0 92.0 4 -10.0 -5.0 -10.0 5.0 10.0 5.0 10.0 -5.0
179.0 116.0 4 -10.0 -5.0 -10.0 5.0 10.0 5.0 10.0 -5.0
174.0 142.0 4 -10.0 -5.0 -10.0 5.0 10.0 5.0 10.0 -5.0
85.0 131.0 4 -10.0 -5.0 -10.0 5.0 10.0 5.0 10.0 -5.0
159.0 106.0 4 -10.0 -5.0 -10.0 5.0 10.0 5.0 10.0 -5.0
156.0 104.0 4 -10.0 -5.0 -10.0 5.0 10.0 5.0 10.0 -5.0
147.0 96.0 4 -10.0 -5.0 -10.0 5.0 10.0 5.0 10.0 -5.0
174.0 135.0 4 -10.0 -5.0 -10.0 5.0 10.0 5.0 10.0 -5.0
130.0 131.0 4 -10.0 -5.0 -10.0 5.0 10.0 5.0 10.0 -5.0
122.0 52.0 4 -10.0 -5.0 -10.0 5.0 10.0 5.0 10.0 -5.0
105.0 177.0 4 -10.0 -5.0 -10.0 5.0 10.0 5.0 10.0 -5.0
96.0 107.0 4 -10.0 -5.0 -10.0 5.0 10.0 5.0 10.0 -5.0
147.0 108.0 4 -10.0 -5.0 -10.0 5.0 10.0 5.0 10.0 -5.0
110.0 134.0 4 -10.0 -5.0 -10.0 5.0 10.0 5.0 10.0 -5.0
61.0 67.0 4 -10.0 -5.0 -10.0 5.0 10.0 5.0 10.0 -5.0
88.0 103.0 4 -10.0 -5.0 -10.0 5.0 10.0 5.0 10.0 -5.0
132.0 152.0 4 -10.0 -5.0 -10.0 5.0 10.0 5.0 10.0 -5.0
126.0 112.0 4 -10.0 -5.0 -10.0 5.0 10.0 5.0 10.0 -5.0
110.0 75.0 4 -10.0 -5.0 -10.0 5.0 10.0 5.0 10.0 -5.0
172.0 84.0 4 -10.0 -5.0 -10.0 5.0 10.0 5.0 10.0 -5.0
189.0 98.0 4 -10.0 -5.0 -10.0 5.0 10.0 5.0 10.0 -5.0
156.0 128.0 4 -10.0 -5.0 -10.0 5.0 10.0 5.0 10.0 -5.0
127.0 102.0 4 -10.0 -5.0 -10.0 5.0 10.0 5.0 10.0 -5.0
122.0 149.0 4 -10.0 -5.0 -10.0 5.0 10.0 5.0 10.0 -5.0
147.0 172.0 4 -10.0 -5.0 -10.0 5.0 10.0 5.0 10.0 -5.0
102.0 104.0 4 -10.0 -5.0 -10.0 5.0 10.0 5.0 10.0 -5.0
141.0 107.0 4 -10.0 -5.0 -10.0 5.0 10.0 5.0 10.0 -5.0
152.0 161.0 4 -10.0 -5.0 -10.0 5.0 10.0 5.0 10.0 -5.0
121.0 110.0 4 -10.0 -5.0 -10.0 5.0 10.0 5.0 10.0 -5.0
117.0 108.0 4 -10.0 -5.0 -10.0 5.0 10.0 5.0 10.0 -5.0
127.0 108.0 4 -10.0 -5.0 -10.0 5.0 10.0 5.0 10.0 -5.0
141.0 138.0 4 -10.0 -5.0 -10.0 5.0 10.0 5.0 10.0 -5.0
148.0 79.0 4 -10.0 -5.0 -10.0 5.0 10.0 5.0 10.0 -5.0
155.0 124.0 4 -10.0 -5.0 -10.0 5.0 10.0 5.0 10.0 -5.0
67.0 136.0 4 -10.0 -5.0 -10.0 5.0 10.0 5.0 10.0 -5.0
136.0 179.0 4 -10.0 -5.0 -10.0 5.0 10.0 5.0 10.0 -5.0
73.0 145.0 4 -10.0 -5.0 -10.0 5.0 10.0 5.0 10.0 -5.0
113.0 127.0 4 -10.0 -5.0 -10.0 5.0 10.0 5.0 10.0 -5.0
137.0 132.0 4 -10.0 -5.0 -10.0 5.0 10.0 5.0 10.0 -5.0
94.0 129.0 4 -10.0 -5.0 -10.0 5.0 10.0 5.0 10.0 -5.0
129.0 32.0 4 -10.0 -5.0 -10.0 5.0 10.0 5.0 10.0 -5.0
97.0 114.0 4 -10.0 -5.0 -10.0 5.0 10.0 5.0 10.0 -5.0
88.0 113.0 4 -10.0 -5.0 -10.0 5.0 10.0 5.0 10.0 -5.0
115.0 130.0 4 -10.0 -5.0 -10.0 5.0 10.0 5.0 10.0 -5.0
151.0 123.0 4 -10.0 -5.0 -10.0 5.0 10.0 5.0 10.0 -5.0
25.0 91.0 4 -10.0 -5.0 -10.0 5.0 10.0 5.0 10.0 -5.0
123.0 123.0 4 -10.0 -5.0 -10.0 5.0 10.0 5.0 10.0 -5.0
169.0 108.0 4 -10.0 -5.0 -10.0 5.0 10.0 5.0 10.0 -5.0
133.0 118.0 4 -10.0 -5.0 -10.0 5.0 10.0 5.0 10.0 -5.0
130.0 125.0 4 -10.0 -5.0 -10.0 5.0 10.0 5.0 10.0 -5.0
142.0 159.0 4 -10.0 -5.0 -10.0 5.0 10.0 5.0 10.0 -5.0
130.0 114.0 4 -10.0 -5.0 -10.0 5.0 10.0 5.0 10.0 -5.0
129.0 148.0 4 -10.0 -5.0 -10.0 5.0 10.0 5.0 10.0 -5.0
150.0 143.0 4 -10.0 -5.0 -10.0 5.0 10.0 5.0 10.0 -5.0
109.0 140.0 4 -10.0 -5.0 -10.0 5.0 10.0 5.0 10.0 -5.0
119.0 160.0 4 -10.0 -5.0 -10.0 5.0 10.0 5.0 10.0 -5.0
115.0 132.0 4 -10.0 -5.0 -10.0 5.0 10.0 5.0 10.0 -5.0
122.0 89.0 4 -10.0 -5.0 -10.0 5.0 10.0 5.0 10.0 -5.0
62.0 119.0 4 -10.0 -5.0 -10.0 5.0 10.0 5.0 10.0 -5.0
149.0 78.0 4 -10.0 -5.0 -10.0 5.0 10.0 5.0 10.0 -5.0
167.0 91.0 4 -10.0 -5.0 -10.0 5.0 10.0 5.0 10.0 -5.0
109.0 123.0 4 -10.0 -5.0 -10.0 5.0 10.0 5.0 10.0 -5.0
126.0 103.0 4 -10.0 -5.0 -10.0 5.0 10.0 5.0 10.0 -5.0
92.0 141.0 4 -10.0 -5.0 -10.0 5.0 10.0 5.0 10.0 -5.0
147.0 115.0 4 -10.0 -5.0 -10.0 5.0 10.0 5.0 10.0 -5.0
123.0 105.0 4 -10.0 -5.0 -10.0 5.0 10.0 5.0 10.0 -5.0
113.0 115.0 4 -10.0 -5.0 -10.0 5.0 10.0 5.0 10.0 -5.0
71.0 110.0 4 -10.0 -5.0 -10.0 5.0 10.0 5.0 10.0 -5.0
144.0 87.0 4 -10.0 -5.0 -10.0 5.0 10.0 5.0 10.0 -5.0
79.0 127.0 4 -10.0 -5.0 -10.0 5.0 10.0 5.0 10.0 -5.0
79.0 132.0 4 -10.0 -5.0 -10.0 5.0 10.0 5.0 10.0 -5.0
84.0 107.0 4 -10.0 -5.0 -10.0 5.0 10.0 5.0 10.0 -5.0
88.0 109.0 4 -10.0 -5.0 -10.0 5.0 10.0 5.0 10.0 -5.0
189.0 67.0 4 -10.0 -5.0 -10.0 5.0 10.0 5.0 10.0 -5.0
152.0 140.0 4 -10.0 -5.0 -10.0 5.0 10.0 5.0 10.0 -5.0
83.0 89.0 4 -10.0 -5.0 -10.0 5.0 10.0 5.0 10.0 -5.0
102.0 171.0 4 -10.0 -5.0 -10.0 5.0 10.0 5.0 10.0 -5.0
129.0 160.0 4 -10.0 -5.0 -10.0 5.0 10.0 5.0 10.0 -5.0
181.0 28.0 4 -10.0 -5.0 -10.0 5.0 10.0 5.0 10.0 -5.0
97.0 92.0 4 -10.0 -5.0 -10.0 5.0 10.0 5.0 10.0 -5.0
76.0 99.0 4 -10.0 -5.0 -10.0 5.0 10.0 5.0 10.0 -5.0
110.0 91.0 4 -10.0 -5.0 -10.0 5.0 10.0 5.0 10.0 -5.0
131.0 128.0 4 -10.0 -5.0 -10.0 5.0 10.0 5.0 10.0 -5.0
139.0 112.0 4 -10.0 -5.0 -10.0 5.0 10.0 5.0 10.0 -5.0
139.0 67.0 4 -10.0 -5.0 -10.0 5.0 10.0 5.0 10.0 -5.0
73.0 124.0 4 -10.0 -5.0 -10.0 5.0 10.0 5.0 10.0 -5.0
107.0 140.0 4 -10.0 -5.0 -10.0 5.0 10.0 5.0 10.0 -5.0
95.0 83.0 4 -10.0 -5.0 -10.0 5.0 10.0 5.0 10.0 -5.0
154.0 115.0 4 -10.0 -5.0 -10.0 5.0 10.0 5.0 10.0 -5.0
133.0 122.0 4 -10.0 -5.0 -10.0 5.0 10.0 5.0 10.0 -5.0
108.0 158.0 4 -10.0 -5.0 -10.0 5.0 10.0 5.0 10.0 -5.0
58.0 125.0 4 -10.0 -5.0 -10.0 5.0 10.0 5.0 10.0 -5.0
114.0 95.0 4 -10.0 -5.0 -10.0 5.0 10.0 5.0 10.0 -5.0
111.0 155.0 4 -10.0 -5.0 -10.0 5.0 10.0 5.0 10.0 -5.0
104.0 101.0 4 -10.0 -5.0 -10.0 5.0 10.0 5.0 10.0 -5.0
152.0 121.0 4 -10.0 -5.0 -10.0 5.0 10.0 5.0 10.0 -5.0
98.0 110.0 4 -10.0 -5.0 -10.0 5.0 10.0 5.0 10.0 -5.0
90.0 159.0 4 -10.0 -5.0 -10.0 5.0 10.0 5.0 10.0 -5.0
99.0 74.0 4 -10.0 -5.0 -10.0 5.0 10.0 5.0 10.0 -5.0
59.0 170.0 4 -10.0 -5.0 -10.0 5.0 10.0 5.0 10.0 -5.0
121.0 139.0 4 -10.0 -5.0 -10.0 5.0 10.0 5.0 10.0 -5.0
123.0 84.0 4 -10.0 -5.0 -10.0 5.0 10.0 5.0 10.0 -5.0
147.0 72.0 4 -10.0 -5.0 -10.0 5.0 10.0 5.0 10.0 -5.0
95.0 46.0 4 -10.0 -5.0 -10.0 5.0 10.0 5.0 10.0 -5.0
138.0 85.0 4 -10.0 -5.0 -10.0 5.0 10.0 5.0 10.0 -5.0
85.0 140.0 4 -10.0 -5.0 -10.0 5.0 10.0 5.0 10.0 -5.0
113.0 130.0 4 -10.0 -5.0 -10.0 5.0 10.0 5.0 10.0 -5.0
104.0 76.0 4 -10.0 -5.0 -10.0 5.0 10.0 5.0 10.0 -5.0
131.0 137.0 4 -10.0 -5.0 -10.0 5.0 10.0 5.0 10.0 -5.0
89.0 93.0 4 -10.0 -5.0 -10.0 5.0 10.0 5.0 10.0 -5.0
124.0 110.0 4 -10.0 -5.0 -10.0 5.0 10.0 5.0 10.0 -5.0
95.0 79.0 4 -10.0 -5.0 -10.0 5.0 10.0 5.0 10.0 -5.0
182.0 103.0 4 -10.0 -5.0 -10.0 5.0 10.0 5.0 10.0 -5.0
167.0 88.0 4 -10.0 -5.0 -10.0 5.0 10.0 5.0 10.0 -5.0
113.0 108.0 4 -10.0 -5.0 -10.0 5.0 10.0 5.0 10.0 -5.0
112.0 84.0 4 -10.0 -5.0 -10.0 5.0 10.0 5.0 10.0 -5.0
127.0 155.0 4 -10.0 -5.0 -10.0 5.0 10.0 5.0 10.0 -5.0
84.0 75.0 4 -10.0 -5.0 -10.0 5.0 10.0 5.0 10.0 -5.0
109.0 120.0 4 -10.0 -5.0 -10.0 5.0 10.0 5.0 10.0 -5.0
146.0 64.0 4 -10.0 -5.0 -10.0 5.0 10.0 5.0 10.0 -5.0
169.0 64.0 4 -10.0 -5.0 -10.0 5.0 10.0 5.0 10.0 -5.0
97.0 148.0 4 -10.0 -5.0 -10.0 5.0 10.0 5.0 10.0 -5.0
119.0 118.0 4 -10.0 -5.0 -10.0 5.0 10.0 5.0 10.0 -5.0
108.0 161.0 4 -10.0 -5.0 -10.0 5.0 10.0 5.0 10.0 -5.0
150.0 134.0 4 -10.0 -5.0 -10.0 5.0 10.0 5.0 10.0 -5.0
46.0 105.0 4 -10.0 -5.0 -10.0 5.0 10.0 5.0 10.0 -5.0
115.0 155.0 4 -10.0 -5.0 -10.0 5.0 10.0 5.0 10.0 -5.0
84.0 105.0 4 -10.0 -5.0 -10.0 5.0 10.0 5.0 10.0 -5.0
147.0 118.0 4 -10.0 -5.0 -10.0 5.0 10.0 5.0 10.0 -5.0
128.0 118.0 4 -10.0 -5.0 -10.0 5.0 10.0 5.0 10.0 -5.0
101.0 125.0 4 -10.0 -5.0 -10.0 5.0 10.0 5.0 10.0 -5.0
190.0 113.0 4 -10.0 -5.0 -10.0 5.0 10.0 5.0 10.0 -5.0
171.0 110.0 4 -10.0 -5.0 -10.0 5.0 10.0 5.0 10.0 -5.0
139.0 128.0 4 -10.0 -5.0 -10.0 5.0 10.0 5.0 10.0 -5.0
106.0 98.0 4 -10.0 -5.0 -10.0 5.0 10.0 5.0 10.0 -5.0
163.0 87.0 4 -10.0 -5.0 -10.0 5.0 10.0 5.0 10.0 -5.0
101.0 155.0 4 -10.0 -5.0 -10.0 5.0 10.0 5.0 10.0 -5.0
91.0 133.0 4 -10.0 -5.0 -10.0 5.0 10.0 5.0 10.0 -5.0
79.0 106.0 4 -10.0 -5.0 -10.0 5.0 10.0 5.0 10.0 -5.0
131.0 103.0 4 -10.0 -5.0 -10.0 5.0 10.0 5.0 10.0 -5.0
135.0 117.0 4 -10.0 -5.0 -10.0 5.0 10.0 5.0 10.0 -5.0
122.0 135.0 4 -10.0 -5.0 -10.0 5.0 10.0 5.0 10.0 -5.0
169.0 84.0 4 -10.0 -5.0 -10.0 5.0 10.0 5.0 10.0 -5.0
86.0 101.0 4 -10.0 -5.0 -10.0 5.0 10.0 5.0 10.0 -5.0
129.0 71.0 4 -10.0 -5.0 -10.0 5.0 10.0 5.0 10.0 -5.0
162.0 130.0 4 -10.0 -5.0 -10.0 5.0 10.0 5.0 10.0 -5.0
175.0 110.0 4 -10.0 -5.0 -10.0 5.0 10.0 5.0 10.0 -5.0
133.0 88.0 4 -10.0 -5.0 -10.0 5.0 10.0 5.0 10.0 -5.0
122.0 62.0 4 -10.0 -5.0 -10.0 5.0 10.0 5.0 10.0 -5.0
84.0 109.0 4 -10.0 -5.0 -10.0 5.0 10.0 5.0 10.0 -5.0
118.0 152.0 4 -10.0 -5.0 -10.0 5.0 10.0 5.0 10.0 -5.0
157.0 117.0 4 -10.0 -5.0 -10.0 5.0 10.0 5.0 10.0 -5.0
165.0 63.0 4 -10.0 -5.0 -10.0 5.0 10.0 5.0 10.0 -5.0
135.0 115.0 4 -10.0 -5.0 -10.0 5.0 10.0 5.0 10.0 -5.0
139.0 69.0 4 -10.0 -5.0 -10.0 5.0 10.0 5.0 10.0 -5.0
107.0 83.0 4 -10.0 -5.0 -10.0 5.0 10.0 5.0 10.0 -5.0
116.0 143.0 4 -10.0 -5.0 -10.0 5.0 10.0 5.0 10.0 -5.0
138.0 152.0 4 -10.0 -5.0 -10.0 5.0 10.0 5.0 10.0 -5.0
93.0 123.0 4 -10.0 -5.0 -10.0 5.0 10.0 5.0 10.0 -5.0
98.0 172.0 4 -10.0 -5.0 -10.0 5.0 10.0 5.0 10.0 -5.0
143.0 89.0 4 -10.0 -5.0 -10.0 5.0 10.0 5.0 10.0 -5.0
112.0 63.0 4 -10.0 -5.0 -10.0 5.0 10.0 5.0 10.0 -5.0
138.0 136.0 4 -10.0 -5.0 -10.0 5.0 10.0 5.0 10.0 -5.0
150.0 148.0 4 -10.0 -5.0 -10.0 5.0 10.0 5.0 10.0 -5.0
82.0 144.0 4 -10.0 -5.0 -10.0 5.0 10.0 5.0 10.0 -5.0
132.0 113.0 4 -10.0 -5.0 -10.0 5.0 10.0 5.0 10.0 -5.0
127.0 120.0 4 -10.0 -5.0 -10.0 5.0 10.0 5.0 10.0 -5.0
171.0 117.0 4 -10.0 -5.0 -10.0 5.0 10.0 5.0 10.0 -5.0
153.0 64.0 4 -10.0 -5.0 -10.0 5.0 10.0 5.0 10.0 -5.0
154.0 122.0 4 -10.0 -5.0 -10.0 5.0 10.0 5.0 10.0 -5.0
98.0 82.0 4 -10.0 -5.0 -10.0 5.0 10.0 5.0 10.0 -5.0
112.0 71.0 4 -10.0 -5.0 -10.0 5.0 10.0 5.0 10.0 -5.0
136.0 158.0 4 -10.0 -5.0 -10.0 5.0 10.0 5.0 10.0 -5.0
93.0 103.0 4 -10.0 -5.0 -10.0 5.0 10.0 5.0 10.0 -5.0
84.0 80.0 4 -10.0 -5.0 -10.0 5.0 10.0 5.0 10.0 -5.0
158.0 94.0 4 -10.0 -5.0 -10.0 5.0 10.0 5.0 10.0 -5.0
95.0 133.0 4 -10.0 -5.0 -10.0 5.0 10.0 5.0 10.0 -5.0
150.0 103.0 4 -10.0 -5.0 -10.0 5.0 10.0 5.0 10.0 -5.0
87.0 126.0 4 -10.0 -5.0 -10.0 5.0 10.0 5.0 10.0 -5.0
114.0 151.0 4 -10.0 -5.0 -10.0 5.0 10.0 5.0 10.0 -5.0
141.0 118.0 4 -10.0 -5.0 -10.0 5.0 10.0 5.0 10.0 -5.0
174.0 99.0 4 -10.0 -5.0 -10.0 5.0 10.0 5.0 10.0 -5.0
91.0 147.0 4 -10.0 -5.0 -10.0 5.0 10.0 5.0 10.0 -5.0
156.0 154.0 4 -10.0 -5.0 -10.0 5.0 10.0 5.0 10.0 -5.0
157.0 129.0 4 -10.0 -5.0 -10.0 5.0 10.0 5.0 10.0 -5.0
167.0 116.0 4 -10.0 -5.0 -10.0 5.0 10.0 5.0 10.0 -5.0
159.0 128.0 4 -10.0 -5.0 -10.0 5.0 10.0 5.0 10.0 -5.0
76.0 51.0 4 -10.0 -5.0 -10.0 5.0 10.0 5.0 10.0 -5.0
120.0 95.0 4 -10.0 -5.0 -10.0 5.0 10.0 5.0 10.0 -5.0
139.0 99.0 4 -10.0 -5.0 -10.0 5.0 10.0 5.0 10.0 -5.0
158.0 121.0 4 -10.0 -5.0 -10.0 5.0 10.0 5.0 10.0 -5.0
90.0 114.0 4 -10.0 -5.0 -10.0 5.0 10.0 5.0 10.0 -5.0
82.0 137.0 4 -10.0 -5.0 -10.0 5.0 10.0 5.0 10.0 -5.0
77.0 136.0 4 -10.0 -5.0 -10.0 5.0 10.0 5.0 10.0 -5.0
111.0 133.0 4 -10.0 -5.0 -10.0 5.0 10.0 5.0 10.0 -5.0
139.0 156.0 4 -10.0 -5.0 -10.0 5.0 10.0 5.0 10.0 -5.0
78.0 113.0 4 -10.0 -5.0 -10.0 5.0 10.0 5.0 10.0 -5.0
44.0 102.0 4 -10.0 -5.0 -10.0 5.0 10.0 5.0 10.0 -5.0
120.0 130.0 4 -10.0 -5.0 -10.0 5.0 10.0 5.0 10.0 -5.0
82.0 116.0 4 -10.0 -5.0 -10.0 5.0 10.0 5.0 10.0 -5.0
142.0 168.0 4 -10.0 -5.0 -10.0 5.0 10.0 5.0 10.0 -5.0
194.0 120.0 4 -10.0 -5.0 -10.0 5.0 10.0 5.0 10.0 -5.0
115.0 84.0 4 -10.0 -5.0 -10.0 5.0 10.0 5.0 10.0 -5.0
130.0 134.0 4 -10.0 -5.0 -10.0 5.0 10.0 5.0 10.0 -5.0
69.0 102.0 4 -10.0 -5.0 -10.0 5.0 10.0 5.0 10.0 -5.0
123.0 93.0 4 -10.0 -5.0 -10.0 5.0 10.0 5.0 10.0 -5.0
84.0 144.0 4 -10.0 -5.0 -10.0 5.0 10.0 5.0 10.0 -5.0
117.0 167.0 4 -10.0 -5.0 -10.0 5.0 10.0 5.0 10.0 -5.0
92.0 168.0 4 -10.0 -5.0 -10.0 5.0 10.0 5.0 10.0 -5.0
142.0 94.0 4 -10.0 -5.0 -10.0 5.0 10.0 5.0 10.0 -5.0
135.0 144.0 4 -10.0 -5.0 -10.0 5.0 10.0 5.0 10.0 -5.0
102.0 175.0 4 -10.0 -5.0 -10.0 5.0 10.0 5.0 10.0 -5.0
69.0 112.0 4 -10.0 -5.0 -10.0 5.0 10.0 5.0 10.0 -5.0
89.0 74.0 4 -10.0 -5.0 -10.0 5.0 10.0 5.0 10.0 -5.0
111.0 105.0 4 -10.0 -5.0 -10.0 5.0 10.0 5.0 10.0 -5.0
113.0 87.0 4 -10.0 -5.0 -10.0 5.0 10.0 5.0 10.0 -5.0
106.0 131.0 4 -10.0 -5.0 -10.0 5.0 10.0 5.0 10.0 -5.0
155.0 87.0 4 -10.0 -5.0 -10.0 5.0 10.0 5.0 10.0 -5.0
134.0 68.0 4 -10.0 -5.0 -10.0 5.0 10.0 5.0 10.0 -5.0
113.0 135.0 4 -10.0 -5.0 -10.0 5.0 10.0 5.0 10.0 -5.0
103.0 129.0 4 -10.0 -5.0 -10.0 5.0 10.0 5.0 10.0 -5.0
92.0 124.0 4 -10.0 -5.0 -10.0 5.0 10.0 5.0 10.0 -5.0
166.0 144.0 4 -10.0 -5.0 -10.0 5.0 10.0 5.0 10.0 -5.0
128.0 115.0 4 -10.0 -5.0 -10.0 5.0 10.0 5.0 10.0 -5.0
154.0 125.0 4 -10.0 -5.0 -10.0 5.0 10.0 5.0 10.0 -5.0
105.0 105.0 4 -10.0 -5.0 -10.0 5.0 10.0 5.0 10.0 -5.0
141.0 150.0 4 -10.0 -5.0 -10.0 5.0 10.0 5.0 10.0 -5.0
157.0 83.0 4 -10.0 -5.0 -10.0 5.0 10.0 5.0 10.0 -5.0
106.0 94.0 4 -10.0 -5.0 -10.0 5.0 10.0 5.0 10.0 -5.0
131.0 145.0 4 -10.0 -5.0 -10.0 5.0 10.0 5.0 10.0 -5.0
166.0 125.0 4 -10.0 -5.0 -10.0 5.0 10.0 5.0 10.0 -5.0
55.0 86.0 4 -10.0 -5.0 -10.0 5.0 10.0 5.0 10.0 -5.0
130.0 148.0 4 -10.0 -5.0 -10.0 5.0 10.0 5.0 10.0 -5.0
155.0 117.0 4 -10.0 -5.0 -10.0 5.0 10.0 5.0 10.0 -5.0
144.0 159.0 4 -10.0 -5.0 -10.0 5.0 10.0 5.0 10.0 -5.0
134.0 71.0 4 -10.0 -5.0 -10.0 5.0 10.0 5.0 10.0 -5.0
175.0 91.0 4 -10.0 -5.0 -10.0 5.0 10.0 5.0 10.0 -5.0
112.0 67.0 4 -10.0 -5.0 -10.0 5.0 10.0 5.0 10.0 -5.0
107.0 119.0 4 -10.0 -5.0 -10.0 5.0 10.0 5.0 10.0 -5.0
146.0 99.0 4 -10.0 -5.0 -10.0 5.0 10.0 5.0 10.0 -5.0
122.0 117.0 4 -10.0 -5.0 -10.0 5.0 10.0 5.0 10.0 -5.0
143.0 111.0 4 -10.0 -5.0 -10.0 5.0 10.0 5.0 10.0 -5.0
156.0 71.0 4 -10.0 -5.0 -10.0 5.0 10.0 5.0 10.0 -5.0
161.0 124.0 4 -10.0 -5.0 -10.0 5.0 10.0 5.0 10.0 -5.0
107.0 135.0 4 -10.0 -5.0 -10.0 5.0 10.0 5.0 10.0 -5.0
118.0 121.0 4 -10.0 -5.0 -10.0 5.0 10.0 5.0 10.0 -5.0
111.0 149.0 4 -10.0 -5.0 -10.0 5.0 10.0 5.0 10.0 -5.0
125.0 125.0 4 -10.0 -5.0 -10.0 5.0 10.0 5.0 10.0 -5.0
77.0 74.0 4 -10.0 -5.0 -10.0 5.0 10.0 5.0 10.0 -5.0
166.0 90.0 4 -10.0 -5.0 -10.0 5.0 10.0 5.0 10.0 -5.0
123.0 131.0 4 -10.0 -5.0 -10.0 5.0 10.0 5.0 10.0 -5.0
130.0 85.0 4 -10.0 -5.0 -10.0 5.0 10.0 5.0 10.0 -5.0
98.0 86.0 4 -10.0 -5.0 -10.0 5.0 10.0 5.0 10.0 -5.0
116.0 145.0 4 -10.0 -5.0 -10.0 5.0 10.0 5.0 10.0 -5.0
144.0 68.0 4 -10.0 -5.0 -10.0 5.0 10.0 5.0 10.0 -5.0
104.0 148.0 4 -10.0 -5.0 -10.0 5.0 10.0 5.0 10.0 -5.0
135.0 152.0 4 -10.0 -5.0 -10.0 5.0 10.0 5.0 10.0 -5.0
146.0 95.0 4 -10.0 -5.0 -10.0 5.0 10.0 5.0 10.0 -5.0
106.0 58.0 4 -10.0 -5.0 -10.0 5.0 10.0 5.0 10.0 -5.0
104.0 136.0 4 -10.0 -5.0 -10.0 5.0 10.0 5.0 10.0 -5.0
127.0 123.0 4 -10.0 -5.0 -10.0 5.0 10.0 5.0 10.0 -5.0
107.0 92.0 4 -10.0 -5.0 -10.0 5.0 10.0 5.0 10.0 -5.0
109.0 153.0 4 -10.0 -5.0 -10.0 5.0 10.0 5.0 10.0 -5.0
109.0 143.0 4 -10.0 -5.0 -10.0 5.0 10.0 5.0 10.0 -5.0
116.0 128.0 4 -10.0 -5.0 -10.0 5.0 10.0 5.0 10.0 -5.0
122.0 163.0 4 -10.0 -5.0 -10.0 5.0 10.0 5.0 10.0 -5.0
121.0 91.0 4 -10.0 -5.0 -10.0 5.0 10.0 5.0 10.0 -5.0
142.0 142.0 4 -10.0 -5.0 -10.0 5.0 10.0 5.0 10.0 -5.0
145.0 140.0 4 -10.0 -5.0 -10.0 5.0 10.0 5.0 10.0 -5.0
81.0 113.0 4 -10.0 -5.0 -10.0 5.0 10.0 5.0 10.0 -5.0
143.0 142.0 4 -10.0 -5.0 -10.0 5.0 10.0 5.0 10.0 -5.0
135.0 96.0 4 -10.0 -5.0 -10.0 5.0 10.0 5.0 10.0 -5.0
166.0 108.0 4 -10.0 -5.0 -10.0 5.0 10.0 5.0 10.0 -5.0
97.0 124.0 4 -10.0 -5.0 -10.0 5.0 10.0 5.0 10.0 -5.0
126.0 141.0 4 -10.0 -5.0 -10.0 5.0 10.0 5.0 10.0 -5.0
99.0 79.0 4 -10.0 -5.0 -10.0 5.0 10.0 5.0 10.0 -5.0
96.0 128.0 4 -10.0 -5.0 -10.0 5.0 10.0 5.0 10.0 -5.0
161.0 81.0 4 -10.0 -5.0 -10.0 5.0 10.0 5.0 10.0 -5.0
106.0 114.0 4 -10.0 -5.0 -10.0 5.0 10.0 5.0 10.0 -5.0
119.0 92.0 4 -10.0 -5.0 -10.0 5.0 10.0 5.0 10.0 -5.0
132.0 131.0 4 -10.0 -5.0 -10.0 5.0 10.0 5.0 10.0 -5.0
89.0 117.0 4 -10.0 -5.0 -10.0 5.0 10.0 5.0 10.0 -5.0
141.0 96.0 4 -10.0 -5.0 -10.0 5.0 10.0 5.0 10.0 -5.0
164.0 101.0 4 -10.0 -5.0 -10.0 5.0 10.0 5.0 10.0 -5.0
137.0 115.0 4 -10.0 -5.0 -10.0 5.0 10.0 5.0 10.0 -5.0
142.0 137.0 4 -10.0 -5.0 -10.0 5.0 10.0 5.0 10.0 -5.0
122.0 145.0 4 -10.0 -5.0 -10.0 5.0 10.0 5.0 10.0 -5.0
100.0 63.0 4 -10.0 -5.0 -10.0 5.0 10.0 5.0 10.0 -5.0
160.0 65.0 4 -10.0 -5.0 -10.0 5.0 10.0 5.0 10.0 -5.0
141.0 133.0 4 -10.0 -5.0 -10.0 5.0 10.0 5.0 10.0 -5.0
160.0 153.0 4 -10.0 -5.0 -10.0 5.0 10.0 5.0 10.0 -5.0
167.0 82.0 4 -10.0 -5.0 -10.0 5.0 10.0 5.0 10.0 -5.0
165.0 136.0 4 -10.0 -5.0 -10.0 5.0 10.0 5.0 10.0 -5.0
156.0 165.0 4 -10.0 -5.0 -10.0 5.0 10.0 5.0 10.0 -5.0
125.0 97.0 4 -10.0 -5.0 -10.0 5.0 10.0 5.0 10.0 -5.0
122.0 108.0 4 -10.0 -5.0 -10.0 5.0 10.0 5.0 10.0 -5.0
93.0 43.0 4 -10.0 -5.0 -10.0 5.0 10.0 5.0 10.0 -5.0
101.0 100.0 4 -10.0 -5.0 -10.0 5.0 10.0 5.0 10.0 -5.0
128.0 85.0 4 -10.0 -5.0 -10.0 5.0 10.0 5.0 10.0 -5.0
133.0 117.0 4 -10.0 -5.0 -10.0 5.0 10.0 5.0 10.0 -5.0
116.0 77.0 4 -10.0 -5.0 -10.0 5.0 10.0 5.0 10.0 -5.0
88.0 106.0 4 -10.0 -5.0 -10.0 5.0 10.0 5.0 10.0 -5.0
101.0 117.0 4 -10.0 -5.0 -10.0 5.0 10.0 5.0 10.0 -5.0
82.0 109.0 4 -10.0 -5.0 -10.0 5.0 10.0 5.0 10.0 -5.0
74.0 102.0 4 -10.0 -5.0 -10.0 5.0 10.0 5.0 10.0 -5.0
120.0 124.0 4 -10.0 -5.0 -10.0 5.0 10.0 5.0 10.0 -5.0
91.0 113.0 4 -10.0 -5.0 -10.0 5.0 10.0 5.0 10.0 -5.0
137.0 129.0 4 -10.0 -5.0 -10.0 5.0 10.0 5.0 10.0 -5.0
95.0 127.0 4 -10.0 -5.0 -10.0 5.0 10.0 5.0 10.0 -5.0
117.0 106.0 4 -10.0 -5.0 -10.0 5.0 10.0 5.0 10.0 -5.0
132.0 155.0 4 -10.0 -5.0 -10.0 5.0 10.0 5.0 10.0 -5.0
151.0 55.0 4 -10.0 -5.0 -10.0 5.0 10.0 5.0 10.0 -5.0
158.0 119.0 4 -10.0 -5.0 -10.0 5.0 10.0 5.0 10.0 -5.0
122.0 95.0 4 -10.0 -5.0 -10.0 5.0 10.0 5.0 10.0 -5.0
165.0 119.0 4 -10.0 -5.0 -10.0 5.0 10.0 5.0 10.0 -5.0
122.0 125.0 4 -10.0 -5.0 -10.0 5.0 10.0 5.0 10.0 -5.0
129.0 111.0 4 -10.0 -5.0 -10.0 5.0 10.0 5.0 10.0 -5.0
108.0 102.0 4 -10.0 -5.0 -10.0 5.0 10.0 5.0 10.0 -5.0
87.0 129.0 4 -10.0 -5.0 -10.0 5.0 10.0 5.0 10.0 -5.0
143.0 119.0 4 -10.0 -5.0 -10.0 5.0 10.0 5.0 10.0 -5.0
77.0 67.0 4 -10.0 -5.0 -10.0 5.0 10.0 5.0 10.0 -5.0
116.0 54.0 4 -10.0 -5.0 -10.0 5.0 10.0 5.0 10.0 -5.0
139.0 77.0 4 -10.0 -5.0 -10.0 5.0 10.0 5.0 10.0 -5.0
140.0 82.0 4 -10.0 -5.0 -10.0 5.0 10.0 5.0 10.0 -5.0
163.0 100.0 4 -10.0 -5.0 -10.0 5.0 10.0 5.0 10.0 -5.0
140.0 125.0 4 -10.0 -5.0 -10.0 5.0 10.0 5.0 10.0 -5.0
119.0 115.0 4 -10.0 -5.0 -10.0 5.0 10.0 5.0 10.0 -5.0
84.0 101.0 4 -10.0 -5.0 -10.0 5.0 10.0 5.0 10.0 -5.0
97.0 127.0 4 -10.0 -5.0 -10.0 5.0 10.0 5.0 10.0 -5.0
137.0 86.0 4 -10.0 -5.0 -10.0 5.0 10.0 5.0 10.0 -5.0
132.0 126.0 4 -10.0 -5.0 -10.0 5.0 10.0 5.0 10.0 -5.0
96.0 149.0 4 -10.0 -5.0 -10.0 5.0 10.0 5.0 10.0 -5.0
96.0 142.0 4 -10.0 -5.0 -10.0 5.0 10.0 5.0 10.0 -5.0
113.0 125.0 4 -10.0 -5.0 -10.0 5.0 10.0 5.0 10.0 -5.0
108.0 86.0 4 -10.0 -5.0 -10.0 5.0 10.0 5.0 10.0 -5.0
148.0 59.0 4 -10.0 -5.0 -10.0 5.0 10.0 5.0 10.0 -5.0
71.0 108.0 4 -10.0 -5.0 -10.0 5.0 10.0 5.0 10.0 -5.0
110.0 136.0 4 -10.0 -5.0 -10.0 5.0 10.0 5.0 10.0 -5.0
113.0 92.0 4 -10.0 -5.0 -10.0 5.0 10.0 5.0 10.0 -5.0
85.0 106.0 4 -10.0 -5.0 -10.0 5.0 10.0 5.0 10.0 -5.0
118.0 100.0 4 -10.0 -5.0 -10.0 5.0 10.0 5.0 10.0 -5.0
151.0 150.0 4 -10.0 -5.0 -10.0 5.0 10.0 5.0 10.0 -5.0
163.0 137.0 4 -10.0 -5.0 -10.0 5.0 10.0 5.0 10.0 -5.0
115.0 103.0 4 -10.0 -5.0 -10.0 5.0 10.0 5.0 10.0 -5.0
134.0 92.0 4 -10.0 -5.0 -10.0 5.0 10.0 5.0 10.0 -5.0
121.0 152.0 4 -10.0 -5.0 -10.0 5.0 10.0 5.0 10.0 -5.0
144.0 85.0 4 -10.0 -5.0 -10.0 5.0 10.0 5.0 10.0 -5.0
73.0 154.0 4 -10.0 -5.0 -10.0 5.0 10.0 5.0 10.0 -5.0
93.0 91.0 4 -10.0 -5.0 -10.0 5.0 10.0 5.0 10.0 -5.0
148.0 124.0 4 -10.0 -5.0 -10.0 5.0 10.0 5.0 10.0 -5.0
167.0 151.0 4 -10.0 -5.0 -10.0 5.0 10.0 5.0 10.0 -5.0
119.0 171.0 4 -10.0 -5.0 -10.0 5.0 10.0 5.0 10.0 -5.0
151.0 50.0 4 -10.0 -5.0 -10.0 5.0 10.0 5.0 10.0 -5.0
128.0 127.0 4 -10.0 -5.0 -10.0 5.0 10.0 5.0 10.0 -5.0
117.0 131.0 4 -10.0 -5.0 -10.0 5.0 10.0 5.0 10.0 -5.0
124.0 78.0 4 -10.0 -5.0 -10.0 5.0 10.0 5.0 10.0 -5.0
96.0 56.0 4 -10.0 -5.0 -10.0 5.0 10.0 5.0 10.0 -5.0
147.0 112.0 4 -10.0 -5.0 -10.0 5.0 10.0 5.0 10.0 -5.0
144.0 127.0 4 -10.0 -5.0 -10.0 5.0 10.0 5.0 10.0 -5.0
123.0 66.0 4 -10.0 -5.0 -10.0 5.0 10.0 5.0 10.0 -5.0
132.0 153.0 4 -10.0 -5.0 -10.0 5.0 10.0 5.0 10.0 -5.0
81.0 91.0 4 -10.0 -5.0 -10.0 5.0 10.0 5.0 10.0 -5.0
173.0 163.0 4 -10.0 -5.0 -10.0 5.0 10.0 5.0 10.0 -5.0
137.0 111.0 4 -10.0 -5.0 -10.0 5.0 10.0 5.0 10.0 -5.0
86.0 91.0 4 -10.0 -5.0 -10.0 5.0 10.0 5.0 10.0 -5.0
145.0 93.0 4 -10.0 -5.0 -10.0 5.0 10.0 5.0 10.0 -5.0
88.0 65.0 4 -10.0 -5.0 -10.0 5.0 10.0 5.0 10.0 -5.0
115.0 96.0 4 -10.0 -5.0 -10.0 5.0 10.0 5.0 10.0 -5.0
144.0 76.0 4 -10.0 -5.0 -10.0 5.0 10.0 5.0 10.0 -5.0
119.0 100.0 4 -10.0 -5.0 -10.0 5.0 10.0 5.0 10.0 -5.0
157.0 158.0 4 -10.0 -5.0 -10.0 5.0 10.0 5.0 10.0 -5.0
120.0 142.0 4 -10.0 -5.0 -10.0 5.0 10.0 5.0 10.0 -5.0
107.0 30.0 4 -10.0 -5.0 -10.0 5.0 10.0 5.0 10.0 -5.0
109.0 101.0 4 -10.0 -5.0 -10.0 5.0 10.0 5.0 10.0 -5.0
180.0 121.0 4 -10.0 -5.0 -10.0 5.0 10.0 5.0 10.0 -5.0
182.0 184.0 4 -10.0 -5.0 -10.0 5.0 10.0 5.0 10.0 -5.0
94.0 83.0 4 -10.0 -5.0 -10.0 5.0 10.0 5.0 10.0 -5.0
121.0 106.0 4 -10.0 -5.0 -10.0 5.0 10.0 5.0 10.0 -5.0
140.0 123.0 4 -10.0 -5.0 -10.0 5.0 10.0 5.0 10.0 -5.0
91.0 104.0 4 -10.0 -5.0 -10.0 5.0 10.0 5.0 10.0 -5.0
146.0 130.0 4 -10.0 -5.0 -10.0 5.0 10.0 5.0 10.0 -5.0
125.0 144.0 4 -10.0 -5.0 -10.0 5.0 10.0 5.0 10.0 -5.0
128.0 93.0 4 -10.0 -5.0 -10.0 5.0 10.0 5.0 10.0 -5.0
78.0 123.0 4 -10.0 -5.0 -10.0 5.0 10.0 5.0 10.0 -5.0
156.0 110.0 4 -10.0 -5.0 -10.0 5.0 10.0 5.0 10.0 -5.0
84.0 95.0 4 -10.0 -5.0 -10.0 5.0 10.0 5.0 10.0 -5.0
125.0 168.0 4 -10.0 -5.0 -10.0 5.0 10.0 5.0 10.0 -5.0
138.0 62.0 4 -10.0 -5.0 -10.0 5.0 10.0 5.0 10.0 -5.0
178.0 104.0 4 -10.0 -5.0 -10.0 5.0 10.0 5.0 10.0 -5.0
111.0 111.0 4 -10.0 -5.0 -10.0 5.0 10.0 5.0 10.0 -5.0
152.0 128.0 4 -10.0 -5.0 -10.0 5.0 10.0 5.0 10.0 -5.0
162.0 104.0 4 -10.0 -5.0 -10.0 5.0 10.0 5.0 10.0 -5.0
144.0 101.0 4 -10.0 -5.0 -10.0 5.0 10.0 5.0 10.0 -5.0
70.0 122.0 4 -10.0 -5.0 -10.0 5.0 10.0 5.0 10.0 -5.0
115.0 99.0 4 -10.0 -5.0 -10.0 5.0 10.0 5.0 10.0 -5.0
170.0 124.0 4 -10.0 -5.0 -10.0 5.0 10.0 5.0 10.0 -5.0
110.0 96.0 4 -10.0 -5.0 -10.0 5.0 10.0 5.0 10.0 -5.0
86.0 124.0 4 -10.0 -5.0 -10.0 5.0 10.0 5.0 10.0 -5.0
96.0 122.0 4 -10.0 -5.0 -10.0 5.0 10.0 5.0 10.0 -5.0
132.0 166.0 4 -10.0 -5.0 -10.0 5.0 10.0 5.0 10.0 -5.0
99.0 112.0 4 -10.0 -5.0 -10.0 5.0 10.0 5.0 10.0 -5.0
143.0 162.0 4 -10.0 -5.0 -10.0 5.0 10.0 5.0 10.0 -5.0
190.0 152.0 4 -10.0 -5.0 -10.0 5.0 10.0 5.0 10.0 -5.0
130.0 124.0 4 -10.0 -5.0 -10.0 5.0 10.0 5.0 10.0 -5.0
128.0 96.0 4 -10.0 -5.0 -10.0 5.0 10.0 5.0 10.0 -5.0
126.0 130.0 4 -10.0 -5.0 -10.0 5.0 10.0 5.0 10.0 -5.0
157.0 111.0 4 -10.0 -5.0 -10.0 5.0 10.0 5.0 10.0 -5.0
147.0 148.0 4 -10.0 -5.0 -10.0 5.0 10.0 5.0 10.0 -5.0
139.0 83.0 4 -10.0 -5.0 -10.0 5.0 10.0 5.0 10.0 -5.0
143.0 103.0 4 -10.0 -5.0 -10.0 5.0 10.0 5.0 10.0 -5.0
97.0 144.0 4 -10.0 -5.0 -10.0 5.0 10.0 5.0 10.0 -5.0
71.0 40.0 4 -10.0 -5.0 -10.0 5.0 10.0 5.0 10.0 -5.0
170.0 129.0 4 -10.0 -5.0 -10.0 5.0 10.0 5.0 10.0 -5.0
100.0 132.0 4 -10.0 -5.0 -10.0 5.0 10.0 5.0 10.0 -5.0
134.0 157.0 4 -10.0 -5.0 -10.0 5.0 10.0 5.0 10.0 -5.0
118.0 129.0 4 -10.0 -5.0 -10.0 5.0 10.0 5.0 10.0 -5.0
140.0 121.0 4 -10.0 -5.0 -10.0 5.0 10.0 5.0 10.0 -5.0
124.0 91.0 4 -10.0 -5.0 -10.0 5.0 10.0 5.0 10.0 -5.0
74.0 137.0 4 -10.0 -5.0 -10.0 5.0 10.0 5.0 10.0 -5.0
122.0 68.0 4 -10.0 -5.0 -10.0 5.0 10.0 5.0 10.0 -5.0
119.0 81.0 4 -10.0 -5.0 -10.0 5.0 10.0 5.0 10.0 -5.0
108.0 131.0 4 -10.0 -5.0 -10.0 5.0 10.0 5.0 10.0 -5.0
155.0 81.0 4 -10.0 -5.0 -10.0 5.0 10.0 5.0 10.0 -5.0
73.0 83.0 4 -10.0 -5.0 -10.0 5.0 10.0 5.0 10.0 -5.0
141.0 86.0 4 -10.0 -5.0 -10.0 5.0 10.0 5.0 10.0 -5.0
168.0 93.0 4 -10.0 -5.0 -10.0 5.0 10.0 5.0 10.0 -5.0
150.0 166.0 4 -10.0 -5.0 -10.0 5.0 10.0 5.0 10.0 -5.0
104.0 124.0 4 -10.0 -5.0 -10.0 5.0 10.0 5.0 10.0 -5.0
104.0 153.0 4 -10.0 -5.0 -10.0 5.0 10.0 5.0 10.0 -5.0
158.0 88.0 4 -10.0 -5.0 -10.0 5.0 10.0 5.0 10.0 -5.0
184.0 128.0 4 -10.0 -5.0 -10.0 5.0 10.0 5.0 10.0 -5.0
146.0 137.0 4 -10.0 -5.0 -10.0 5.0 10.0 5.0 10.0 -5.0
120.0 135.0 4 -10.0 -5.0 -10.0 5.0 10.0 5.0 10.0 -5.0
102.0 146.0 4 -10.0 -5.0 -10.0 5.0 10.0 5.0 10.0 -5.0
129.0 121.0 4 -10.0 -5.0 -10.0 5.0 10.0 5.0 10.0 -5.0
138.0 126.0 4 -10.0 -5.0 -10.0 5.0 10.0 5.0 10.0 -5.0
104.0 95.0 4 -10.0 -5.0 -10.0 5.0 10.0 5.0 10.0 -5.0
146.0 125.0 4 -10.0 -5.0 -10.0 5.0 10.0 5.0 10.0 -5.0
114.0 153.0 4 -10.0 -5.0 -10.0 5.0 10.0 5.0 10.0 -5.0
172.0 75.0 4 -10.0 -5.0 -10.0 5.0 10.0 5.0 10.0 -5.0
85.0 110.0 4 -10.0 -5.0 -10.0 5.0 10.0 5.0 10.0 -5.0
161.0 146.0 4 -10.0 -5.0 -10.0 5.0 10.0 5.0 10.0 -5.0
120.0 74.0 4 -10.0 -5.0 -10.0 5.0 10.0 5.0 10.0 -5.0
146.0 62.0 4 -10.0 -5.0 -10.0 5.0 10.0 5.0 10.0 -5.0
151.0 154.0 4 -10.0 -5.0 -10.0 5.0 10.0 5.0 10.0 -5.0
143.0 105.0 4 -10.0 -5.0 -10.0 5.0 10.0 5.0 10.0 -5.0
111.0 113.0 4 -10.0 -5.0 -10.0 5.0 10.0 5.0 10.0 -5.0
137.0 72.0 4 -10.0 -5.0 -10.0 5.0 10.0 5.0 10.0 -5.0
136.0 132.0 4 -10.0 -5.0 -10.0 5.0 10.0 5.0 10.0 -5.0
167.0 111.0 4 -10.0 -5.0 -10.0 5.0 10.0 5.0 10.0 -5.0
128.0 106.0 4 -10.0 -5.0 -10.0 5.0 10.0 5.0 10.0 -5.0
114.0 129.0 4 -10.0 -5.0 -10.0 5.0 10.0 5.0 10.0 -5.0
93.0 138.0 4 -10.0 -5.0 -10.0 5.0 10.0 5.0 10.0 -5.0
93.0 111.0 4 -10.0 -5.0 -10.0 5.0 10.0 5.0 10.0 -5.0
119.0 80.0 4 -10.0 -5.0 -10.0 5.0 10.0 5.0 10.0 -5.0
133.0 105.0 4 -10.0 -5.0 -10.0 5.0 10.0 5.0 10.0 -5.0
127.0 132.0 4 -10.0 -5.0 -10.0 5.0 10.0 5.0 10.0 -5.0
90.0 101.0 4 -10.0 -5.0 -10.0 5.0 10.0 5.0 10.0 -5.0
147.0 107.0 4 -10.0 -5.0 -10.0 5.0 10.0 5.0 10.0 -5.0
128.0 164.0 4 -10.0 -5.0 -10.0 5.0 10.0 5.0 10.0 -5.0
131.0 57.0 4 -10.0 -5.0 -10.0 5.0 10.0 5.0 10.0 -5.0
185.0 80.0 4 -10.0 -5.0 -10.0 5.0 10.0 5.0 10.0 -5.0
140.0 91.0 4 -10.0 -5.0 -10.0 5.0 10.0 5.0 10.0 -5.0
72.0 97.0 4 -10.0 -5.0 -10.0 5.0 10.0 5.0 10.0 -5.0
163.0 67.0 4 -10.0 -5.0 -10.0 5.0 10.0 5.0 10.0 -5.0
112.0 97.0 4 -10.0 -5.0 -10.0 5.0 10.0 5.0 10.0 -5.0
91.0 131.0 4 -10.0 -5.0 -10.0 5.0 10.0 5.0 10.0 -5.0
81.0 127.0 4 -10.0 -5.0 -10.0 5.0 10.0 5.0 10.0 -5.0
125.0 101.0 4 -10.0 -5.0 -10.0 5.0 10.0 5.0 10.0 -5.0
174.0 102.0 4 -10.0 -5.0 -10.0 5.0 10.0 5.0 10.0 -5.0
109.0 109.0 4 -10.0 -5.0 -10.0 5.0 10.0 5.0 10.0 -5.0
96.0 103.0 4 -10.0 -5.0 -10.0 5.0 10.0 5.0 10.0 -5.0
114.0 143.0 4 -10.0 -5.0 -10.0 5.0 10.0 5.0 10.0 -5.0
108.0 106.0 4 -10.0 -5.0 -10.0 5.0 10.0 5.0 10.0 -5.0
104.0 144.0 4 -10.0 -5.0 -10.0 5.0 10.0 5.0 10.0 -5.0
108.0 79.0 4 -10.0 -5.0 -10.0 5.0 10.0 5.0 10.0 -5.0
121.0 103.0 4 -10.0 -5.0 -10.0 5.0 10.0 5.0 10.0 -5.0
66.0 65.0 4 -10.0 -5.0 -10.0 5.0 10.0 5.0 10.0 -5.0
92.0 77.0 4 -10.0 -5.0 -10.0 5.0 10.0 5.0 10.0 -5.0
155.0 130.0 4 -10.0 -5.0 -10.0 5.0 10.0 5.0 10.0 -5.0
129.0 43.0 4 -10.0 -5.0 -10.0 5.0 10.0 5.0 10.0 -5.0
133.0 102.0 4 -10.0 -5.0 -10.0 5.0 10.0 5.0 10.0 -5.0
98.0 98.0 4 -10.0 -5.0 -10.0 5.0 10.0 5.0 10.0 -5.0
135.0 55.0 4 -10.0 -5.0 -10.0 5.0 10.0 5.0 10.0 -5.0
150.0 72.0 4 -10.0 -5.0 -10.0 5.0 10.0 5.0 10.0 -5.0
60.0 119.0 4 -10.0 -5.0 -10.0 5.0 10.0 5.0 10.0 -5.0
155.0 93.0 4 -10.0 -5.0 -10.0 5.0 10.0 5.0 10.0 -5.0
142.0 110.0 4 -10.0 -5.0 -10.0 5.0 10.0 5.0 10.0 -5.0
96.0 91.0 4 -10.0 -5.0 -10.0 5.0 10.0 5.0 10.0 -5.0
61.0 143.0 4 -10.0 -5.0 -10.0 5.0 10.0 5.0 10.0 -5.0
178.0 148.0 4 -10.0 -5.0 -10.0 5.0 10.0 5.0 10.0 -5.0
171.0 161.0 4 -10.0 -5.0 -10.0 5.0 10.0 5.0 10.0 -5.0
91.0 137.0 4 -10.0 -5.0 -10.0 5.0 10.0 5.0 10.0 -5.0
152.0 104.0 4 -10.0 -5.0 -10.0 5.0 10.0 5.0 10.0 -5.0
104.0 110.0 4 -10.0 -5.0 -10.0 5.0 10.0 5.0 10.0 -5.0
102.0 25.0 4 -10.0 -5.0 -10.0 5.0 10.0 5.0 10.0 -5.0
167.0 78.0 4 -10.0 -5.0 -10.0 5.0 10.0 5.0 10.0 -5.0
161.0 141.0 4 -10.0 -5.0 -10.0 5.0 10.0 5.0 10.0 -5.0
177.0 81.0 4 -10.0 -5.0 -10.0 5.0 10.0 5.0 10.0 -5.0
91.0 102.0 4 -10.0 -5.0 -10.0 5.0 10.0 5.0 10.0 -5.0
160.0 112.0 4 -10.0 -5.0 -10.0 5.0 10.0 5.0 10.0 -5.0
154.0 136.0 4 -10.0 -5.0 -10.0 5.0 10.0 5.0 10.0 -5.0
96.0 118.0 4 -10.0 -5.0 -10.0 5.0 10.0 5.0 10.0 -5.0
95.0 100.0 4 -10.0 -5.0 -10.0 5.0 10.0 5.0 10.0 -5.0
126.0 96.0 4 -10.0 -5.0 -10.0 5.0 10.0 5.0 10.0 -5.0
90.0 43.0 4 -10.0 -5.0 -10.0 5.0 10.0 5.0 10.0 -5.0
203.0 154.0 4 -10.0 -5.0 -10.0 5.0 10.0 5.0 10.0 -5.0
95.0 162.0 4 -10.0 -5.0 -10.0 5.0 10.0 5.0 10.0 -5.0
116.0 135.0 4 -10.0 -5.0 -10.0 5.0 10.0 5.0 10.0 -5.0
195.0 76.0 4 -10.0 -5.0 -10.0 5.0 10.0 5.0 10.0 -5.0
145.0 118.0 4 -10.0 -5.0 -10.0 5.0 10.0 5.0 10.0 -5.0
97.0 133.0 4 -10.0 -5.0 -10.0 5.0 10.0 5.0 10.0 -5.0
74.0 93.0 4 -10.0 -5.0 -10.0 5.0 10.0 5.0 10.0 -5.0
144.0 137.0 4 -10.0 -5.0 -10.0 5.0 10.0 5.0 10.0 -5.0
119.0 156.0 4 -10.0 -5.0 -10.0 5.0 10.0 5.0 10.0 -5.0
62.0 103.0 4 -10.0 -5.0 -10.0 5.0 10.0 5.0 10.0 -5.0
134.0 82.0 4 -10.0 -5.0 -10.0 5.0 10.0 5.0 10.0 -5.0
108.0 134.0 4 -10.0 -5.0 -10.0 5.0 10.0 5.0 10.0 -5.0
162.0 116.0 4 -10.0 -5.0 -10.0 5.0 10.0 5.0 10.0 -5.0
121.0 114.0 4 -10.0 -5.0 -10.0 5.0 10.0 5.0 10.0 -5.0
167.0 130.0 4 -10.0 -5.0 -10.0 5.0 10.0 5.0 10.0 -5.0
107.0 87.0 4 -10.0 -5.0 -10.0 5.0 10.0 5.0 10.0 -5.0
114.0 106.0 4 -10.0 -5.0 -10.0 5.0 10.0 5.0 10.0 -5.0
132.0 81.0 4 -10.0 -5.0 -10.0 5.0 10.0 5.0 10.0 -5.0
138.0 164.0 4 -10.0 -5.0 -10.0 5.0 10.0 5.0 10.0 -5.0
116.0 120.0 4 -10.0 -5.0 -10.0 5.0 10.0 5.0 10.0 -5.0
143.0 55.0 4 -10.0 -5.0 -10.0 5.0 10.0 5.0 10.0 -5.0
129.0 62.0 4 -10.0 -5.0 -10.0 5.0 10.0 5.0 10.0 -5.0
100.0 103.0 4 -10.0 -5.0 -10.0 5.0 10.0 5.0 10.0 -5.0
122.0 57.0 4 -10.0 -5.0 -10.0 5.0 10.0 5.0 10.0 -5.0
101.0 133.0 4 -10.0 -5.0 -10.0 5.0 10.0 5.0 10.0 -5.0
159.0 108.0 4 -10.0 -5.0 -10.0 5.0 10.0 5.0 10.0 -5.0
98.0 94.0 4 -10.0 -5.0 -10.0 5.0 10.0 5.0 10.0 -5.0
153.0 65.0 4 -10.0 -5.0 -10.0 5.0 10.0 5.0 10.0 -5.0
140.0 108.0 4 -10.0 -5.0 -10.0 5.0 10.0 5.0 10.0 -5.0
152.0 94.0 4 -10.0 -5.0 -10.0 5.0 10.0 5.0 10.0 -5.0
106.0 81.0 4 -10.0 -5.0 -10.0 5.0 10.0 5.0 10.0 -5.0
98.0 71.0 4 -10.0 -5.0 -10.0 5.0 10.0 5.0 10.0 -5.0
143.0 125.0 4 -10.0 -5.0 -10.0 5.0 10.0 5.0 10.0 -5.0
79.0 119.0 4 -10.0 -5.0 -10.0 5.0 10.0 5.0 10.0 -5.0
157.0 101.0 4 -10.0 -5.0 -10.0 5.0 10.0 5.0 10.0 -5.0
177.0 117.0 4 -10.0 -5.0 -10.0 5.0 10.0 5.0 10.0 -5.0
145.0 116.0 4 -10.0 -5.0 -10.0 5.0 10.0 5.0 10.0 -5.0
161.0 103.0 4 -10.0 -5.0 -10.0 5.0 10.0 5.0 10.0 -5.0
76.0 145.0 4 -10.0 -5.0 -10.0 5.0 10.0 5.0 10.0 -5.0
94.0 107.0 4 -10.0 -5.0 -10.0 5.0 10.0 5.0 10.0 -5.0
117.0 146.0 4 -10.0 -5.0 -10.0 5.0 10.0 5.0 10.0 -5.0
125.0 82.0 4 -10.0 -5.0 -10.0 5.0 10.0 5.0 10.0 -5.0
142.0 89.0 4 -10.0 -5.0 -10.0 5.0 10.0 5.0 10.0 -5.0
132.0 92.0 4 -10.0 -5.0 -10.0 5.0 10.0 5.0 10.0 -5.0
93.0 72.0 4 -10.0 -5.0 -10.0 5.0 10.0 5.0 10.0 -5.0
155.0 56.0 4 -10.0 -5.0 -10.0 5.0 10.0 5.0 10.0 -5.0
124.0 107.0 4 -10.0 -5.0 -10.0 5.0 10.0 5.0 10.0 -5.0
117.0 89.0 4 -10.0 -5.0 -10.0 5.0 10.0 5.0 10.0 -5.0
164.0 95.0 4 -10.0 -5.0 -10.0 5.0 10.0 5.0 10.0 -5.0
123.0 129.0 4 -10.0 -5.0 -10.0 5.0 10.0 5.0 10.0 -5.0
159.0 166.0 4 -10.0 -5.0 -10.0 5.0 10.0 5.0 10.0 -5.0
125.0 74.0 4 -10.0 -5.0 -10.0 5.0 10.0 5.0 10.0 -5.0
152.0 80.0 4 -10.0 -5.0 -10.0 5.0 10.0 5.0 10.0 -5.0
157.0 107.0 4 -10.0 -5.0 -10.0 5.0 10.0 5.0 10.0 -5.0
88.0 121.0 4 -10.0 -5.0 -10.0 5.0 10.0 5.0 10.0 -5.0
156.0 85.0 4 -10.0 -5.0 -10.0 5.0 10.0 5.0 10.0 -5.0
135.0 59.0 4 -10.0 -5.0 -10.0 5.0 10.0 5.0 10.0 -5.0
109.0 73.0 4 -10.0 -5.0 -10.0 5.0 10.0 5.0 10.0 -5.0
167.0 127.0 4 -10.0 -5.0 -10.0 5.0 10.0 5.0 10.0 -5.0
85.0 166.0 4 -10.0 -5.0 -10.0 5.0 10.0 5.0 10.0 -5.0
91.0 120.0 4 -10.0 -5.0 -10.0 5.0 10.0 5.0 10.0 -5.0
114.0 140.0 4 -10.0 -5.0 -10.0 5.0 10.0 5.0 10.0 -5.0
138.0 80.0 4 -10.0 -5.0 -10.0 5.0 10.0 5.0 10.0 -5.0
92.0 85.0 4 -10.0 -5.0 -10.0 5.0 10.0 5.0 10.0 -5.0
135.0 102.0 4 -10.0 -5.0 -10.0 5.0 10.0 5.0 10.0 -5.0
121.0 83.0 4 -10.0 -5.0 -10.0 5.0 10.0 5.0 10.0 -5.0
136.0 146.0 4 -10.0 -5.0 -10.0 5.0 10.0 5.0 10.0 -5.0
82.0 94.0 4 -10.0 -5.0 -10.0 5.0 10.0 5.0 10.0 -5.0
103.0 142.0 4 -10.0 -5.0 -10.0 5.0 10.0 5.0 10.0 -5.0
189.0 106.0 4 -10.0 -5.0 -10.0 5.0 10.0 5.0 10.0 -5.0
77.0 106.0 4 -10.0 -5.0 -10.0 5.0 10.0 5.0 10.0 -5.0
114.0 124.0 4 -10.0 -5.0 -10.0 5.0 10.0 5.0 10.0 -5.0
119.0 127.0 4 -10.0 -5.0 -10.0 5.0 10.0 5.0 10.0 -5.0
138.0 92.0 4 -10.0 -5.0 -10.0 5.0 10.0 5.0 10.0 -5.0
120.0 128.0 4 -10.0 -5.0 -10.0 5.0 10.0 5.0 10.0 -5.0
148.0 91.0 4 -10.0 -5.0 -10.0 5.0 10.0 5.0 10.0 -5.0
72.0 100.0 4 -10.0 -5.0 -10.0 5.0 10.0 5.0 10.0 -5.0
170.0 115.0 4 -10.0 -5.0 -10.0 5.0 10.0 5.0 10.0 -5.0
131.0 165.0 4 -10.0 -5.0 -10.0 5.0 10.0 5.0 10.0 -5.0
50.0 116.0 4 -10.0 -5.0 -10.0 5.0 10.0 5.0 10.0 -5.0
134.0 138.0 4 -10.0 -5.0 -10.0 5.0 10.0 5.0 10.0 -5.0
97.0 102.0 4 -10.0 -5.0 -10.0 5.0 10.0 5.0 10.0 -5.0
150.0 95.0 4 -10.0 -5.0 -10.0 5.0 10.0 5.0 10.0 -5.0
139.0 118.0 4 -10.0 -5.0 -10.0 5.0 10.0 5.0 10.0 -5.0
162.0 151.0 4 -10.0 -5.0 -10.0 5.0 10.0 5.0 10.0 -5.0
134.0 50.0 4 -10.0 -5.0 -10.0 5.0 10.0 5.0 10.0 -5.0
105.0 118.0 4 -10.0 -5.0 -10.0 5.0 10.0 5.0 10.0 -5.0
158.0 81.0 4 -10.0 -5.0 -10.0 5.0 10.0 5.0 10.0 -5.0
137.0 155.0 4 -10.0 -5.0 -10.0 5.0 10.0 5.0 10.0 -5.0
141.0 59.0 4 -10.0 -5.0 -10.0 5.0 10.0 5.0 10.0 -5.0
100.0 66.0 4 -10.0 -5.0 -10.0 5.0 10.0 5.0 10.0 -5.0
142.0 99.0 4 -10.0 -5.0 -10.0 5.0 10.0 5.0 10.0 -5.0
117.0 70.0 4 -10.0 -5.0 -10.0 5.0 10.0 5.0 10.0 -5.0
132.0 108.0 4 -10.0 -5.0 -10.0 5.0 10.0 5.0 10.0 -5.0
168.0 106.0 4 -10.0 -5.0 -10.0 5.0 10.0 5.0 10.0 -5.0
114.0 101.0 4 -10.0 -5.0 -10.0 5.0 10.0 5.0 10.0 -5.0
101.0 164.0 4 -10.0 -5.0 -10.0 5.0 10.0 5.0 10.0 -5.0
136.0 112.0 4 -10.0 -5.0 -10.0 5.0 10.0 5.0 10.0 -5.0
135.0 43.0 4 -10.0 -5.0 -10.0 5.0 10.0 5.0 10.0 -5.0
112.0 91.0 4 -10.0 -5.0 -10.0 5.0 10.0 5.0 10.0 -5.0
110.0 84.0 4 -10.0 -5.0 -10.0 5.0 10.0 5.0 10.0 -5.0
142.0 85.0 4 -10.0 -5.0 -10.0 5.0 10.0 5.0 10.0 -5.0
162.0 136.0 4 -10.0 -5.0 -10.0 5.0 10.0 5.0 10.0 -5.0
111.0 103.0 4 -10.0 -5.0 -10.0 5.0 10.0 5.0 10.0 -5.0
68.0 133.0 4 -10.0 -5.0 -10.0 5.0 10.0 5.0 10.0 -5.0
140.0 103.0 4 -10.0 -5.0 -10.0 5.0 10.0 5.0 10.0 -5.0
126.0 149.0 4 -10.0 -5.0 -10.0 5.0 10.0 5.0 10.0 -5.0
182.0 149.0 4 -10.0 -5.0 -10.0 5.0 10.0 5.0 10.0 -5.0
124.0 165.0 4 -10.0 -5.0 -10.0 5.0 10.0 5.0 10.0 -5.0
102.0 82.0 4 -10.0 -5.0 -10.0 5.0 10.0 5.0 10.0 -5.0
146.0 74.0 4 -10.0 -5.0 -10.0 5.0 10.0 5.0 10.0 -5.0
84.0 172.0 4 -10.0 -5.0 -10.0 5.0 10.0 5.0 10.0 -5.0
96.0 136.0 4 -10.0 -5.0 -10.0 5.0 10.0 5.0 10.0 -5.0
61.0 127.0 4 -10.0 -5.0 -10.0 5.0 10.0 5.0 10.0 -5.0
79.0 60.0 4 -10.0 -5.0 -10.0 5.0 10.0 5.0 10.0 -5.0
154.0 100.0 4 -10.0 -5.0 -10.0 5.0 10.0 5.0 10.0 -5.0
105.0 126.0 4 -10.0 -5.0 -10.0 5.0 10.0 5.0 10.0 -5.0
154.0 126.0 4 -10.0 -5.0 -10.0 5.0 10.0 5.0 10.0 -5.0
94.0 58.0 4 -10.0 -5.0 -10.0 5.0 10.0 5.0 10.0 -5.0
90.0 110.0 4 -10.0 -5.0 -10.0 5.0 10.0 5.0 10.0 -5.0
117.0 124.0 4 -10.0 -5.0 -10.0 5.0 10.0 5.0 10.0 -5.0
136.0 86.0 4 -10.0 -5.0 -10.0 5.0 10.0 5.0 10.0 -5.0
78.0 143.0 4 -10.0 -5.0 -10.0 5.0 10.0 5.0 10.0 -5.0
85.0 116.0 4 -10.0 -5.0 -10.0 5.0 10.0 5.0 10.0 -5.0
165.0 152.0 4 -10.0 -5.0 -10.0 5.0 10.0 5.0 10.0 -5.0
104.0 84.0 4 -10.0 -5.0 -10.0 5.0 10.0 5.0 10.0 -5.0
73.0 168.0 4 -10.0 -5.0 -10.0 5.0 10.0 5.0 10.0 -5.0
107.0 72.0 4 -10.0 -5.0 -10.0 5.0 10.0 5.0 10.0 -5.0
157.0 77.0 4 -10.0 -5.0 -10.0 5.0 10.0 5.0 10.0 -5.0
101.0 110.0 4 -10.0 -5.0 -10.0 5.0 10.0 5.0 10.0 -5.0
73.0 114.0 4 -10.0 -5.0 -10.0 5.0 10.0 5.0 10.0 -5.0
82.0 119.0 4 -10.0 -5.0 -10.0 5.0 10.0 5.0 10.0 -5.0
163.0 78.0 4 -10.0 -5.0 -10.0 5.0 10.0 5.0 10.0 -5.0
153.0 68.0 4 -10.0 -5.0 -10.0 5.0 10.0 5.0 10.0 -5.0
122.0 127.0 4 -10.0 -5.0 -10.0 5.0 10.0 5.0 10.0 -5.0
80.0 78.0 4 -10.0 -5.0 -10.0 5.0 10.0 5.0 10.0 -5.0
88.0 82.0 4 -10.0 -5.0 -10.0 5.0 10.0 5.0 10.0 -5.0
110.0 87.0 4 -10.0 -5.0 -10.0 5.0 10.0 5.0 10.0 -5.0
100.0 178.0 4 -10.0 -5.0 -10.0 5.0 10.0 5.0 10.0 -5.0
87.0 93.0 4 -10.0 -5.0 -10.0 5.0 10.0 5.0 10.0 -5.0
141.0 80.0 4 -10.0 -5.0 -10.0 5.0 10.0 5.0 10.0 -5.0
148.0 89.0 4 -10.0 -5.0 -10.0 5.0 10.0 5.0 10.0 -5.0
45.0 161.0 4 -10.0 -5.0 -10.0 5.0 10.0 5.0 10.0 -5.0
151.0 152.0 4 -10.0 -5.0 -10.0 5.0 10.0 5.0 10.0 -5.0
98.0 78.0 4 -10.0 -5.0 -10.0 5.0 10.0 5.0 10.0 -5.0
173.0 106.0 4 -10.0 -5.0 -10.0 5.0 10.0 5.0 10.0 -5.0
69.0 104.0 4 -10.0 -5.0 -10.0 5.0 10.0 5.0 10.0 -5.0
101.0 119.0 4 -10.0 -5.0 -10.0 5.0 10.0 5.0 10.0 -5.0
149.0 189.0 4 -10.0 -5.0 -10.0 5.0 10.0 5.0 10.0 -5.0
111.0 179.0 4 -10.0 -5.0 -10.0 5.0 10.0 5.0 10.0 -5.0
132.0 135.0 4 -10.0 -5.0 -10.0 5.0 10.0 5.0 10.0 -5.0
158.0 134.0 4 -10.0 -5.0 -10.0 5.0 10.0 5.0 10.0 -5.0
107.0 121.0 4 -10.0 -5.0 -10.0 5.0 10.0 5.0 10.0 -5.0
135.0 141.0 4 -10.0 -5.0 -10.0 5.0 10.0 5.0 10.0 -5.0
141.0 115.0 4 -10.0 -5.0 -10.0 5.0 10.0 5.0 10.0 -5.0
111.0 139.0 4 -10.0 -5.0 -10.0 5.0 10.0 5.0 10.0 -5.0
183.0 71.0 4 -10.0 -5.0 -10.0 5.0 10.0 5.0 10.0 -5.0
71.0 93.0 4 -10.0 -5.0 -10.0 5.0 10.0 5.0 10.0 -5.0
124.0 77.0 4 -10.0 -5.0 -10.0 5.0 10.0 5.0 10.0 -5.0
131.0 86.0 4 -10.0 -5.0 -10.0 5.0 10.0 5.0 10.0 -5.0
99.0 118.0 4 -10.0 -5.0 -10.0 5.0 10.0 5.0 10.0 -5.0
127.0 117.0 4 -10.0 -5.0 -10.0 5.0 10.0 5.0 10.0 -5.0
106.0 102.0 4 -10.0 -5.0 -10.0 5.0 10.0 5.0 10.0 -5.0
133.0 163.0 4 -10.0 -5.0 -10.0 5.0 10.0 5.0 10.0 -5.0
120.0 62.0 4 -10.0 -5.0 -10.0 5.0 10.0 5.0 10.0 -5.0
112.0 158.0 4 -10.0 -5.0 -10.0 5.0 10.0 5.0 10.0 -5.0
136.0 80.0 4 -10.0 -5.0 -10.0 5.0 10.0 5.0 10.0 -5.0
129.0 178.0 4 -10.0 -5.0 -10.0 5.0 10.0 5.0 10.0 -5.0
134.0 85.0 4 -10.0 -5.0 -10.0 5.0 10.0 5.0 10.0 -5.0
108.0 150.0 4 -10.0 -5.0 -10.0 5.0 10.0 5.0 10.0 -5.0
97.0 154.0 4 -10.0 -5.0 -10.0 5.0 10.0 5.0 10.0 -5.0
103.0 139.0 4 -10.0 -5.0 -10.0 5.0 10.0 5.0 10.0 -5.0
136.0 90.0 4 -10.0 -5.0 -10.0 5.0 10.0 5.0 10.0 -5.0
108.0 126.0 4 -10.0 -5.0 -10.0 5.0 10.0 5.0 10.0 -5.0
110.0 115.0 4 -10.0 -5.0 -10.0 5.0 10.0 5.0 10.0 -5.0
186.0 103.0 4 -10.0 -5.0 -10.0 5.0 10.0 5.0 10.0 -5.0
107.0 54.0 4 -10.0 -5.0 -10.0 5.0 10.0 5.0 10.0 -5.0
96.0 87.0 4 -10.0 -5.0 -10.0 5.0 10.0 5.0 10.0 -5.0
106.0 91.0 4 -10.0 -5.0 -10.0 5.0 10.0 5.0 10.0 -5.0
180.0 129.0 4 -10.0 -5.0 -10.0 5.0 10.0 5.0 10.0 -5.0
66.0 142.0 4 -10.0 -5.0 -10.0 5.0 10.0 5.0 10.0 -5.0
113.0 90.0 4 -10.0 -5.0 -10.0 5.0 10.0 5.0 10.0 -5.0
144.0 82.0 4 -10.0 -5.0 -10.0 5.0 10.0 5.0 10.0 -5.0
122.0 98.0 4 -10.0 -5.0 -10.0 5.0 10.0 5.0 10.0 -5.0
96.0 94.0 4 -10.0 -5.0 -10.0 5.0 10.0 5.0 10.0 -5.0
121.0 102.0 4 -10.0 -5.0 -10.0 5.0 10.0 5.0 10.0 -5.0
25.0 249.0 4 -10.0 -5.0 -10.0 5.0 10.0 5.0 10.0 -5.0
102.0 96.0 4 -10.0 -5.0 -10.0 5.0 10.0 5.0 10.0 -5.0
104.0 114.0 4 -10.0 -5.0 -10.0 5.0 10.0 5.0 10.0 -5.0
76.0 130.0 4 -10.0 -5.0 -10.0 5.0 10.0 5.0 10.0 -5.0
129.0 126.0 4 -10.0 -5.0 -10.0 5.0 10.0 5.0 10.0 -5.0
153.0 143.0 4 -10.0 -5.0 -10.0 5.0 10.0 5.0 10.0 -5.0
126.0 139.0 4 -10.0 -5.0 -10.0 5.0 10.0 5.0 10.0 -5.0
108.0 118.0 4 -10.0 -5.0 -10.0 5.0 10.0 5.0 10.0 -5.0
144.0 130.0 4 -10.0 -5.0 -10.0 5.0 10.0 5.0 10.0 -5.0
108.0 65.0 4 -10.0 -5.0 -10.0 5.0 10.0 5.0 10.0 -5.0
112.0 144.0 4 -10.0 -5.0 -10.0 5.0 10.0 5.0 10.0 -5.0
82.0 99.0 4 -10.0 -5.0 -10.0 5.0 10.0 5.0 10.0 -5.0
81.0 140.0 4 -10.0 -5.0 -10.0 5.0 10.0 5.0 10.0 -5.0
151.0 109.0 4 -10.0 -5.0 -10.0 5.0 10.0 5.0 10.0 -5.0
197.0 129.0 4 -10.0 -5.0 -10.0 5.0 10.0 5.0 10.0 -5.0
179.0 94.0 4 -10.0 -5.0 -10.0 5.0 10.0 5.0 10.0 -5.0
146.0 121.0 4 -10.0 -5.0 -10.0 5.0 10.0 5.0 10.0 -5.0
124.0 113.0 4 -10.0 -5.0 -10.0 5.0 10.0 5.0 10.0 -5.0
149.0 159.0 4 -10.0 -5.0 -10.0 5.0 10.0 5.0 10.0 -5.0
79.0 99.0 4 -10.0 -5.0 -10.0 5.0 10.0 5.0 10.0 -5.0
119.0 141.0 4 -10.0 -5.0 -10.0 5.0 10.0 5.0 10.0 -5.0
151.0 47.0 4 -10.0 -5.0 -10.0 5.0 10.0 5.0 10.0 -5.0
84.0 87.0 4 -10.0 -5.0 -10.0 5.0 10.0 5.0 10.0 -5.0
109.0 69.0 4 -10.0 -5.0 -10.0 5.0 10.0 5.0 10.0 -5.0
156.0 139.0 4 -10.0 -5.0 -10.0 5.0 10.0 5.0 10.0 -5.0
198.0 111.0 4 -10.0 -5.0 -10.0 5.0 10.0 5.0 10.0 -5.0
121.0 148.0 4 -10.0 -5.0 -10.0 5.0 10.0 5.0 10.0 -5.0
113.0 110.0 4 -10.0 -5.0 -10.0 5.0 10.0 5.0 10.0 -5.0
146.0 103.0 4 -10.0 -5.0 -10.0 5.0 10.0 5.0 10.0 -5.0
93.0 151.0 4 -10.0 -5.0 -10.0 5.0 10.0 5.0 10.0 -5.0
103.0 80.0 4 -10.0 -5.0 -10.0 5.0 10.0 5.0 10.0 -5.0
89.0 138.0 4 -10.0 -5.0 -10.0 5.0 10.0 5.0 10.0 -5.0
109.0 111.0 4 -10.0 -5.0 -10.0 5.0 10.0 5.0 10.0 -5.0
81.0 100.0 4 -10.0 -5.0 -10.0 5.0 10.0 5.0 10.0 -5.0
106.0 79.0 4 -10.0 -5.0 -10.0 5.0 10.0 5.0 10.0 -5.0
112.0 95.0 4 -10.0 -5.0 -10.0 5.0 10.0 5.0 10.0 -5.0
94.0 115.0 4 -10.0 -5.0 -10.0 5.0 10.0 5.0 10.0 -5.0
117.0 115.0 4 -10.0 -5.0 -10.0 5.0 10.0 5.0 10.0 -5.0
131.0 120.0 4 -10.0 -5.0 -10.0 5.0 10.0 5.0 10.0 -5.0
152.0 99.0 4 -10.0 -5.0 -10.0 5.0 10.0 5.0 10.0 -5.0
91.0 116.0 4 -10.0 -5.0 -10.0 5.0 10.0 5.0 10.0 -5.0
125.0 60.0 4 -10.0 -5.0 -10.0 5.0 10.0 5.0 10.0 -5.0
204.0 95.0 4 -10.0 -5.0 -10.0 5.0 10.0 5.0 10.0 -5.0
100.0 145.0 4 -10.0 -5.0 -10.0 5.0 10.0 5.0 10.0 -5.0
163.0 108.0 4 -10.0 -5.0 -10.0 5.0 10.0 5.0 10.0 -5.0
122.0 141.0 4 -10.0 -5.0 -10.0 5.0 10.0 5.0 10.0 -5.0
133.0 111.0 4 -10.0 -5.0 -10.0 5.0 10.0 5.0 10.0 -5.0
101.0 79.0 4 -10.0 -5.0 -10.0 5.0 10.0 5.0 10.0 -5.0
104.0 171.0 4 -10.0 -5.0 -10.0 5.0 10.0 5.0 10.0 -5.0
137.0 122.0 4 -10.0 -5.0 -10.0 5.0 10.0 5.0 10.0 -5.0
129.0 140.0 4 -10.0 -5.0 -10.0 5.0 10.0 5.0 10.0 -5.0
160.0 119.0 4 -10.0 -5.0 -10.0 5.0 10.0 5.0 10.0 -5.0
100.0 158.0 4 -10.0 -5.0 -10.0 5.0 10.0 5.0 10.0 -5.0
172.0 169.0 4 -10.0 -5.0 -10.0 5.0 10.0 5.0 10.0 -5.0
73.0 120.0 4 -10.0 -5.0 -10.0 5.0 10.0 5.0 10.0 -5.0
197.0 113.0 4 -10.0 -5.0 -10.0 5.0 10.0 5.0 10.0 -5.0
107.0 68.0 4 -10.0 -5.0 -10.0 5.0 10.0 5.0 10.0 -5.0
99.0 139.0 4 -10.0 -5.0 -10.0 5.0 10.0 5.0 10.0 -5.0
121.0 121.0 4 -10.0 -5.0 -10.0 5.0 10.0 5.0 10.0 -5.0
152.0 117.0 4 -10.0 -5.0 -10.0 5.0 10.0 5.0 10.0 -5.0
137.0 75.0 4 -10.0 -5.0 -10.0 5.0 10.0 5.0 10.0 -5.0
144.0 65.0 4 -10.0 -5.0 -10.0 5.0 10.0 5.0 10.0 -5.0
86.0 132.0 4 -10.0 -5.0 -10.0 5.0 10.0 5.0 10.0 -5.0
132.0 84.0 4 -10.0 -5.0 -10.0 5.0 10.0 5.0 10.0 -5.0
97.0 138.0 4 -10.0 -5.0 -10.0 5.0 10.0 5.0 10.0 -5.0
104.0 122.0 4 -10.0 -5.0 -10.0 5.0 10.0 5.0 10.0 -5.0
80.0 116.0 4 -10.0 -5.0 -10.0 5.0 10.0 5.0 10.0 -5.0
186.0 85.0 4 -10.0 -5.0 -10.0 5.0 10.0 5.0 10.0 -5.0
117.0 83.0 4 -10.0 -5.0 -10.0 5.0 10.0 5.0 10.0 -5.0
114.0 57.0 4 -10.0 -5.0 -10.0 5.0 10.0 5.0 10.0 -5.0
173.0 133.0 4 -10.0 -5.0 -10.0 5.0 10.0 5.0 10.0 -5.0
106.0 126.0 4 -10.0 -5.0 -10.0 5.0 10.0 5.0 10.0 -5.0
96.0 76.0 4 -10.0 -5.0 -10.0 5.0 10.0 5.0 10.0 -5.0
99.0 137.0 4 -10.0 -5.0 -10.0 5.0 10.0 5.0 10.0 -5.0
177.0 130.0 4 -10.0 -5.0 -10.0 5.0 10.0 5.0 10.0 -5.0
164.0 74.0 4 -10.0 -5.0 -10.0 5.0 10.0 5.0 10.0 -5.0
94.0 149.0 4 -10.0 -5.0 -10.0 5.0 10.0 5.0 10.0 -5.0
124.0 133.0 4 -10.0 -5.0 -10.0 5.0 10.0 5.0 10.0 -5.0
100.0 72.0 4 -10.0 -5.0 -10.0 5.0 10.0 5.0 10.0 -5.0
126.0 105.0 4 -10.0 -5.0 -10.0 5.0 10.0 5.0 10.0 -5.0
133.0 147.0 4 -10.0 -5.0 -10.0 5.0 10.0 5.0 10.0 -5.0
167.0 72.0 4 -10.0 -5.0 -10.0 5.0 10.0 5.0 10.0 -5.0
152.0 113.0 4 -10.0 -5.0 -10.0 5.0 10.0 5.0 10.0 -5.0
152.0 84.0 4 -10.0 -5.0 -10.0 5.0 10.0 5.0 10.0 -5.0
177.0 136.0 4 -10.0 -5.0 -10.0 5.0 10.0 5.0 10.0 -5.0
110.0 125.0 4 -10.0 -5.0 -10.0 5.0 10.0 5.0 10.0 -5.0
70.0 73.0 4 -10.0 -5.0 -10.0 5.0 10.0 5.0 10.0 -5.0
141.0 129.0 4 -10.0 -5.0 -10.0 5.0 10.0 5.0 10.0 -5.0
123.0 138.0 4 -10.0 -5.0 -10.0 5.0 10.0 5.0 10.0 -5.0
115.0 88.0 4 -10.0 -5.0 -10.0 5.0 10.0 5.0 10.0 -5.0
128.0 99.0 4 -10.0 -5.0 -10.0 5.0 10.0 5.0 10.0 -5.0
135.0 108.0 4 -10.0 -5.0 -10.0 5.0 10.0 5.0 10.0 -5.0
106.0 110.0 4 -10.0 -5.0 -10.0 5.0 10.0 5.0 10.0 -5.0
114.0 68.0 4 -10.0 -5.0 -10.0 5.0 10.0 5.0 10.0 -5.0
130.0 169.0 4 -10.0 -5.0 -10.0 5.0 10.0 5.0 10.0 -5.0
150.0 118.0 4 -10.0 -5.0 -10.0 5.0 10.0 5.0 10.0 -5.0
124.0 142.0 4 -10.0 -5.0 -10.0 5.0 10.0 5.0 10.0 -5.0
145.0 98.0 4 -10.0 -5.0 -10.0 5.0 10.0 5.0 10.0 -5.0
104.0 67.0 4 -10.0 -5.0 -10.0 5.0 10.0 5.0 10.0 -5.0
168.0 101.0 4 -10.0 -5.0 -10.0 5.0 10.0 5.0 10.0 -5.0
141.0 172.0 4 -10.0 -5.0 -10.0 5.0 10.0 5.0 10.0 -5.0
117.0 97.0 4 -10.0 -5.0 -10.0 5.0 10.0 5.0 10.0 -5.0
143.0 70.0 4 -10.0 -5.0 -10.0 5.0 10.0 5.0 10.0 -5.0
115.0 149.0 4 -10.0 -5.0 -10.0 5.0 10.0 5.0 10.0 -5.0
93.0 119.0 4 -10.0 -5.0 -10.0 5.0 10.0 5.0 10.0 -5.0
101.0 123.0 4 -10.0 -5.0 -10.0 5.0 10.0 5.0 10.0 -5.0
158.0 37.0 4 -10.0 -5.0 -10.0 5.0 10.0 5.0 10.0 -5.0
120.0 113.0 4 -10.0 -5.0 -10.0 5.0 10.0 5.0 10.0 -5.0
123.0 156.0 4 -10.0 -5.0 -10.0 5.0 10.0 5.0 10.0 -5.0
103.0 90.0 4 -10.0 -5.0 -10.0 5.0 10.0 5.0 10.0 -5.0
109.0 104.0 4 -10.0 -5.0 -10.0 5.0 10.0 5.0 10.0 -5.0
88.0 152.0 4 -10.0 -5.0 -10.0 5.0 10.0 5.0 10.0 -5.0
172.0 86.0 4 -10.0 -5.0 -10.0 5.0 10.0 5.0 10.0 -5.0
67.0 127.0 4 -10.0 -5.0 -10.0 5.0 10.0 5.0 10.0 -5.0
103.0 86.0 4 -10.0 -5.0 -10.0 5.0 10.0 5.0 10.0 -5.0
121.0 116.0 4 -10.0 -5.0 -10.0 5.0 10.0 5.0 10.0 -5.0
124.0 135.0 4 -10.0 -5.0 -10.0 5.0 10.0 5.0 10.0 -5.0
102.0 68.0 4 -10.0 -5.0 -10.0 5.0 10.0 5.0 10.0 -5.0
123.0 92.0 4 -10.0 -5.0 -10.0 5.0 10.0 5.0 10.0 -5.0
95.0 199.0 4 -10.0 -5.0 -10.0 5.0 10.0 5.0 10.0 -5.0
124.0 121.0 4 -10.0 -5.0 -10.0 5.0 10.0 5.0 10.0 -5.0
91.0 99.0 4 -10.0 -5.0 -10.0 5.0 10.0 5.0 10.0 -5.0
112.0 121.0 4 -10.0 -5.0 -10.0 5.0 10.0 5.0 10.0 -5.0
143.0 109.0 4 -10.0 -5.0 -10.0 5.0 10.0 5.0 10.0 -5.0
148.0 115.0 4 -10.0 -5.0 -10.0 5.0 10.0 5.0 10.0 -5.0
126.0 92.0 4 -10.0 -5.0 -10.0 5.0 10.0 5.0 10.0 -5.0
177.0 123.0 4 -10.0 -5.0 -10.0 5.0 10.0 5.0 10.0 -5.0
