1000
693.0 691.0 4 -10.0 -5.0 -10.0 5.0 10.0 5.0 10.0 -5.0
594.0 727.0 4 -10.0 -5.0 -10.0 5.0 10.0 5.0 10.0 -5.0
565.0 606.0 4 -10.0 -5.0 -10.0 5.0 10.0 5.0 10.0 -5.0
471.0 584.0 4 -10.0 -5.0 -10.0 5.0 10.0 5.0 10.0 -5.0
682.0 801.0 4 -10.0 -5.0 -10.0 5.0 10.0 5.0 10.0 -5.0
718.0 865.0 4 -10.0 -5.0 -10.0 5.0 10.0 5.0 10.0 -5.0
545.0 606.0 4 -10.0 -5.0 -10.0 5.0 10.0 5.0 10.0 -5.0
482.0 801.0 4 -10.0 -5.0 -10.0 5.0 10.0 5.0 10.0 -5.0
747.0 922.0 4 -10.0 -5.0 -10.0 5.0 10.0 5.0 10.0 -5.0
670.0 776.0 4 -10.0 -5.0 -10.0 5.0 10.0 5.0 10.0 -5.0
410.0 837.0 4 -10.0 -5.0 -10.0 5.0 10.0 5.0 10.0 -5.0
422.0 882.0 4 -10.0 -5.0 -10.0 5.0 10.0 5.0 10.0 -5.0
651.0 629.0 4 -10.0 -5.0 -10.0 5.0 10.0 5.0 10.0 -5.0
741.0 905.0 4 -10.0 -5.0 -10.0 5.0 10.0 5.0 10.0 -5.0
708.0 627.0 4 -10.0 -5.0 -10.0 5.0 10.0 5.0 10.0 -5.0
337.0 871.0 4 -10.0 -5.0 -10.0 5.0 10.0 5.0 10.0 -5.0
786.0 613.0 4 -10.0 -5.0 -10.0 5.0 10.0 5.0 10.0 -5.0
401.0 559.0 4 -10.0 -5.0 -10.0 5.0 10.0 5.0 10.0 -5.0
399.0 807.0 4 -10.0 -5.0 -10.0 5.0 10.0 5.0 10.0 -5.0
358.0 803.0 4 -10.0 -5.0 -10.0 5.0 10.0 5.0 10.0 -5.0
557.0 499.0 4 -10.0 -5.0 -10.0 5.0 10.0 5.0 10.0 -5.0
364.0 932.0 4 -10.0 -5.0 -10.0 5.0 10.0 5.0 10.0 -5.0
638.0 843.0 4 -10.0 -5.0 -10.0 5.0 10.0 5.0 10.0 -5.0
545.0 404.0 4 -10.0 -5.0 -10.0 5.0 10.0 5.0 10.0 -5.0
763.0 632.0 4 -10.0 -5.0 -10.0 5.0 10.0 5.0 10.0 -5.0
391.0 953.0 4 -10.0 -5.0 -10.0 5.0 10.0 5.0 10.0 -5.0
385.0 852.0 4 -10.0 -5.0 -10.0 5.0 10.0 5.0 10.0 -5.0
331.0 786.0 4 -10.0 -5.0 -10.0 5.0 10.0 5.0 10.0 -5.0
545.0 360.0 4 -10.0 -5.0 -10.0 5.0 10.0 5.0 10.0 -5.0
268.0 902.0 4 -10.0 -5.0 -10.0 5.0 10.0 5.0 10.0 -5.0
769.0 856.0 4 -10.0 -5.0 -10.0 5.0 10.0 5.0 10.0 -5.0
611.0 716.0 4 -10.0 -5.0 -10.0 5.0 10.0 5.0 10.0 -5.0
611.0 909.0 4 -10.0 -5.0 -10.0 5.0 10.0 5.0 10.0 -5.0
202.0 931.0 4 -10.0 -5.0 -10.0 5.0 10.0 5.0 10.0 -5.0
319.0 814.0 4 -10.0 -5.0 -10.0 5.0 10.0 5.0 10.0 -5.0
538.0 454.0 4 -10.0 -5.0 -10.0 5.0 10.0 5.0 10.0 -5.0
706.0 817.0 4 -10.0 -5.0 -10.0 5.0 10.0 5.0 10.0 -5.0
750.0 873.0 4 -10.0 -5.0 -10.0 5.0 10.0 5.0 10.0 -5.0
248.0 818.0 4 -10.0 -5.0 -10.0 5.0 10.0 5.0 10.0 -5.0
576.0 446.0 4 -10.0 -5.0 -10.0 5.0 10.0 5.0 10.0 -5.0
574.0 752.0 4 -10.0 -5.0 -10.0 5.0 10.0 5.0 10.0 -5.0
536.0 321.0 4 -10.0 -5.0 -10.0 5.0 10.0 5.0 10.0 -5.0
357.0 1010.0 4 -10.0 -5.0 -10.0 5.0 10.0 5.0 10.0 -5.0
547.0 291.0 4 -10.0 -5.0 -10.0 5.0 10.0 5.0 10.0 -5.0
859.0 548.0 4 -10.0 -5.0 -10.0 5.0 10.0 5.0 10.0 -5.0
156.0 948.0 4 -10.0 -5.0 -10.0 5.0 10.0 5.0 10.0 -5.0
549.0 476.0 4 -10.0 -5.0 -10.0 5.0 10.0 5.0 10.0 -5.0
374.0 998.0 4 -10.0 -5.0 -10.0 5.0 10.0 5.0 10.0 -5.0
407.0 583.0 4 -10.0 -5.0 -10.0 5.0 10.0 5.0 10.0 -5.0
770.0 886.0 4 -10.0 -5.0 -10.0 5.0 10.0 5.0 10.0 -5.0
849.0 573.0 4 -10.0 -5.0 -10.0 5.0 10.0 5.0 10.0 -5.0
758.0 893.0 4 -10.0 -5.0 -10.0 5.0 10.0 5.0 10.0 -5.0
733.0 895.0 4 -10.0 -5.0 -10.0 5.0 10.0 5.0 10.0 -5.0
911.0 480.0 4 -10.0 -5.0 -10.0 5.0 10.0 5.0 10.0 -5.0
517.0 554.0 4 -10.0 -5.0 -10.0 5.0 10.0 5.0 10.0 -5.0
602.0 557.0 4 -10.0 -5.0 -10.0 5.0 10.0 5.0 10.0 -5.0
470.0 512.0 4 -10.0 -5.0 -10.0 5.0 10.0 5.0 10.0 -5.0
371.0 551.0 4 -10.0 -5.0 -10.0 5.0 10.0 5.0 10.0 -5.0
520.0 264.0 4 -10.0 -5.0 -10.0 5.0 10.0 5.0 10.0 -5.0
958.0 424.0 4 -10.0 -5.0 -10.0 5.0 10.0 5.0 10.0 -5.0
534.0 333.0 4 -10.0 -5.0 -10.0 5.0 10.0 5.0 10.0 -5.0
327.0 970.0 4 -10.0 -5.0 -10.0 5.0 10.0 5.0 10.0 -5.0
636.0 513.0 4 -10.0 -5.0 -10.0 5.0 10.0 5.0 10.0 -5.0
534.0 369.0 4 -10.0 -5.0 -10.0 5.0 10.0 5.0 10.0 -5.0
296.0 1002.0 4 -10.0 -5.0 -10.0 5.0 10.0 5.0 10.0 -5.0
122.0 957.0 4 -10.0 -5.0 -10.0 5.0 10.0 5.0 10.0 -5.0
818.0 568.0 4 -10.0 -5.0 -10.0 5.0 10.0 5.0 10.0 -5.0
776.0 877.0 4 -10.0 -5.0 -10.0 5.0 10.0 5.0 10.0 -5.0
168.0 938.0 4 -10.0 -5.0 -10.0 5.0 10.0 5.0 10.0 -5.0
447.0 580.0 4 -10.0 -5.0 -10.0 5.0 10.0 5.0 10.0 -5.0
619.0 527.0 4 -10.0 -5.0 -10.0 5.0 10.0 5.0 10.0 -5.0
314.0 971.0 4 -10.0 -5.0 -10.0 5.0 10.0 5.0 10.0 -5.0
882.0 568.0 4 -10.0 -5.0 -10.0 5.0 10.0 5.0 10.0 -5.0
368.0 591.0 4 -10.0 -5.0 -10.0 5.0 10.0 5.0 10.0 -5.0
709.0 661.0 4 -10.0 -5.0 -10.0 5.0 10.0 5.0 10.0 -5.0
389.0 989.0 4 -10.0 -5.0 -10.0 5.0 10.0 5.0 10.0 -5.0
427.0 557.0 4 -10.0 -5.0 -10.0 5.0 10.0 5.0 10.0 -5.0
920.0 530.0 4 -10.0 -5.0 -10.0 5.0 10.0 5.0 10.0 -5.0
293.0 831.0 4 -10.0 -5.0 -10.0 5.0 10.0 5.0 10.0 -5.0
575.0 589.0 4 -10.0 -5.0 -10.0 5.0 10.0 5.0 10.0 -5.0
352.0 577.0 4 -10.0 -5.0 -10.0 5.0 10.0 5.0 10.0 -5.0
854.0 549.0 4 -10.0 -5.0 -10.0 5.0 10.0 5.0 10.0 -5.0
589.0 399.0 4 -10.0 -5.0 -10.0 5.0 10.0 5.0 10.0 -5.0
325.0 793.0 4 -10.0 -5.0 -10.0 5.0 10.0 5.0 10.0 -5.0
1006.0 367.0 4 -10.0 -5.0 -10.0 5.0 10.0 5.0 10.0 -5.0
1048.0 325.0 4 -10.0 -5.0 -10.0 5.0 10.0 5.0 10.0 -5.0
909.0 532.0 4 -10.0 -5.0 -10.0 5.0 10.0 5.0 10.0 -5.0
90.0 964.0 4 -10.0 -5.0 -10.0 5.0 10.0 5.0 10.0 -5.0
824.0 604.0 4 -10.0 -5.0 -10.0 5.0 10.0 5.0 10.0 -5.0
965.0 492.0 4 -10.0 -5.0 -10.0 5.0 10.0 5.0 10.0 -5.0
764.0 941.0 4 -10.0 -5.0 -10.0 5.0 10.0 5.0 10.0 -5.0
575.0 772.0 4 -10.0 -5.0 -10.0 5.0 10.0 5.0 10.0 -5.0
1017.0 458.0 4 -10.0 -5.0 -10.0 5.0 10.0 5.0 10.0 -5.0
331.0 1059.0 4 -10.0 -5.0 -10.0 5.0 10.0 5.0 10.0 -5.0
393.0 1019.0 4 -10.0 -5.0 -10.0 5.0 10.0 5.0 10.0 -5.0
337.0 816.0 4 -10.0 -5.0 -10.0 5.0 10.0 5.0 10.0 -5.0
597.0 363.0 4 -10.0 -5.0 -10.0 5.0 10.0 5.0 10.0 -5.0
1030.0 331.0 4 -10.0 -5.0 -10.0 5.0 10.0 5.0 10.0 -5.0
848.0 911.0 4 -10.0 -5.0 -10.0 5.0 10.0 5.0 10.0 -5.0
774.0 945.0 4 -10.0 -5.0 -10.0 5.0 10.0 5.0 10.0 -5.0
887.0 953.0 4 -10.0 -5.0 -10.0 5.0 10.0 5.0 10.0 -5.0
922.0 992.0 4 -10.0 -5.0 -10.0 5.0 10.0 5.0 10.0 -5.0
808.0 641.0 4 -10.0 -5.0 -10.0 5.0 10.0 5.0 10.0 -5.0
340.0 941.0 4 -10.0 -5.0 -10.0 5.0 10.0 5.0 10.0 -5.0
450.0 485.0 4 -10.0 -5.0 -10.0 5.0 10.0 5.0 10.0 -5.0
589.0 367.0 4 -10.0 -5.0 -10.0 5.0 10.0 5.0 10.0 -5.0
521.0 411.0 4 -10.0 -5.0 -10.0 5.0 10.0 5.0 10.0 -5.0
156.0 955.0 4 -10.0 -5.0 -10.0 5.0 10.0 5.0 10.0 -5.0
433.0 471.0 4 -10.0 -5.0 -10.0 5.0 10.0 5.0 10.0 -5.0
841.0 534.0 4 -10.0 -5.0 -10.0 5.0 10.0 5.0 10.0 -5.0
364.0 1038.0 4 -10.0 -5.0 -10.0 5.0 10.0 5.0 10.0 -5.0
333.0 537.0 4 -10.0 -5.0 -10.0 5.0 10.0 5.0 10.0 -5.0
913.0 953.0 4 -10.0 -5.0 -10.0 5.0 10.0 5.0 10.0 -5.0
1062.0 432.0 4 -10.0 -5.0 -10.0 5.0 10.0 5.0 10.0 -5.0
970.0 996.0 4 -10.0 -5.0 -10.0 5.0 10.0 5.0 10.0 -5.0
740.0 674.0 4 -10.0 -5.0 -10.0 5.0 10.0 5.0 10.0 -5.0
934.0 432.0 4 -10.0 -5.0 -10.0 5.0 10.0 5.0 10.0 -5.0
601.0 328.0 4 -10.0 -5.0 -10.0 5.0 10.0 5.0 10.0 -5.0
590.0 767.0 4 -10.0 -5.0 -10.0 5.0 10.0 5.0 10.0 -5.0
572.0 416.0 4 -10.0 -5.0 -10.0 5.0 10.0 5.0 10.0 -5.0
171.0 947.0 4 -10.0 -5.0 -10.0 5.0 10.0 5.0 10.0 -5.0
964.0 531.0 4 -10.0 -5.0 -10.0 5.0 10.0 5.0 10.0 -5.0
800.0 591.0 4 -10.0 -5.0 -10.0 5.0 10.0 5.0 10.0 -5.0
582.0 942.0 4 -10.0 -5.0 -10.0 5.0 10.0 5.0 10.0 -5.0
1086.0 286.0 4 -10.0 -5.0 -10.0 5.0 10.0 5.0 10.0 -5.0
190.0 820.0 4 -10.0 -5.0 -10.0 5.0 10.0 5.0 10.0 -5.0
274.0 513.0 4 -10.0 -5.0 -10.0 5.0 10.0 5.0 10.0 -5.0
525.0 282.0 4 -10.0 -5.0 -10.0 5.0 10.0 5.0 10.0 -5.0
856.0 500.0 4 -10.0 -5.0 -10.0 5.0 10.0 5.0 10.0 -5.0
310.0 576.0 4 -10.0 -5.0 -10.0 5.0 10.0 5.0 10.0 -5.0
740.0 864.0 4 -10.0 -5.0 -10.0 5.0 10.0 5.0 10.0 -5.0
725.0 824.0 4 -10.0 -5.0 -10.0 5.0 10.0 5.0 10.0 -5.0
215.0 832.0 4 -10.0 -5.0 -10.0 5.0 10.0 5.0 10.0 -5.0
966.0 513.0 4 -10.0 -5.0 -10.0 5.0 10.0 5.0 10.0 -5.0
953.0 970.0 4 -10.0 -5.0 -10.0 5.0 10.0 5.0 10.0 -5.0
592.0 967.0 4 -10.0 -5.0 -10.0 5.0 10.0 5.0 10.0 -5.0
454.0 816.0 4 -10.0 -5.0 -10.0 5.0 10.0 5.0 10.0 -5.0
828.0 532.0 4 -10.0 -5.0 -10.0 5.0 10.0 5.0 10.0 -5.0
763.0 968.0 4 -10.0 -5.0 -10.0 5.0 10.0 5.0 10.0 -5.0
744.0 934.0 4 -10.0 -5.0 -10.0 5.0 10.0 5.0 10.0 -5.0
558.0 454.0 4 -10.0 -5.0 -10.0 5.0 10.0 5.0 10.0 -5.0
790.0 974.0 4 -10.0 -5.0 -10.0 5.0 10.0 5.0 10.0 -5.0
539.0 261.0 4 -10.0 -5.0 -10.0 5.0 10.0 5.0 10.0 -5.0
492.0 512.0 4 -10.0 -5.0 -10.0 5.0 10.0 5.0 10.0 -5.0
411.0 907.0 4 -10.0 -5.0 -10.0 5.0 10.0 5.0 10.0 -5.0
281.0 800.0 4 -10.0 -5.0 -10.0 5.0 10.0 5.0 10.0 -5.0
1105.0 408.0 4 -10.0 -5.0 -10.0 5.0 10.0 5.0 10.0 -5.0
151.0 812.0 4 -10.0 -5.0 -10.0 5.0 10.0 5.0 10.0 -5.0
357.0 1076.0 4 -10.0 -5.0 -10.0 5.0 10.0 5.0 10.0 -5.0
879.0 539.0 4 -10.0 -5.0 -10.0 5.0 10.0 5.0 10.0 -5.0
1017.0 1034.0 4 -10.0 -5.0 -10.0 5.0 10.0 5.0 10.0 -5.0
930.0 1017.0 4 -10.0 -5.0 -10.0 5.0 10.0 5.0 10.0 -5.0
225.0 494.0 4 -10.0 -5.0 -10.0 5.0 10.0 5.0 10.0 -5.0
274.0 578.0 4 -10.0 -5.0 -10.0 5.0 10.0 5.0 10.0 -5.0
1011.0 1021.0 4 -10.0 -5.0 -10.0 5.0 10.0 5.0 10.0 -5.0
332.0 598.0 4 -10.0 -5.0 -10.0 5.0 10.0 5.0 10.0 -5.0
330.0 816.0 4 -10.0 -5.0 -10.0 5.0 10.0 5.0 10.0 -5.0
986.0 981.0 4 -10.0 -5.0 -10.0 5.0 10.0 5.0 10.0 -5.0
433.0 492.0 4 -10.0 -5.0 -10.0 5.0 10.0 5.0 10.0 -5.0
946.0 395.0 4 -10.0 -5.0 -10.0 5.0 10.0 5.0 10.0 -5.0
663.0 811.0 4 -10.0 -5.0 -10.0 5.0 10.0 5.0 10.0 -5.0
373.0 977.0 4 -10.0 -5.0 -10.0 5.0 10.0 5.0 10.0 -5.0
534.0 213.0 4 -10.0 -5.0 -10.0 5.0 10.0 5.0 10.0 -5.0
570.0 780.0 4 -10.0 -5.0 -10.0 5.0 10.0 5.0 10.0 -5.0
242.0 581.0 4 -10.0 -5.0 -10.0 5.0 10.0 5.0 10.0 -5.0
793.0 638.0 4 -10.0 -5.0 -10.0 5.0 10.0 5.0 10.0 -5.0
570.0 736.0 4 -10.0 -5.0 -10.0 5.0 10.0 5.0 10.0 -5.0
1046.0 433.0 4 -10.0 -5.0 -10.0 5.0 10.0 5.0 10.0 -5.0
779.0 884.0 4 -10.0 -5.0 -10.0 5.0 10.0 5.0 10.0 -5.0
842.0 583.0 4 -10.0 -5.0 -10.0 5.0 10.0 5.0 10.0 -5.0
1136.0 401.0 4 -10.0 -5.0 -10.0 5.0 10.0 5.0 10.0 -5.0
555.0 585.0 4 -10.0 -5.0 -10.0 5.0 10.0 5.0 10.0 -5.0
509.0 217.0 4 -10.0 -5.0 -10.0 5.0 10.0 5.0 10.0 -5.0
669.0 834.0 4 -10.0 -5.0 -10.0 5.0 10.0 5.0 10.0 -5.0
664.0 871.0 4 -10.0 -5.0 -10.0 5.0 10.0 5.0 10.0 -5.0
275.0 1030.0 4 -10.0 -5.0 -10.0 5.0 10.0 5.0 10.0 -5.0
281.0 831.0 4 -10.0 -5.0 -10.0 5.0 10.0 5.0 10.0 -5.0
604.0 302.0 4 -10.0 -5.0 -10.0 5.0 10.0 5.0 10.0 -5.0
502.0 175.0 4 -10.0 -5.0 -10.0 5.0 10.0 5.0 10.0 -5.0
357.0 1028.0 4 -10.0 -5.0 -10.0 5.0 10.0 5.0 10.0 -5.0
757.0 684.0 4 -10.0 -5.0 -10.0 5.0 10.0 5.0 10.0 -5.0
801.0 636.0 4 -10.0 -5.0 -10.0 5.0 10.0 5.0 10.0 -5.0
145.0 830.0 4 -10.0 -5.0 -10.0 5.0 10.0 5.0 10.0 -5.0
314.0 1086.0 4 -10.0 -5.0 -10.0 5.0 10.0 5.0 10.0 -5.0
268.0 1011.0 4 -10.0 -5.0 -10.0 5.0 10.0 5.0 10.0 -5.0
293.0 987.0 4 -10.0 -5.0 -10.0 5.0 10.0 5.0 10.0 -5.0
706.0 640.0 4 -10.0 -5.0 -10.0 5.0 10.0 5.0 10.0 -5.0
596.0 1011.0 4 -10.0 -5.0 -10.0 5.0 10.0 5.0 10.0 -5.0
881.0 530.0 4 -10.0 -5.0 -10.0 5.0 10.0 5.0 10.0 -5.0
938.0 518.0 4 -10.0 -5.0 -10.0 5.0 10.0 5.0 10.0 -5.0
606.0 513.0 4 -10.0 -5.0 -10.0 5.0 10.0 5.0 10.0 -5.0
553.0 765.0 4 -10.0 -5.0 -10.0 5.0 10.0 5.0 10.0 -5.0
888.0 547.0 4 -10.0 -5.0 -10.0 5.0 10.0 5.0 10.0 -5.0
1003.0 496.0 4 -10.0 -5.0 -10.0 5.0 10.0 5.0 10.0 -5.0
757.0 657.0 4 -10.0 -5.0 -10.0 5.0 10.0 5.0 10.0 -5.0
505.0 538.0 4 -10.0 -5.0 -10.0 5.0 10.0 5.0 10.0 -5.0
267.0 837.0 4 -10.0 -5.0 -10.0 5.0 10.0 5.0 10.0 -5.0
903.0 511.0 4 -10.0 -5.0 -10.0 5.0 10.0 5.0 10.0 -5.0
953.0 405.0 4 -10.0 -5.0 -10.0 5.0 10.0 5.0 10.0 -5.0
656.0 899.0 4 -10.0 -5.0 -10.0 5.0 10.0 5.0 10.0 -5.0
977.0 390.0 4 -10.0 -5.0 -10.0 5.0 10.0 5.0 10.0 -5.0
237.0 505.0 4 -10.0 -5.0 -10.0 5.0 10.0 5.0 10.0 -5.0
348.0 1056.0 4 -10.0 -5.0 -10.0 5.0 10.0 5.0 10.0 -5.0
601.0 367.0 4 -10.0 -5.0 -10.0 5.0 10.0 5.0 10.0 -5.0
543.0 285.0 4 -10.0 -5.0 -10.0 5.0 10.0 5.0 10.0 -5.0
551.0 370.0 4 -10.0 -5.0 -10.0 5.0 10.0 5.0 10.0 -5.0
253.0 836.0 4 -10.0 -5.0 -10.0 5.0 10.0 5.0 10.0 -5.0
1000.0 532.0 4 -10.0 -5.0 -10.0 5.0 10.0 5.0 10.0 -5.0
768.0 998.0 4 -10.0 -5.0 -10.0 5.0 10.0 5.0 10.0 -5.0
286.0 1027.0 4 -10.0 -5.0 -10.0 5.0 10.0 5.0 10.0 -5.0
291.0 786.0 4 -10.0 -5.0 -10.0 5.0 10.0 5.0 10.0 -5.0
608.0 772.0 4 -10.0 -5.0 -10.0 5.0 10.0 5.0 10.0 -5.0
596.0 411.0 4 -10.0 -5.0 -10.0 5.0 10.0 5.0 10.0 -5.0
303.0 885.0 4 -10.0 -5.0 -10.0 5.0 10.0 5.0 10.0 -5.0
112.0 981.0 4 -10.0 -5.0 -10.0 5.0 10.0 5.0 10.0 -5.0
697.0 818.0 4 -10.0 -5.0 -10.0 5.0 10.0 5.0 10.0 -5.0
532.0 167.0 4 -10.0 -5.0 -10.0 5.0 10.0 5.0 10.0 -5.0
776.0 1008.0 4 -10.0 -5.0 -10.0 5.0 10.0 5.0 10.0 -5.0
388.0 850.0 4 -10.0 -5.0 -10.0 5.0 10.0 5.0 10.0 -5.0
1140.0 393.0 4 -10.0 -5.0 -10.0 5.0 10.0 5.0 10.0 -5.0
667.0 465.0 4 -10.0 -5.0 -10.0 5.0 10.0 5.0 10.0 -5.0
346.0 547.0 4 -10.0 -5.0 -10.0 5.0 10.0 5.0 10.0 -5.0
254.0 782.0 4 -10.0 -5.0 -10.0 5.0 10.0 5.0 10.0 -5.0
122.0 970.0 4 -10.0 -5.0 -10.0 5.0 10.0 5.0 10.0 -5.0
400.0 908.0 4 -10.0 -5.0 -10.0 5.0 10.0 5.0 10.0 -5.0
254.0 833.0 4 -10.0 -5.0 -10.0 5.0 10.0 5.0 10.0 -5.0
810.0 869.0 4 -10.0 -5.0 -10.0 5.0 10.0 5.0 10.0 -5.0
805.0 702.0 4 -10.0 -5.0 -10.0 5.0 10.0 5.0 10.0 -5.0
528.0 130.0 4 -10.0 -5.0 -10.0 5.0 10.0 5.0 10.0 -5.0
460.0 818.0 4 -10.0 -5.0 -10.0 5.0 10.0 5.0 10.0 -5.0
238.0 1040.0 4 -10.0 -5.0 -10.0 5.0 10.0 5.0 10.0 -5.0
1168.0 377.0 4 -10.0 -5.0 -10.0 5.0 10.0 5.0 10.0 -5.0
438.0 602.0 4 -10.0 -5.0 -10.0 5.0 10.0 5.0 10.0 -5.0
157.0 828.0 4 -10.0 -5.0 -10.0 5.0 10.0 5.0 10.0 -5.0
1101.0 257.0 4 -10.0 -5.0 -10.0 5.0 10.0 5.0 10.0 -5.0
340.0 1044.0 4 -10.0 -5.0 -10.0 5.0 10.0 5.0 10.0 -5.0
828.0 505.0 4 -10.0 -5.0 -10.0 5.0 10.0 5.0 10.0 -5.0
247.0 492.0 4 -10.0 -5.0 -10.0 5.0 10.0 5.0 10.0 -5.0
270.0 997.0 4 -10.0 -5.0 -10.0 5.0 10.0 5.0 10.0 -5.0
244.0 1033.0 4 -10.0 -5.0 -10.0 5.0 10.0 5.0 10.0 -5.0
733.0 635.0 4 -10.0 -5.0 -10.0 5.0 10.0 5.0 10.0 -5.0
312.0 569.0 4 -10.0 -5.0 -10.0 5.0 10.0 5.0 10.0 -5.0
420.0 570.0 4 -10.0 -5.0 -10.0 5.0 10.0 5.0 10.0 -5.0
1070.0 299.0 4 -10.0 -5.0 -10.0 5.0 10.0 5.0 10.0 -5.0
571.0 1002.0 4 -10.0 -5.0 -10.0 5.0 10.0 5.0 10.0 -5.0
80.0 1004.0 4 -10.0 -5.0 -10.0 5.0 10.0 5.0 10.0 -5.0
63.0 970.0 4 -10.0 -5.0 -10.0 5.0 10.0 5.0 10.0 -5.0
785.0 1041.0 4 -10.0 -5.0 -10.0 5.0 10.0 5.0 10.0 -5.0
1031.0 350.0 4 -10.0 -5.0 -10.0 5.0 10.0 5.0 10.0 -5.0
394.0 926.0 4 -10.0 -5.0 -10.0 5.0 10.0 5.0 10.0 -5.0
339.0 1038.0 4 -10.0 -5.0 -10.0 5.0 10.0 5.0 10.0 -5.0
1045.0 1040.0 4 -10.0 -5.0 -10.0 5.0 10.0 5.0 10.0 -5.0
510.0 380.0 4 -10.0 -5.0 -10.0 5.0 10.0 5.0 10.0 -5.0
778.0 988.0 4 -10.0 -5.0 -10.0 5.0 10.0 5.0 10.0 -5.0
758.0 909.0 4 -10.0 -5.0 -10.0 5.0 10.0 5.0 10.0 -5.0
300.0 818.0 4 -10.0 -5.0 -10.0 5.0 10.0 5.0 10.0 -5.0
502.0 374.0 4 -10.0 -5.0 -10.0 5.0 10.0 5.0 10.0 -5.0
691.0 419.0 4 -10.0 -5.0 -10.0 5.0 10.0 5.0 10.0 -5.0
344.0 1100.0 4 -10.0 -5.0 -10.0 5.0 10.0 5.0 10.0 -5.0
883.0 922.0 4 -10.0 -5.0 -10.0 5.0 10.0 5.0 10.0 -5.0
666.0 801.0 4 -10.0 -5.0 -10.0 5.0 10.0 5.0 10.0 -5.0
1118.0 255.0 4 -10.0 -5.0 -10.0 5.0 10.0 5.0 10.0 -5.0
103.0 989.0 4 -10.0 -5.0 -10.0 5.0 10.0 5.0 10.0 -5.0
206.0 507.0 4 -10.0 -5.0 -10.0 5.0 10.0 5.0 10.0 -5.0
310.0 1104.0 4 -10.0 -5.0 -10.0 5.0 10.0 5.0 10.0 -5.0
534.0 628.0 4 -10.0 -5.0 -10.0 5.0 10.0 5.0 10.0 -5.0
569.0 802.0 4 -10.0 -5.0 -10.0 5.0 10.0 5.0 10.0 -5.0
848.0 716.0 4 -10.0 -5.0 -10.0 5.0 10.0 5.0 10.0 -5.0
953.0 366.0 4 -10.0 -5.0 -10.0 5.0 10.0 5.0 10.0 -5.0
303.0 779.0 4 -10.0 -5.0 -10.0 5.0 10.0 5.0 10.0 -5.0
1163.0 380.0 4 -10.0 -5.0 -10.0 5.0 10.0 5.0 10.0 -5.0
621.0 693.0 4 -10.0 -5.0 -10.0 5.0 10.0 5.0 10.0 -5.0
977.0 979.0 4 -10.0 -5.0 -10.0 5.0 10.0 5.0 10.0 -5.0
300.0 607.0 4 -10.0 -5.0 -10.0 5.0 10.0 5.0 10.0 -5.0
858.0 608.0 4 -10.0 -5.0 -10.0 5.0 10.0 5.0 10.0 -5.0
288.0 1137.0 4 -10.0 -5.0 -10.0 5.0 10.0 5.0 10.0 -5.0
737.0 922.0 4 -10.0 -5.0 -10.0 5.0 10.0 5.0 10.0 -5.0
600.0 1045.0 4 -10.0 -5.0 -10.0 5.0 10.0 5.0 10.0 -5.0
1034.0 528.0 4 -10.0 -5.0 -10.0 5.0 10.0 5.0 10.0 -5.0
277.0 566.0 4 -10.0 -5.0 -10.0 5.0 10.0 5.0 10.0 -5.0
766.0 685.0 4 -10.0 -5.0 -10.0 5.0 10.0 5.0 10.0 -5.0
835.0 509.0 4 -10.0 -5.0 -10.0 5.0 10.0 5.0 10.0 -5.0
999.0 511.0 4 -10.0 -5.0 -10.0 5.0 10.0 5.0 10.0 -5.0
801.0 958.0 4 -10.0 -5.0 -10.0 5.0 10.0 5.0 10.0 -5.0
604.0 1039.0 4 -10.0 -5.0 -10.0 5.0 10.0 5.0 10.0 -5.0
788.0 902.0 4 -10.0 -5.0 -10.0 5.0 10.0 5.0 10.0 -5.0
643.0 679.0 4 -10.0 -5.0 -10.0 5.0 10.0 5.0 10.0 -5.0
887.0 930.0 4 -10.0 -5.0 -10.0 5.0 10.0 5.0 10.0 -5.0
1045.0 446.0 4 -10.0 -5.0 -10.0 5.0 10.0 5.0 10.0 -5.0
247.0 837.0 4 -10.0 -5.0 -10.0 5.0 10.0 5.0 10.0 -5.0
399.0 429.0 4 -10.0 -5.0 -10.0 5.0 10.0 5.0 10.0 -5.0
866.0 471.0 4 -10.0 -5.0 -10.0 5.0 10.0 5.0 10.0 -5.0
835.0 500.0 4 -10.0 -5.0 -10.0 5.0 10.0 5.0 10.0 -5.0
1090.0 421.0 4 -10.0 -5.0 -10.0 5.0 10.0 5.0 10.0 -5.0
748.0 959.0 4 -10.0 -5.0 -10.0 5.0 10.0 5.0 10.0 -5.0
561.0 392.0 4 -10.0 -5.0 -10.0 5.0 10.0 5.0 10.0 -5.0
480.0 343.0 4 -10.0 -5.0 -10.0 5.0 10.0 5.0 10.0 -5.0
570.0 987.0 4 -10.0 -5.0 -10.0 5.0 10.0 5.0 10.0 -5.0
382.0 534.0 4 -10.0 -5.0 -10.0 5.0 10.0 5.0 10.0 -5.0
497.0 532.0 4 -10.0 -5.0 -10.0 5.0 10.0 5.0 10.0 -5.0
470.0 468.0 4 -10.0 -5.0 -10.0 5.0 10.0 5.0 10.0 -5.0
107.0 837.0 4 -10.0 -5.0 -10.0 5.0 10.0 5.0 10.0 -5.0
948.0 1015.0 4 -10.0 -5.0 -10.0 5.0 10.0 5.0 10.0 -5.0
1024.0 488.0 4 -10.0 -5.0 -10.0 5.0 10.0 5.0 10.0 -5.0
837.0 877.0 4 -10.0 -5.0 -10.0 5.0 10.0 5.0 10.0 -5.0
750.0 689.0 4 -10.0 -5.0 -10.0 5.0 10.0 5.0 10.0 -5.0
849.0 596.0 4 -10.0 -5.0 -10.0 5.0 10.0 5.0 10.0 -5.0
665.0 886.0 4 -10.0 -5.0 -10.0 5.0 10.0 5.0 10.0 -5.0
1031.0 507.0 4 -10.0 -5.0 -10.0 5.0 10.0 5.0 10.0 -5.0
628.0 775.0 4 -10.0 -5.0 -10.0 5.0 10.0 5.0 10.0 -5.0
424.0 484.0 4 -10.0 -5.0 -10.0 5.0 10.0 5.0 10.0 -5.0
640.0 701.0 4 -10.0 -5.0 -10.0 5.0 10.0 5.0 10.0 -5.0
610.0 376.0 4 -10.0 -5.0 -10.0 5.0 10.0 5.0 10.0 -5.0
553.0 233.0 4 -10.0 -5.0 -10.0 5.0 10.0 5.0 10.0 -5.0
283.0 977.0 4 -10.0 -5.0 -10.0 5.0 10.0 5.0 10.0 -5.0
342.0 511.0 4 -10.0 -5.0 -10.0 5.0 10.0 5.0 10.0 -5.0
735.0 945.0 4 -10.0 -5.0 -10.0 5.0 10.0 5.0 10.0 -5.0
986.0 501.0 4 -10.0 -5.0 -10.0 5.0 10.0 5.0 10.0 -5.0
246.0 564.0 4 -10.0 -5.0 -10.0 5.0 10.0 5.0 10.0 -5.0
399.0 467.0 4 -10.0 -5.0 -10.0 5.0 10.0 5.0 10.0 -5.0
433.0 457.0 4 -10.0 -5.0 -10.0 5.0 10.0 5.0 10.0 -5.0
707.0 714.0 4 -10.0 -5.0 -10.0 5.0 10.0 5.0 10.0 -5.0
378.0 928.0 4 -10.0 -5.0 -10.0 5.0 10.0 5.0 10.0 -5.0
343.0 1083.0 4 -10.0 -5.0 -10.0 5.0 10.0 5.0 10.0 -5.0
612.0 949.0 4 -10.0 -5.0 -10.0 5.0 10.0 5.0 10.0 -5.0
730.0 879.0 4 -10.0 -5.0 -10.0 5.0 10.0 5.0 10.0 -5.0
797.0 885.0 4 -10.0 -5.0 -10.0 5.0 10.0 5.0 10.0 -5.0
705.0 384.0 4 -10.0 -5.0 -10.0 5.0 10.0 5.0 10.0 -5.0
220.0 808.0 4 -10.0 -5.0 -10.0 5.0 10.0 5.0 10.0 -5.0
541.0 625.0 4 -10.0 -5.0 -10.0 5.0 10.0 5.0 10.0 -5.0
261.0 1054.0 4 -10.0 -5.0 -10.0 5.0 10.0 5.0 10.0 -5.0
376.0 407.0 4 -10.0 -5.0 -10.0 5.0 10.0 5.0 10.0 -5.0
615.0 972.0 4 -10.0 -5.0 -10.0 5.0 10.0 5.0 10.0 -5.0
189.0 475.0 4 -10.0 -5.0 -10.0 5.0 10.0 5.0 10.0 -5.0
234.0 1047.0 4 -10.0 -5.0 -10.0 5.0 10.0 5.0 10.0 -5.0
1106.0 264.0 4 -10.0 -5.0 -10.0 5.0 10.0 5.0 10.0 -5.0
357.0 520.0 4 -10.0 -5.0 -10.0 5.0 10.0 5.0 10.0 -5.0
92.0 977.0 4 -10.0 -5.0 -10.0 5.0 10.0 5.0 10.0 -5.0
699.0 390.0 4 -10.0 -5.0 -10.0 5.0 10.0 5.0 10.0 -5.0
381.0 574.0 4 -10.0 -5.0 -10.0 5.0 10.0 5.0 10.0 -5.0
205.0 1080.0 4 -10.0 -5.0 -10.0 5.0 10.0 5.0 10.0 -5.0
1062.0 525.0 4 -10.0 -5.0 -10.0 5.0 10.0 5.0 10.0 -5.0
1038.0 1036.0 4 -10.0 -5.0 -10.0 5.0 10.0 5.0 10.0 -5.0
368.0 858.0 4 -10.0 -5.0 -10.0 5.0 10.0 5.0 10.0 -5.0
275.0 1167.0 4 -10.0 -5.0 -10.0 5.0 10.0 5.0 10.0 -5.0
322.0 490.0 4 -10.0 -5.0 -10.0 5.0 10.0 5.0 10.0 -5.0
864.0 528.0 4 -10.0 -5.0 -10.0 5.0 10.0 5.0 10.0 -5.0
378.0 1013.0 4 -10.0 -5.0 -10.0 5.0 10.0 5.0 10.0 -5.0
1065.0 1061.0 4 -10.0 -5.0 -10.0 5.0 10.0 5.0 10.0 -5.0
577.0 486.0 4 -10.0 -5.0 -10.0 5.0 10.0 5.0 10.0 -5.0
786.0 671.0 4 -10.0 -5.0 -10.0 5.0 10.0 5.0 10.0 -5.0
542.0 221.0 4 -10.0 -5.0 -10.0 5.0 10.0 5.0 10.0 -5.0
980.0 513.0 4 -10.0 -5.0 -10.0 5.0 10.0 5.0 10.0 -5.0
561.0 977.0 4 -10.0 -5.0 -10.0 5.0 10.0 5.0 10.0 -5.0
373.0 448.0 4 -10.0 -5.0 -10.0 5.0 10.0 5.0 10.0 -5.0
273.0 604.0 4 -10.0 -5.0 -10.0 5.0 10.0 5.0 10.0 -5.0
313.0 1004.0 4 -10.0 -5.0 -10.0 5.0 10.0 5.0 10.0 -5.0
964.0 371.0 4 -10.0 -5.0 -10.0 5.0 10.0 5.0 10.0 -5.0
910.0 926.0 4 -10.0 -5.0 -10.0 5.0 10.0 5.0 10.0 -5.0
616.0 767.0 4 -10.0 -5.0 -10.0 5.0 10.0 5.0 10.0 -5.0
289.0 1121.0 4 -10.0 -5.0 -10.0 5.0 10.0 5.0 10.0 -5.0
548.0 326.0 4 -10.0 -5.0 -10.0 5.0 10.0 5.0 10.0 -5.0
1127.0 383.0 4 -10.0 -5.0 -10.0 5.0 10.0 5.0 10.0 -5.0
710.0 399.0 4 -10.0 -5.0 -10.0 5.0 10.0 5.0 10.0 -5.0
1038.0 484.0 4 -10.0 -5.0 -10.0 5.0 10.0 5.0 10.0 -5.0
321.0 1061.0 4 -10.0 -5.0 -10.0 5.0 10.0 5.0 10.0 -5.0
495.0 355.0 4 -10.0 -5.0 -10.0 5.0 10.0 5.0 10.0 -5.0
647.0 898.0 4 -10.0 -5.0 -10.0 5.0 10.0 5.0 10.0 -5.0
215.0 575.0 4 -10.0 -5.0 -10.0 5.0 10.0 5.0 10.0 -5.0
996.0 467.0 4 -10.0 -5.0 -10.0 5.0 10.0 5.0 10.0 -5.0
617.0 981.0 4 -10.0 -5.0 -10.0 5.0 10.0 5.0 10.0 -5.0
945.0 1025.0 4 -10.0 -5.0 -10.0 5.0 10.0 5.0 10.0 -5.0
567.0 826.0 4 -10.0 -5.0 -10.0 5.0 10.0 5.0 10.0 -5.0
742.0 987.0 4 -10.0 -5.0 -10.0 5.0 10.0 5.0 10.0 -5.0
1185.0 360.0 4 -10.0 -5.0 -10.0 5.0 10.0 5.0 10.0 -5.0
407.0 469.0 4 -10.0 -5.0 -10.0 5.0 10.0 5.0 10.0 -5.0
91.0 1004.0 4 -10.0 -5.0 -10.0 5.0 10.0 5.0 10.0 -5.0
309.0 488.0 4 -10.0 -5.0 -10.0 5.0 10.0 5.0 10.0 -5.0
141.0 944.0 4 -10.0 -5.0 -10.0 5.0 10.0 5.0 10.0 -5.0
554.0 193.0 4 -10.0 -5.0 -10.0 5.0 10.0 5.0 10.0 -5.0
316.0 498.0 4 -10.0 -5.0 -10.0 5.0 10.0 5.0 10.0 -5.0
518.0 531.0 4 -10.0 -5.0 -10.0 5.0 10.0 5.0 10.0 -5.0
803.0 672.0 4 -10.0 -5.0 -10.0 5.0 10.0 5.0 10.0 -5.0
786.0 920.0 4 -10.0 -5.0 -10.0 5.0 10.0 5.0 10.0 -5.0
467.0 320.0 4 -10.0 -5.0 -10.0 5.0 10.0 5.0 10.0 -5.0
748.0 829.0 4 -10.0 -5.0 -10.0 5.0 10.0 5.0 10.0 -5.0
295.0 1034.0 4 -10.0 -5.0 -10.0 5.0 10.0 5.0 10.0 -5.0
844.0 879.0 4 -10.0 -5.0 -10.0 5.0 10.0 5.0 10.0 -5.0
845.0 685.0 4 -10.0 -5.0 -10.0 5.0 10.0 5.0 10.0 -5.0
338.0 1032.0 4 -10.0 -5.0 -10.0 5.0 10.0 5.0 10.0 -5.0
545.0 1005.0 4 -10.0 -5.0 -10.0 5.0 10.0 5.0 10.0 -5.0
719.0 353.0 4 -10.0 -5.0 -10.0 5.0 10.0 5.0 10.0 -5.0
780.0 996.0 4 -10.0 -5.0 -10.0 5.0 10.0 5.0 10.0 -5.0
253.0 1182.0 4 -10.0 -5.0 -10.0 5.0 10.0 5.0 10.0 -5.0
211.0 492.0 4 -10.0 -5.0 -10.0 5.0 10.0 5.0 10.0 -5.0
1148.0 229.0 4 -10.0 -5.0 -10.0 5.0 10.0 5.0 10.0 -5.0
255.0 857.0 4 -10.0 -5.0 -10.0 5.0 10.0 5.0 10.0 -5.0
158.0 461.0 4 -10.0 -5.0 -10.0 5.0 10.0 5.0 10.0 -5.0
515.0 512.0 4 -10.0 -5.0 -10.0 5.0 10.0 5.0 10.0 -5.0
1061.0 407.0 4 -10.0 -5.0 -10.0 5.0 10.0 5.0 10.0 -5.0
823.0 584.0 4 -10.0 -5.0 -10.0 5.0 10.0 5.0 10.0 -5.0
884.0 727.0 4 -10.0 -5.0 -10.0 5.0 10.0 5.0 10.0 -5.0
780.0 649.0 4 -10.0 -5.0 -10.0 5.0 10.0 5.0 10.0 -5.0
249.0 790.0 4 -10.0 -5.0 -10.0 5.0 10.0 5.0 10.0 -5.0
660.0 661.0 4 -10.0 -5.0 -10.0 5.0 10.0 5.0 10.0 -5.0
886.0 454.0 4 -10.0 -5.0 -10.0 5.0 10.0 5.0 10.0 -5.0
569.0 378.0 4 -10.0 -5.0 -10.0 5.0 10.0 5.0 10.0 -5.0
566.0 964.0 4 -10.0 -5.0 -10.0 5.0 10.0 5.0 10.0 -5.0
187.0 1099.0 4 -10.0 -5.0 -10.0 5.0 10.0 5.0 10.0 -5.0
991.0 495.0 4 -10.0 -5.0 -10.0 5.0 10.0 5.0 10.0 -5.0
1059.0 1065.0 4 -10.0 -5.0 -10.0 5.0 10.0 5.0 10.0 -5.0
302.0 531.0 4 -10.0 -5.0 -10.0 5.0 10.0 5.0 10.0 -5.0
179.0 1094.0 4 -10.0 -5.0 -10.0 5.0 10.0 5.0 10.0 -5.0
938.0 401.0 4 -10.0 -5.0 -10.0 5.0 10.0 5.0 10.0 -5.0
531.0 365.0 4 -10.0 -5.0 -10.0 5.0 10.0 5.0 10.0 -5.0
82.0 838.0 4 -10.0 -5.0 -10.0 5.0 10.0 5.0 10.0 -5.0
630.0 536.0 4 -10.0 -5.0 -10.0 5.0 10.0 5.0 10.0 -5.0
76.0 839.0 4 -10.0 -5.0 -10.0 5.0 10.0 5.0 10.0 -5.0
482.0 486.0 4 -10.0 -5.0 -10.0 5.0 10.0 5.0 10.0 -5.0
581.0 1006.0 4 -10.0 -5.0 -10.0 5.0 10.0 5.0 10.0 -5.0
213.0 1050.0 4 -10.0 -5.0 -10.0 5.0 10.0 5.0 10.0 -5.0
989.0 475.0 4 -10.0 -5.0 -10.0 5.0 10.0 5.0 10.0 -5.0
292.0 473.0 4 -10.0 -5.0 -10.0 5.0 10.0 5.0 10.0 -5.0
164.0 463.0 4 -10.0 -5.0 -10.0 5.0 10.0 5.0 10.0 -5.0
833.0 685.0 4 -10.0 -5.0 -10.0 5.0 10.0 5.0 10.0 -5.0
1149.0 365.0 4 -10.0 -5.0 -10.0 5.0 10.0 5.0 10.0 -5.0
717.0 404.0 4 -10.0 -5.0 -10.0 5.0 10.0 5.0 10.0 -5.0
356.0 430.0 4 -10.0 -5.0 -10.0 5.0 10.0 5.0 10.0 -5.0
700.0 401.0 4 -10.0 -5.0 -10.0 5.0 10.0 5.0 10.0 -5.0
659.0 933.0 4 -10.0 -5.0 -10.0 5.0 10.0 5.0 10.0 -5.0
232.0 840.0 4 -10.0 -5.0 -10.0 5.0 10.0 5.0 10.0 -5.0
274.0 613.0 4 -10.0 -5.0 -10.0 5.0 10.0 5.0 10.0 -5.0
1000.0 451.0 4 -10.0 -5.0 -10.0 5.0 10.0 5.0 10.0 -5.0
850.0 652.0 4 -10.0 -5.0 -10.0 5.0 10.0 5.0 10.0 -5.0
588.0 424.0 4 -10.0 -5.0 -10.0 5.0 10.0 5.0 10.0 -5.0
676.0 645.0 4 -10.0 -5.0 -10.0 5.0 10.0 5.0 10.0 -5.0
782.0 936.0 4 -10.0 -5.0 -10.0 5.0 10.0 5.0 10.0 -5.0
364.0 953.0 4 -10.0 -5.0 -10.0 5.0 10.0 5.0 10.0 -5.0
1021.0 464.0 4 -10.0 -5.0 -10.0 5.0 10.0 5.0 10.0 -5.0
887.0 664.0 4 -10.0 -5.0 -10.0 5.0 10.0 5.0 10.0 -5.0
789.0 1064.0 4 -10.0 -5.0 -10.0 5.0 10.0 5.0 10.0 -5.0
1169.0 204.0 4 -10.0 -5.0 -10.0 5.0 10.0 5.0 10.0 -5.0
1010.0 335.0 4 -10.0 -5.0 -10.0 5.0 10.0 5.0 10.0 -5.0
521.0 141.0 4 -10.0 -5.0 -10.0 5.0 10.0 5.0 10.0 -5.0
299.0 1138.0 4 -10.0 -5.0 -10.0 5.0 10.0 5.0 10.0 -5.0
876.0 698.0 4 -10.0 -5.0 -10.0 5.0 10.0 5.0 10.0 -5.0
621.0 345.0 4 -10.0 -5.0 -10.0 5.0 10.0 5.0 10.0 -5.0
869.0 885.0 4 -10.0 -5.0 -10.0 5.0 10.0 5.0 10.0 -5.0
1182.0 187.0 4 -10.0 -5.0 -10.0 5.0 10.0 5.0 10.0 -5.0
700.0 716.0 4 -10.0 -5.0 -10.0 5.0 10.0 5.0 10.0 -5.0
1050.0 311.0 4 -10.0 -5.0 -10.0 5.0 10.0 5.0 10.0 -5.0
522.0 96.0 4 -10.0 -5.0 -10.0 5.0 10.0 5.0 10.0 -5.0
357.0 1065.0 4 -10.0 -5.0 -10.0 5.0 10.0 5.0 10.0 -5.0
189.0 1091.0 4 -10.0 -5.0 -10.0 5.0 10.0 5.0 10.0 -5.0
731.0 381.0 4 -10.0 -5.0 -10.0 5.0 10.0 5.0 10.0 -5.0
379.0 439.0 4 -10.0 -5.0 -10.0 5.0 10.0 5.0 10.0 -5.0
659.0 963.0 4 -10.0 -5.0 -10.0 5.0 10.0 5.0 10.0 -5.0
626.0 500.0 4 -10.0 -5.0 -10.0 5.0 10.0 5.0 10.0 -5.0
804.0 890.0 4 -10.0 -5.0 -10.0 5.0 10.0 5.0 10.0 -5.0
587.0 788.0 4 -10.0 -5.0 -10.0 5.0 10.0 5.0 10.0 -5.0
733.0 870.0 4 -10.0 -5.0 -10.0 5.0 10.0 5.0 10.0 -5.0
723.0 922.0 4 -10.0 -5.0 -10.0 5.0 10.0 5.0 10.0 -5.0
185.0 1108.0 4 -10.0 -5.0 -10.0 5.0 10.0 5.0 10.0 -5.0
311.0 889.0 4 -10.0 -5.0 -10.0 5.0 10.0 5.0 10.0 -5.0
735.0 643.0 4 -10.0 -5.0 -10.0 5.0 10.0 5.0 10.0 -5.0
843.0 511.0 4 -10.0 -5.0 -10.0 5.0 10.0 5.0 10.0 -5.0
706.0 362.0 4 -10.0 -5.0 -10.0 5.0 10.0 5.0 10.0 -5.0
285.0 1059.0 4 -10.0 -5.0 -10.0 5.0 10.0 5.0 10.0 -5.0
532.0 583.0 4 -10.0 -5.0 -10.0 5.0 10.0 5.0 10.0 -5.0
583.0 592.0 4 -10.0 -5.0 -10.0 5.0 10.0 5.0 10.0 -5.0
345.0 1036.0 4 -10.0 -5.0 -10.0 5.0 10.0 5.0 10.0 -5.0
662.0 920.0 4 -10.0 -5.0 -10.0 5.0 10.0 5.0 10.0 -5.0
281.0 473.0 4 -10.0 -5.0 -10.0 5.0 10.0 5.0 10.0 -5.0
656.0 518.0 4 -10.0 -5.0 -10.0 5.0 10.0 5.0 10.0 -5.0
213.0 807.0 4 -10.0 -5.0 -10.0 5.0 10.0 5.0 10.0 -5.0
765.0 950.0 4 -10.0 -5.0 -10.0 5.0 10.0 5.0 10.0 -5.0
1042.0 302.0 4 -10.0 -5.0 -10.0 5.0 10.0 5.0 10.0 -5.0
560.0 625.0 4 -10.0 -5.0 -10.0 5.0 10.0 5.0 10.0 -5.0
963.0 1031.0 4 -10.0 -5.0 -10.0 5.0 10.0 5.0 10.0 -5.0
794.0 1068.0 4 -10.0 -5.0 -10.0 5.0 10.0 5.0 10.0 -5.0
824.0 962.0 4 -10.0 -5.0 -10.0 5.0 10.0 5.0 10.0 -5.0
568.0 725.0 4 -10.0 -5.0 -10.0 5.0 10.0 5.0 10.0 -5.0
693.0 719.0 4 -10.0 -5.0 -10.0 5.0 10.0 5.0 10.0 -5.0
784.0 1035.0 4 -10.0 -5.0 -10.0 5.0 10.0 5.0 10.0 -5.0
488.0 364.0 4 -10.0 -5.0 -10.0 5.0 10.0 5.0 10.0 -5.0
221.0 779.0 4 -10.0 -5.0 -10.0 5.0 10.0 5.0 10.0 -5.0
453.0 602.0 4 -10.0 -5.0 -10.0 5.0 10.0 5.0 10.0 -5.0
833.0 636.0 4 -10.0 -5.0 -10.0 5.0 10.0 5.0 10.0 -5.0
54.0 841.0 4 -10.0 -5.0 -10.0 5.0 10.0 5.0 10.0 -5.0
234.0 915.0 4 -10.0 -5.0 -10.0 5.0 10.0 5.0 10.0 -5.0
367.0 397.0 4 -10.0 -5.0 -10.0 5.0 10.0 5.0 10.0 -5.0
475.0 461.0 4 -10.0 -5.0 -10.0 5.0 10.0 5.0 10.0 -5.0
841.0 472.0 4 -10.0 -5.0 -10.0 5.0 10.0 5.0 10.0 -5.0
653.0 637.0 4 -10.0 -5.0 -10.0 5.0 10.0 5.0 10.0 -5.0
746.0 636.0 4 -10.0 -5.0 -10.0 5.0 10.0 5.0 10.0 -5.0
257.0 983.0 4 -10.0 -5.0 -10.0 5.0 10.0 5.0 10.0 -5.0
561.0 1034.0 4 -10.0 -5.0 -10.0 5.0 10.0 5.0 10.0 -5.0
324.0 568.0 4 -10.0 -5.0 -10.0 5.0 10.0 5.0 10.0 -5.0
264.0 1005.0 4 -10.0 -5.0 -10.0 5.0 10.0 5.0 10.0 -5.0
657.0 976.0 4 -10.0 -5.0 -10.0 5.0 10.0 5.0 10.0 -5.0
157.0 1104.0 4 -10.0 -5.0 -10.0 5.0 10.0 5.0 10.0 -5.0
636.0 924.0 4 -10.0 -5.0 -10.0 5.0 10.0 5.0 10.0 -5.0
639.0 505.0 4 -10.0 -5.0 -10.0 5.0 10.0 5.0 10.0 -5.0
697.0 397.0 4 -10.0 -5.0 -10.0 5.0 10.0 5.0 10.0 -5.0
483.0 331.0 4 -10.0 -5.0 -10.0 5.0 10.0 5.0 10.0 -5.0
863.0 513.0 4 -10.0 -5.0 -10.0 5.0 10.0 5.0 10.0 -5.0
894.0 506.0 4 -10.0 -5.0 -10.0 5.0 10.0 5.0 10.0 -5.0
206.0 924.0 4 -10.0 -5.0 -10.0 5.0 10.0 5.0 10.0 -5.0
494.0 137.0 4 -10.0 -5.0 -10.0 5.0 10.0 5.0 10.0 -5.0
670.0 858.0 4 -10.0 -5.0 -10.0 5.0 10.0 5.0 10.0 -5.0
815.0 684.0 4 -10.0 -5.0 -10.0 5.0 10.0 5.0 10.0 -5.0
602.0 338.0 4 -10.0 -5.0 -10.0 5.0 10.0 5.0 10.0 -5.0
682.0 715.0 4 -10.0 -5.0 -10.0 5.0 10.0 5.0 10.0 -5.0
734.0 619.0 4 -10.0 -5.0 -10.0 5.0 10.0 5.0 10.0 -5.0
376.0 473.0 4 -10.0 -5.0 -10.0 5.0 10.0 5.0 10.0 -5.0
291.0 528.0 4 -10.0 -5.0 -10.0 5.0 10.0 5.0 10.0 -5.0
913.0 556.0 4 -10.0 -5.0 -10.0 5.0 10.0 5.0 10.0 -5.0
287.0 566.0 4 -10.0 -5.0 -10.0 5.0 10.0 5.0 10.0 -5.0
521.0 250.0 4 -10.0 -5.0 -10.0 5.0 10.0 5.0 10.0 -5.0
1096.0 1090.0 4 -10.0 -5.0 -10.0 5.0 10.0 5.0 10.0 -5.0
227.0 1066.0 4 -10.0 -5.0 -10.0 5.0 10.0 5.0 10.0 -5.0
524.0 652.0 4 -10.0 -5.0 -10.0 5.0 10.0 5.0 10.0 -5.0
1017.0 445.0 4 -10.0 -5.0 -10.0 5.0 10.0 5.0 10.0 -5.0
590.0 336.0 4 -10.0 -5.0 -10.0 5.0 10.0 5.0 10.0 -5.0
804.0 572.0 4 -10.0 -5.0 -10.0 5.0 10.0 5.0 10.0 -5.0
255.0 523.0 4 -10.0 -5.0 -10.0 5.0 10.0 5.0 10.0 -5.0
627.0 316.0 4 -10.0 -5.0 -10.0 5.0 10.0 5.0 10.0 -5.0
295.0 483.0 4 -10.0 -5.0 -10.0 5.0 10.0 5.0 10.0 -5.0
186.0 839.0 4 -10.0 -5.0 -10.0 5.0 10.0 5.0 10.0 -5.0
498.0 147.0 4 -10.0 -5.0 -10.0 5.0 10.0 5.0 10.0 -5.0
1037.0 1063.0 4 -10.0 -5.0 -10.0 5.0 10.0 5.0 10.0 -5.0
310.0 779.0 4 -10.0 -5.0 -10.0 5.0 10.0 5.0 10.0 -5.0
880.0 609.0 4 -10.0 -5.0 -10.0 5.0 10.0 5.0 10.0 -5.0
515.0 228.0 4 -10.0 -5.0 -10.0 5.0 10.0 5.0 10.0 -5.0
256.0 465.0 4 -10.0 -5.0 -10.0 5.0 10.0 5.0 10.0 -5.0
732.0 678.0 4 -10.0 -5.0 -10.0 5.0 10.0 5.0 10.0 -5.0
453.0 439.0 4 -10.0 -5.0 -10.0 5.0 10.0 5.0 10.0 -5.0
122.0 801.0 4 -10.0 -5.0 -10.0 5.0 10.0 5.0 10.0 -5.0
97.0 967.0 4 -10.0 -5.0 -10.0 5.0 10.0 5.0 10.0 -5.0
310.0 879.0 4 -10.0 -5.0 -10.0 5.0 10.0 5.0 10.0 -5.0
462.0 444.0 4 -10.0 -5.0 -10.0 5.0 10.0 5.0 10.0 -5.0
234.0 771.0 4 -10.0 -5.0 -10.0 5.0 10.0 5.0 10.0 -5.0
566.0 845.0 4 -10.0 -5.0 -10.0 5.0 10.0 5.0 10.0 -5.0
384.0 1036.0 4 -10.0 -5.0 -10.0 5.0 10.0 5.0 10.0 -5.0
397.0 897.0 4 -10.0 -5.0 -10.0 5.0 10.0 5.0 10.0 -5.0
959.0 1039.0 4 -10.0 -5.0 -10.0 5.0 10.0 5.0 10.0 -5.0
907.0 524.0 4 -10.0 -5.0 -10.0 5.0 10.0 5.0 10.0 -5.0
192.0 1106.0 4 -10.0 -5.0 -10.0 5.0 10.0 5.0 10.0 -5.0
742.0 335.0 4 -10.0 -5.0 -10.0 5.0 10.0 5.0 10.0 -5.0
182.0 928.0 4 -10.0 -5.0 -10.0 5.0 10.0 5.0 10.0 -5.0
460.0 438.0 4 -10.0 -5.0 -10.0 5.0 10.0 5.0 10.0 -5.0
407.0 619.0 4 -10.0 -5.0 -10.0 5.0 10.0 5.0 10.0 -5.0
862.0 574.0 4 -10.0 -5.0 -10.0 5.0 10.0 5.0 10.0 -5.0
652.0 1006.0 4 -10.0 -5.0 -10.0 5.0 10.0 5.0 10.0 -5.0
557.0 1024.0 4 -10.0 -5.0 -10.0 5.0 10.0 5.0 10.0 -5.0
403.0 897.0 4 -10.0 -5.0 -10.0 5.0 10.0 5.0 10.0 -5.0
754.0 929.0 4 -10.0 -5.0 -10.0 5.0 10.0 5.0 10.0 -5.0
595.0 760.0 4 -10.0 -5.0 -10.0 5.0 10.0 5.0 10.0 -5.0
516.0 232.0 4 -10.0 -5.0 -10.0 5.0 10.0 5.0 10.0 -5.0
963.0 1048.0 4 -10.0 -5.0 -10.0 5.0 10.0 5.0 10.0 -5.0
348.0 378.0 4 -10.0 -5.0 -10.0 5.0 10.0 5.0 10.0 -5.0
223.0 846.0 4 -10.0 -5.0 -10.0 5.0 10.0 5.0 10.0 -5.0
1079.0 390.0 4 -10.0 -5.0 -10.0 5.0 10.0 5.0 10.0 -5.0
345.0 369.0 4 -10.0 -5.0 -10.0 5.0 10.0 5.0 10.0 -5.0
572.0 1043.0 4 -10.0 -5.0 -10.0 5.0 10.0 5.0 10.0 -5.0
50.0 1019.0 4 -10.0 -5.0 -10.0 5.0 10.0 5.0 10.0 -5.0
496.0 120.0 4 -10.0 -5.0 -10.0 5.0 10.0 5.0 10.0 -5.0
517.0 67.0 4 -10.0 -5.0 -10.0 5.0 10.0 5.0 10.0 -5.0
728.0 635.0 4 -10.0 -5.0 -10.0 5.0 10.0 5.0 10.0 -5.0
525.0 330.0 4 -10.0 -5.0 -10.0 5.0 10.0 5.0 10.0 -5.0
821.0 650.0 4 -10.0 -5.0 -10.0 5.0 10.0 5.0 10.0 -5.0
194.0 498.0 4 -10.0 -5.0 -10.0 5.0 10.0 5.0 10.0 -5.0
423.0 433.0 4 -10.0 -5.0 -10.0 5.0 10.0 5.0 10.0 -5.0
43.0 974.0 4 -10.0 -5.0 -10.0 5.0 10.0 5.0 10.0 -5.0
1072.0 438.0 4 -10.0 -5.0 -10.0 5.0 10.0 5.0 10.0 -5.0
484.0 499.0 4 -10.0 -5.0 -10.0 5.0 10.0 5.0 10.0 -5.0
1136.0 228.0 4 -10.0 -5.0 -10.0 5.0 10.0 5.0 10.0 -5.0
594.0 377.0 4 -10.0 -5.0 -10.0 5.0 10.0 5.0 10.0 -5.0
932.0 460.0 4 -10.0 -5.0 -10.0 5.0 10.0 5.0 10.0 -5.0
452.0 431.0 4 -10.0 -5.0 -10.0 5.0 10.0 5.0 10.0 -5.0
511.0 200.0 4 -10.0 -5.0 -10.0 5.0 10.0 5.0 10.0 -5.0
287.0 468.0 4 -10.0 -5.0 -10.0 5.0 10.0 5.0 10.0 -5.0
946.0 1003.0 4 -10.0 -5.0 -10.0 5.0 10.0 5.0 10.0 -5.0
590.0 930.0 4 -10.0 -5.0 -10.0 5.0 10.0 5.0 10.0 -5.0
1154.0 213.0 4 -10.0 -5.0 -10.0 5.0 10.0 5.0 10.0 -5.0
776.0 971.0 4 -10.0 -5.0 -10.0 5.0 10.0 5.0 10.0 -5.0
1013.0 989.0 4 -10.0 -5.0 -10.0 5.0 10.0 5.0 10.0 -5.0
603.0 977.0 4 -10.0 -5.0 -10.0 5.0 10.0 5.0 10.0 -5.0
647.0 484.0 4 -10.0 -5.0 -10.0 5.0 10.0 5.0 10.0 -5.0
687.0 625.0 4 -10.0 -5.0 -10.0 5.0 10.0 5.0 10.0 -5.0
313.0 816.0 4 -10.0 -5.0 -10.0 5.0 10.0 5.0 10.0 -5.0
886.0 606.0 4 -10.0 -5.0 -10.0 5.0 10.0 5.0 10.0 -5.0
790.0 710.0 4 -10.0 -5.0 -10.0 5.0 10.0 5.0 10.0 -5.0
76.0 989.0 4 -10.0 -5.0 -10.0 5.0 10.0 5.0 10.0 -5.0
454.0 415.0 4 -10.0 -5.0 -10.0 5.0 10.0 5.0 10.0 -5.0
331.0 1073.0 4 -10.0 -5.0 -10.0 5.0 10.0 5.0 10.0 -5.0
637.0 655.0 4 -10.0 -5.0 -10.0 5.0 10.0 5.0 10.0 -5.0
1063.0 472.0 4 -10.0 -5.0 -10.0 5.0 10.0 5.0 10.0 -5.0
293.0 1164.0 4 -10.0 -5.0 -10.0 5.0 10.0 5.0 10.0 -5.0
572.0 1072.0 4 -10.0 -5.0 -10.0 5.0 10.0 5.0 10.0 -5.0
943.0 376.0 4 -10.0 -5.0 -10.0 5.0 10.0 5.0 10.0 -5.0
835.0 710.0 4 -10.0 -5.0 -10.0 5.0 10.0 5.0 10.0 -5.0
883.0 492.0 4 -10.0 -5.0 -10.0 5.0 10.0 5.0 10.0 -5.0
875.0 691.0 4 -10.0 -5.0 -10.0 5.0 10.0 5.0 10.0 -5.0
651.0 499.0 4 -10.0 -5.0 -10.0 5.0 10.0 5.0 10.0 -5.0
1032.0 1044.0 4 -10.0 -5.0 -10.0 5.0 10.0 5.0 10.0 -5.0
492.0 111.0 4 -10.0 -5.0 -10.0 5.0 10.0 5.0 10.0 -5.0
809.0 948.0 4 -10.0 -5.0 -10.0 5.0 10.0 5.0 10.0 -5.0
185.0 796.0 4 -10.0 -5.0 -10.0 5.0 10.0 5.0 10.0 -5.0
1067.0 410.0 4 -10.0 -5.0 -10.0 5.0 10.0 5.0 10.0 -5.0
1178.0 181.0 4 -10.0 -5.0 -10.0 5.0 10.0 5.0 10.0 -5.0
481.0 459.0 4 -10.0 -5.0 -10.0 5.0 10.0 5.0 10.0 -5.0
276.0 900.0 4 -10.0 -5.0 -10.0 5.0 10.0 5.0 10.0 -5.0
327.0 352.0 4 -10.0 -5.0 -10.0 5.0 10.0 5.0 10.0 -5.0
1159.0 396.0 4 -10.0 -5.0 -10.0 5.0 10.0 5.0 10.0 -5.0
266.0 1157.0 4 -10.0 -5.0 -10.0 5.0 10.0 5.0 10.0 -5.0
499.0 524.0 4 -10.0 -5.0 -10.0 5.0 10.0 5.0 10.0 -5.0
532.0 375.0 4 -10.0 -5.0 -10.0 5.0 10.0 5.0 10.0 -5.0
586.0 712.0 4 -10.0 -5.0 -10.0 5.0 10.0 5.0 10.0 -5.0
683.0 442.0 4 -10.0 -5.0 -10.0 5.0 10.0 5.0 10.0 -5.0
515.0 234.0 4 -10.0 -5.0 -10.0 5.0 10.0 5.0 10.0 -5.0
462.0 313.0 4 -10.0 -5.0 -10.0 5.0 10.0 5.0 10.0 -5.0
1126.0 401.0 4 -10.0 -5.0 -10.0 5.0 10.0 5.0 10.0 -5.0
312.0 610.0 4 -10.0 -5.0 -10.0 5.0 10.0 5.0 10.0 -5.0
724.0 365.0 4 -10.0 -5.0 -10.0 5.0 10.0 5.0 10.0 -5.0
961.0 403.0 4 -10.0 -5.0 -10.0 5.0 10.0 5.0 10.0 -5.0
622.0 978.0 4 -10.0 -5.0 -10.0 5.0 10.0 5.0 10.0 -5.0
565.0 1028.0 4 -10.0 -5.0 -10.0 5.0 10.0 5.0 10.0 -5.0
356.0 971.0 4 -10.0 -5.0 -10.0 5.0 10.0 5.0 10.0 -5.0
534.0 342.0 4 -10.0 -5.0 -10.0 5.0 10.0 5.0 10.0 -5.0
221.0 830.0 4 -10.0 -5.0 -10.0 5.0 10.0 5.0 10.0 -5.0
546.0 486.0 4 -10.0 -5.0 -10.0 5.0 10.0 5.0 10.0 -5.0
623.0 1006.0 4 -10.0 -5.0 -10.0 5.0 10.0 5.0 10.0 -5.0
827.0 725.0 4 -10.0 -5.0 -10.0 5.0 10.0 5.0 10.0 -5.0
363.0 999.0 4 -10.0 -5.0 -10.0 5.0 10.0 5.0 10.0 -5.0
676.0 438.0 4 -10.0 -5.0 -10.0 5.0 10.0 5.0 10.0 -5.0
1021.0 340.0 4 -10.0 -5.0 -10.0 5.0 10.0 5.0 10.0 -5.0
888.0 888.0 4 -10.0 -5.0 -10.0 5.0 10.0 5.0 10.0 -5.0
345.0 946.0 4 -10.0 -5.0 -10.0 5.0 10.0 5.0 10.0 -5.0
325.0 1098.0 4 -10.0 -5.0 -10.0 5.0 10.0 5.0 10.0 -5.0
756.0 947.0 4 -10.0 -5.0 -10.0 5.0 10.0 5.0 10.0 -5.0
656.0 1005.0 4 -10.0 -5.0 -10.0 5.0 10.0 5.0 10.0 -5.0
115.0 835.0 4 -10.0 -5.0 -10.0 5.0 10.0 5.0 10.0 -5.0
916.0 668.0 4 -10.0 -5.0 -10.0 5.0 10.0 5.0 10.0 -5.0
716.0 395.0 4 -10.0 -5.0 -10.0 5.0 10.0 5.0 10.0 -5.0
1083.0 384.0 4 -10.0 -5.0 -10.0 5.0 10.0 5.0 10.0 -5.0
481.0 114.0 4 -10.0 -5.0 -10.0 5.0 10.0 5.0 10.0 -5.0
911.0 945.0 4 -10.0 -5.0 -10.0 5.0 10.0 5.0 10.0 -5.0
323.0 347.0 4 -10.0 -5.0 -10.0 5.0 10.0 5.0 10.0 -5.0
694.0 607.0 4 -10.0 -5.0 -10.0 5.0 10.0 5.0 10.0 -5.0
873.0 477.0 4 -10.0 -5.0 -10.0 5.0 10.0 5.0 10.0 -5.0
415.0 614.0 4 -10.0 -5.0 -10.0 5.0 10.0 5.0 10.0 -5.0
280.0 1158.0 4 -10.0 -5.0 -10.0 5.0 10.0 5.0 10.0 -5.0
1112.0 382.0 4 -10.0 -5.0 -10.0 5.0 10.0 5.0 10.0 -5.0
611.0 339.0 4 -10.0 -5.0 -10.0 5.0 10.0 5.0 10.0 -5.0
254.0 1034.0 4 -10.0 -5.0 -10.0 5.0 10.0 5.0 10.0 -5.0
194.0 571.0 4 -10.0 -5.0 -10.0 5.0 10.0 5.0 10.0 -5.0
729.0 819.0 4 -10.0 -5.0 -10.0 5.0 10.0 5.0 10.0 -5.0
220.0 477.0 4 -10.0 -5.0 -10.0 5.0 10.0 5.0 10.0 -5.0
363.0 422.0 4 -10.0 -5.0 -10.0 5.0 10.0 5.0 10.0 -5.0
1128.0 1111.0 4 -10.0 -5.0 -10.0 5.0 10.0 5.0 10.0 -5.0
538.0 590.0 4 -10.0 -5.0 -10.0 5.0 10.0 5.0 10.0 -5.0
559.0 299.0 4 -10.0 -5.0 -10.0 5.0 10.0 5.0 10.0 -5.0
304.0 331.0 4 -10.0 -5.0 -10.0 5.0 10.0 5.0 10.0 -5.0
895.0 435.0 4 -10.0 -5.0 -10.0 5.0 10.0 5.0 10.0 -5.0
1032.0 486.0 4 -10.0 -5.0 -10.0 5.0 10.0 5.0 10.0 -5.0
444.0 610.0 4 -10.0 -5.0 -10.0 5.0 10.0 5.0 10.0 -5.0
796.0 869.0 4 -10.0 -5.0 -10.0 5.0 10.0 5.0 10.0 -5.0
1116.0 1109.0 4 -10.0 -5.0 -10.0 5.0 10.0 5.0 10.0 -5.0
575.0 693.0 4 -10.0 -5.0 -10.0 5.0 10.0 5.0 10.0 -5.0
260.0 784.0 4 -10.0 -5.0 -10.0 5.0 10.0 5.0 10.0 -5.0
539.0 648.0 4 -10.0 -5.0 -10.0 5.0 10.0 5.0 10.0 -5.0
560.0 771.0 4 -10.0 -5.0 -10.0 5.0 10.0 5.0 10.0 -5.0
1152.0 1131.0 4 -10.0 -5.0 -10.0 5.0 10.0 5.0 10.0 -5.0
160.0 848.0 4 -10.0 -5.0 -10.0 5.0 10.0 5.0 10.0 -5.0
1083.0 1087.0 4 -10.0 -5.0 -10.0 5.0 10.0 5.0 10.0 -5.0
384.0 448.0 4 -10.0 -5.0 -10.0 5.0 10.0 5.0 10.0 -5.0
648.0 843.0 4 -10.0 -5.0 -10.0 5.0 10.0 5.0 10.0 -5.0
1074.0 1056.0 4 -10.0 -5.0 -10.0 5.0 10.0 5.0 10.0 -5.0
716.0 943.0 4 -10.0 -5.0 -10.0 5.0 10.0 5.0 10.0 -5.0
425.0 593.0 4 -10.0 -5.0 -10.0 5.0 10.0 5.0 10.0 -5.0
632.0 867.0 4 -10.0 -5.0 -10.0 5.0 10.0 5.0 10.0 -5.0
277.0 1021.0 4 -10.0 -5.0 -10.0 5.0 10.0 5.0 10.0 -5.0
234.0 788.0 4 -10.0 -5.0 -10.0 5.0 10.0 5.0 10.0 -5.0
932.0 960.0 4 -10.0 -5.0 -10.0 5.0 10.0 5.0 10.0 -5.0
909.0 540.0 4 -10.0 -5.0 -10.0 5.0 10.0 5.0 10.0 -5.0
56.0 1019.0 4 -10.0 -5.0 -10.0 5.0 10.0 5.0 10.0 -5.0
503.0 657.0 4 -10.0 -5.0 -10.0 5.0 10.0 5.0 10.0 -5.0
489.0 107.0 4 -10.0 -5.0 -10.0 5.0 10.0 5.0 10.0 -5.0
519.0 301.0 4 -10.0 -5.0 -10.0 5.0 10.0 5.0 10.0 -5.0
1132.0 405.0 4 -10.0 -5.0 -10.0 5.0 10.0 5.0 10.0 -5.0
675.0 498.0 4 -10.0 -5.0 -10.0 5.0 10.0 5.0 10.0 -5.0
583.0 994.0 4 -10.0 -5.0 -10.0 5.0 10.0 5.0 10.0 -5.0
702.0 424.0 4 -10.0 -5.0 -10.0 5.0 10.0 5.0 10.0 -5.0
1054.0 307.0 4 -10.0 -5.0 -10.0 5.0 10.0 5.0 10.0 -5.0
1100.0 374.0 4 -10.0 -5.0 -10.0 5.0 10.0 5.0 10.0 -5.0
176.0 1121.0 4 -10.0 -5.0 -10.0 5.0 10.0 5.0 10.0 -5.0
211.0 826.0 4 -10.0 -5.0 -10.0 5.0 10.0 5.0 10.0 -5.0
332.0 359.0 4 -10.0 -5.0 -10.0 5.0 10.0 5.0 10.0 -5.0
185.0 830.0 4 -10.0 -5.0 -10.0 5.0 10.0 5.0 10.0 -5.0
914.0 675.0 4 -10.0 -5.0 -10.0 5.0 10.0 5.0 10.0 -5.0
192.0 487.0 4 -10.0 -5.0 -10.0 5.0 10.0 5.0 10.0 -5.0
583.0 956.0 4 -10.0 -5.0 -10.0 5.0 10.0 5.0 10.0 -5.0
878.0 928.0 4 -10.0 -5.0 -10.0 5.0 10.0 5.0 10.0 -5.0
741.0 378.0 4 -10.0 -5.0 -10.0 5.0 10.0 5.0 10.0 -5.0
901.0 536.0 4 -10.0 -5.0 -10.0 5.0 10.0 5.0 10.0 -5.0
392.0 1047.0 4 -10.0 -5.0 -10.0 5.0 10.0 5.0 10.0 -5.0
536.0 1032.0 4 -10.0 -5.0 -10.0 5.0 10.0 5.0 10.0 -5.0
592.0 1040.0 4 -10.0 -5.0 -10.0 5.0 10.0 5.0 10.0 -5.0
1033.0 1007.0 4 -10.0 -5.0 -10.0 5.0 10.0 5.0 10.0 -5.0
270.0 1021.0 4 -10.0 -5.0 -10.0 5.0 10.0 5.0 10.0 -5.0
519.0 350.0 4 -10.0 -5.0 -10.0 5.0 10.0 5.0 10.0 -5.0
833.0 479.0 4 -10.0 -5.0 -10.0 5.0 10.0 5.0 10.0 -5.0
647.0 822.0 4 -10.0 -5.0 -10.0 5.0 10.0 5.0 10.0 -5.0
176.0 1135.0 4 -10.0 -5.0 -10.0 5.0 10.0 5.0 10.0 -5.0
377.0 627.0 4 -10.0 -5.0 -10.0 5.0 10.0 5.0 10.0 -5.0
659.0 819.0 4 -10.0 -5.0 -10.0 5.0 10.0 5.0 10.0 -5.0
1022.0 527.0 4 -10.0 -5.0 -10.0 5.0 10.0 5.0 10.0 -5.0
1036.0 426.0 4 -10.0 -5.0 -10.0 5.0 10.0 5.0 10.0 -5.0
1082.0 522.0 4 -10.0 -5.0 -10.0 5.0 10.0 5.0 10.0 -5.0
556.0 331.0 4 -10.0 -5.0 -10.0 5.0 10.0 5.0 10.0 -5.0
527.0 647.0 4 -10.0 -5.0 -10.0 5.0 10.0 5.0 10.0 -5.0
359.0 977.0 4 -10.0 -5.0 -10.0 5.0 10.0 5.0 10.0 -5.0
395.0 568.0 4 -10.0 -5.0 -10.0 5.0 10.0 5.0 10.0 -5.0
1161.0 207.0 4 -10.0 -5.0 -10.0 5.0 10.0 5.0 10.0 -5.0
805.0 931.0 4 -10.0 -5.0 -10.0 5.0 10.0 5.0 10.0 -5.0
548.0 738.0 4 -10.0 -5.0 -10.0 5.0 10.0 5.0 10.0 -5.0
1061.0 501.0 4 -10.0 -5.0 -10.0 5.0 10.0 5.0 10.0 -5.0
839.0 483.0 4 -10.0 -5.0 -10.0 5.0 10.0 5.0 10.0 -5.0
871.0 940.0 4 -10.0 -5.0 -10.0 5.0 10.0 5.0 10.0 -5.0
38.0 843.0 4 -10.0 -5.0 -10.0 5.0 10.0 5.0 10.0 -5.0
1095.0 433.0 4 -10.0 -5.0 -10.0 5.0 10.0 5.0 10.0 -5.0
807.0 1051.0 4 -10.0 -5.0 -10.0 5.0 10.0 5.0 10.0 -5.0
647.0 475.0 4 -10.0 -5.0 -10.0 5.0 10.0 5.0 10.0 -5.0
816.0 1000.0 4 -10.0 -5.0 -10.0 5.0 10.0 5.0 10.0 -5.0
710.0 338.0 4 -10.0 -5.0 -10.0 5.0 10.0 5.0 10.0 -5.0
1199.0 344.0 4 -10.0 -5.0 -10.0 5.0 10.0 5.0 10.0 -5.0
833.0 644.0 4 -10.0 -5.0 -10.0 5.0 10.0 5.0 10.0 -5.0
759.0 639.0 4 -10.0 -5.0 -10.0 5.0 10.0 5.0 10.0 -5.0
858.0 736.0 4 -10.0 -5.0 -10.0 5.0 10.0 5.0 10.0 -5.0
679.0 512.0 4 -10.0 -5.0 -10.0 5.0 10.0 5.0 10.0 -5.0
128.0 837.0 4 -10.0 -5.0 -10.0 5.0 10.0 5.0 10.0 -5.0
981.0 348.0 4 -10.0 -5.0 -10.0 5.0 10.0 5.0 10.0 -5.0
1058.0 482.0 4 -10.0 -5.0 -10.0 5.0 10.0 5.0 10.0 -5.0
354.0 630.0 4 -10.0 -5.0 -10.0 5.0 10.0 5.0 10.0 -5.0
721.0 710.0 4 -10.0 -5.0 -10.0 5.0 10.0 5.0 10.0 -5.0
429.0 412.0 4 -10.0 -5.0 -10.0 5.0 10.0 5.0 10.0 -5.0
389.0 1070.0 4 -10.0 -5.0 -10.0 5.0 10.0 5.0 10.0 -5.0
757.0 990.0 4 -10.0 -5.0 -10.0 5.0 10.0 5.0 10.0 -5.0
46.0 988.0 4 -10.0 -5.0 -10.0 5.0 10.0 5.0 10.0 -5.0
160.0 794.0 4 -10.0 -5.0 -10.0 5.0 10.0 5.0 10.0 -5.0
983.0 378.0 4 -10.0 -5.0 -10.0 5.0 10.0 5.0 10.0 -5.0
515.0 39.0 4 -10.0 -5.0 -10.0 5.0 10.0 5.0 10.0 -5.0
947.0 512.0 4 -10.0 -5.0 -10.0 5.0 10.0 5.0 10.0 -5.0
646.0 526.0 4 -10.0 -5.0 -10.0 5.0 10.0 5.0 10.0 -5.0
869.0 584.0 4 -10.0 -5.0 -10.0 5.0 10.0 5.0 10.0 -5.0
568.0 819.0 4 -10.0 -5.0 -10.0 5.0 10.0 5.0 10.0 -5.0
835.0 1022.0 4 -10.0 -5.0 -10.0 5.0 10.0 5.0 10.0 -5.0
570.0 793.0 4 -10.0 -5.0 -10.0 5.0 10.0 5.0 10.0 -5.0
384.0 905.0 4 -10.0 -5.0 -10.0 5.0 10.0 5.0 10.0 -5.0
997.0 996.0 4 -10.0 -5.0 -10.0 5.0 10.0 5.0 10.0 -5.0
915.0 935.0 4 -10.0 -5.0 -10.0 5.0 10.0 5.0 10.0 -5.0
799.0 859.0 4 -10.0 -5.0 -10.0 5.0 10.0 5.0 10.0 -5.0
219.0 566.0 4 -10.0 -5.0 -10.0 5.0 10.0 5.0 10.0 -5.0
377.0 818.0 4 -10.0 -5.0 -10.0 5.0 10.0 5.0 10.0 -5.0
344.0 388.0 4 -10.0 -5.0 -10.0 5.0 10.0 5.0 10.0 -5.0
543.0 780.0 4 -10.0 -5.0 -10.0 5.0 10.0 5.0 10.0 -5.0
1076.0 308.0 4 -10.0 -5.0 -10.0 5.0 10.0 5.0 10.0 -5.0
626.0 356.0 4 -10.0 -5.0 -10.0 5.0 10.0 5.0 10.0 -5.0
599.0 378.0 4 -10.0 -5.0 -10.0 5.0 10.0 5.0 10.0 -5.0
225.0 522.0 4 -10.0 -5.0 -10.0 5.0 10.0 5.0 10.0 -5.0
791.0 968.0 4 -10.0 -5.0 -10.0 5.0 10.0 5.0 10.0 -5.0
1055.0 1084.0 4 -10.0 -5.0 -10.0 5.0 10.0 5.0 10.0 -5.0
165.0 477.0 4 -10.0 -5.0 -10.0 5.0 10.0 5.0 10.0 -5.0
342.0 1105.0 4 -10.0 -5.0 -10.0 5.0 10.0 5.0 10.0 -5.0
260.0 920.0 4 -10.0 -5.0 -10.0 5.0 10.0 5.0 10.0 -5.0
337.0 1125.0 4 -10.0 -5.0 -10.0 5.0 10.0 5.0 10.0 -5.0
567.0 685.0 4 -10.0 -5.0 -10.0 5.0 10.0 5.0 10.0 -5.0
454.0 285.0 4 -10.0 -5.0 -10.0 5.0 10.0 5.0 10.0 -5.0
971.0 1044.0 4 -10.0 -5.0 -10.0 5.0 10.0 5.0 10.0 -5.0
457.0 598.0 4 -10.0 -5.0 -10.0 5.0 10.0 5.0 10.0 -5.0
455.0 570.0 4 -10.0 -5.0 -10.0 5.0 10.0 5.0 10.0 -5.0
693.0 822.0 4 -10.0 -5.0 -10.0 5.0 10.0 5.0 10.0 -5.0
627.0 473.0 4 -10.0 -5.0 -10.0 5.0 10.0 5.0 10.0 -5.0
941.0 1012.0 4 -10.0 -5.0 -10.0 5.0 10.0 5.0 10.0 -5.0
532.0 192.0 4 -10.0 -5.0 -10.0 5.0 10.0 5.0 10.0 -5.0
753.0 617.0 4 -10.0 -5.0 -10.0 5.0 10.0 5.0 10.0 -5.0
300.0 562.0 4 -10.0 -5.0 -10.0 5.0 10.0 5.0 10.0 -5.0
519.0 660.0 4 -10.0 -5.0 -10.0 5.0 10.0 5.0 10.0 -5.0
131.0 463.0 4 -10.0 -5.0 -10.0 5.0 10.0 5.0 10.0 -5.0
122.0 814.0 4 -10.0 -5.0 -10.0 5.0 10.0 5.0 10.0 -5.0
609.0 388.0 4 -10.0 -5.0 -10.0 5.0 10.0 5.0 10.0 -5.0
1063.0 1040.0 4 -10.0 -5.0 -10.0 5.0 10.0 5.0 10.0 -5.0
983.0 1065.0 4 -10.0 -5.0 -10.0 5.0 10.0 5.0 10.0 -5.0
437.0 405.0 4 -10.0 -5.0 -10.0 5.0 10.0 5.0 10.0 -5.0
507.0 187.0 4 -10.0 -5.0 -10.0 5.0 10.0 5.0 10.0 -5.0
760.0 1016.0 4 -10.0 -5.0 -10.0 5.0 10.0 5.0 10.0 -5.0
564.0 854.0 4 -10.0 -5.0 -10.0 5.0 10.0 5.0 10.0 -5.0
888.0 531.0 4 -10.0 -5.0 -10.0 5.0 10.0 5.0 10.0 -5.0
192.0 945.0 4 -10.0 -5.0 -10.0 5.0 10.0 5.0 10.0 -5.0
541.0 995.0 4 -10.0 -5.0 -10.0 5.0 10.0 5.0 10.0 -5.0
517.0 45.0 4 -10.0 -5.0 -10.0 5.0 10.0 5.0 10.0 -5.0
1038.0 994.0 4 -10.0 -5.0 -10.0 5.0 10.0 5.0 10.0 -5.0
898.0 947.0 4 -10.0 -5.0 -10.0 5.0 10.0 5.0 10.0 -5.0
691.0 478.0 4 -10.0 -5.0 -10.0 5.0 10.0 5.0 10.0 -5.0
179.0 832.0 4 -10.0 -5.0 -10.0 5.0 10.0 5.0 10.0 -5.0
661.0 1004.0 4 -10.0 -5.0 -10.0 5.0 10.0 5.0 10.0 -5.0
154.0 834.0 4 -10.0 -5.0 -10.0 5.0 10.0 5.0 10.0 -5.0
1044.0 1055.0 4 -10.0 -5.0 -10.0 5.0 10.0 5.0 10.0 -5.0
520.0 783.0 4 -10.0 -5.0 -10.0 5.0 10.0 5.0 10.0 -5.0
350.0 978.0 4 -10.0 -5.0 -10.0 5.0 10.0 5.0 10.0 -5.0
238.0 1021.0 4 -10.0 -5.0 -10.0 5.0 10.0 5.0 10.0 -5.0
279.0 775.0 4 -10.0 -5.0 -10.0 5.0 10.0 5.0 10.0 -5.0
799.0 597.0 4 -10.0 -5.0 -10.0 5.0 10.0 5.0 10.0 -5.0
430.0 421.0 4 -10.0 -5.0 -10.0 5.0 10.0 5.0 10.0 -5.0
896.0 889.0 4 -10.0 -5.0 -10.0 5.0 10.0 5.0 10.0 -5.0
654.0 449.0 4 -10.0 -5.0 -10.0 5.0 10.0 5.0 10.0 -5.0
665.0 507.0 4 -10.0 -5.0 -10.0 5.0 10.0 5.0 10.0 -5.0
225.0 517.0 4 -10.0 -5.0 -10.0 5.0 10.0 5.0 10.0 -5.0
532.0 797.0 4 -10.0 -5.0 -10.0 5.0 10.0 5.0 10.0 -5.0
324.0 576.0 4 -10.0 -5.0 -10.0 5.0 10.0 5.0 10.0 -5.0
306.0 818.0 4 -10.0 -5.0 -10.0 5.0 10.0 5.0 10.0 -5.0
1062.0 997.0 4 -10.0 -5.0 -10.0 5.0 10.0 5.0 10.0 -5.0
486.0 88.0 4 -10.0 -5.0 -10.0 5.0 10.0 5.0 10.0 -5.0
337.0 632.0 4 -10.0 -5.0 -10.0 5.0 10.0 5.0 10.0 -5.0
25.0 1026.0 4 -10.0 -5.0 -10.0 5.0 10.0 5.0 10.0 -5.0
666.0 831.0 4 -10.0 -5.0 -10.0 5.0 10.0 5.0 10.0 -5.0
553.0 1003.0 4 -10.0 -5.0 -10.0 5.0 10.0 5.0 10.0 -5.0
436.0 564.0 4 -10.0 -5.0 -10.0 5.0 10.0 5.0 10.0 -5.0
1017.0 484.0 4 -10.0 -5.0 -10.0 5.0 10.0 5.0 10.0 -5.0
793.0 688.0 4 -10.0 -5.0 -10.0 5.0 10.0 5.0 10.0 -5.0
913.0 733.0 4 -10.0 -5.0 -10.0 5.0 10.0 5.0 10.0 -5.0
445.0 416.0 4 -10.0 -5.0 -10.0 5.0 10.0 5.0 10.0 -5.0
951.0 522.0 4 -10.0 -5.0 -10.0 5.0 10.0 5.0 10.0 -5.0
662.0 949.0 4 -10.0 -5.0 -10.0 5.0 10.0 5.0 10.0 -5.0
761.0 964.0 4 -10.0 -5.0 -10.0 5.0 10.0 5.0 10.0 -5.0
561.0 343.0 4 -10.0 -5.0 -10.0 5.0 10.0 5.0 10.0 -5.0
617.0 868.0 4 -10.0 -5.0 -10.0 5.0 10.0 5.0 10.0 -5.0
1144.0 1128.0 4 -10.0 -5.0 -10.0 5.0 10.0 5.0 10.0 -5.0
109.0 998.0 4 -10.0 -5.0 -10.0 5.0 10.0 5.0 10.0 -5.0
752.0 820.0 4 -10.0 -5.0 -10.0 5.0 10.0 5.0 10.0 -5.0
757.0 982.0 4 -10.0 -5.0 -10.0 5.0 10.0 5.0 10.0 -5.0
556.0 256.0 4 -10.0 -5.0 -10.0 5.0 10.0 5.0 10.0 -5.0
773.0 703.0 4 -10.0 -5.0 -10.0 5.0 10.0 5.0 10.0 -5.0
988.0 1053.0 4 -10.0 -5.0 -10.0 5.0 10.0 5.0 10.0 -5.0
527.0 291.0 4 -10.0 -5.0 -10.0 5.0 10.0 5.0 10.0 -5.0
801.0 951.0 4 -10.0 -5.0 -10.0 5.0 10.0 5.0 10.0 -5.0
820.0 720.0 4 -10.0 -5.0 -10.0 5.0 10.0 5.0 10.0 -5.0
503.0 513.0 4 -10.0 -5.0 -10.0 5.0 10.0 5.0 10.0 -5.0
251.0 499.0 4 -10.0 -5.0 -10.0 5.0 10.0 5.0 10.0 -5.0
1120.0 242.0 4 -10.0 -5.0 -10.0 5.0 10.0 5.0 10.0 -5.0
964.0 342.0 4 -10.0 -5.0 -10.0 5.0 10.0 5.0 10.0 -5.0
347.0 440.0 4 -10.0 -5.0 -10.0 5.0 10.0 5.0 10.0 -5.0
50.0 1001.0 4 -10.0 -5.0 -10.0 5.0 10.0 5.0 10.0 -5.0
354.0 533.0 4 -10.0 -5.0 -10.0 5.0 10.0 5.0 10.0 -5.0
389.0 615.0 4 -10.0 -5.0 -10.0 5.0 10.0 5.0 10.0 -5.0
164.0 1123.0 4 -10.0 -5.0 -10.0 5.0 10.0 5.0 10.0 -5.0
1027.0 532.0 4 -10.0 -5.0 -10.0 5.0 10.0 5.0 10.0 -5.0
323.0 893.0 4 -10.0 -5.0 -10.0 5.0 10.0 5.0 10.0 -5.0
1056.0 279.0 4 -10.0 -5.0 -10.0 5.0 10.0 5.0 10.0 -5.0
844.0 1048.0 4 -10.0 -5.0 -10.0 5.0 10.0 5.0 10.0 -5.0
596.0 994.0 4 -10.0 -5.0 -10.0 5.0 10.0 5.0 10.0 -5.0
527.0 342.0 4 -10.0 -5.0 -10.0 5.0 10.0 5.0 10.0 -5.0
625.0 833.0 4 -10.0 -5.0 -10.0 5.0 10.0 5.0 10.0 -5.0
1009.0 440.0 4 -10.0 -5.0 -10.0 5.0 10.0 5.0 10.0 -5.0
784.0 696.0 4 -10.0 -5.0 -10.0 5.0 10.0 5.0 10.0 -5.0
555.0 1061.0 4 -10.0 -5.0 -10.0 5.0 10.0 5.0 10.0 -5.0
522.0 254.0 4 -10.0 -5.0 -10.0 5.0 10.0 5.0 10.0 -5.0
448.0 403.0 4 -10.0 -5.0 -10.0 5.0 10.0 5.0 10.0 -5.0
795.0 1089.0 4 -10.0 -5.0 -10.0 5.0 10.0 5.0 10.0 -5.0
266.0 514.0 4 -10.0 -5.0 -10.0 5.0 10.0 5.0 10.0 -5.0
202.0 473.0 4 -10.0 -5.0 -10.0 5.0 10.0 5.0 10.0 -5.0
583.0 394.0 4 -10.0 -5.0 -10.0 5.0 10.0 5.0 10.0 -5.0
909.0 602.0 4 -10.0 -5.0 -10.0 5.0 10.0 5.0 10.0 -5.0
1171.0 1148.0 4 -10.0 -5.0 -10.0 5.0 10.0 5.0 10.0 -5.0
247.0 1059.0 4 -10.0 -5.0 -10.0 5.0 10.0 5.0 10.0 -5.0
970.0 1026.0 4 -10.0 -5.0 -10.0 5.0 10.0 5.0 10.0 -5.0
814.0 1083.0 4 -10.0 -5.0 -10.0 5.0 10.0 5.0 10.0 -5.0
683.0 628.0 4 -10.0 -5.0 -10.0 5.0 10.0 5.0 10.0 -5.0
625.0 860.0 4 -10.0 -5.0 -10.0 5.0 10.0 5.0 10.0 -5.0
65.0 978.0 4 -10.0 -5.0 -10.0 5.0 10.0 5.0 10.0 -5.0
389.0 948.0 4 -10.0 -5.0 -10.0 5.0 10.0 5.0 10.0 -5.0
350.0 634.0 4 -10.0 -5.0 -10.0 5.0 10.0 5.0 10.0 -5.0
813.0 943.0 4 -10.0 -5.0 -10.0 5.0 10.0 5.0 10.0 -5.0
340.0 410.0 4 -10.0 -5.0 -10.0 5.0 10.0 5.0 10.0 -5.0
429.0 570.0 4 -10.0 -5.0 -10.0 5.0 10.0 5.0 10.0 -5.0
412.0 443.0 4 -10.0 -5.0 -10.0 5.0 10.0 5.0 10.0 -5.0
265.0 454.0 4 -10.0 -5.0 -10.0 5.0 10.0 5.0 10.0 -5.0
881.0 748.0 4 -10.0 -5.0 -10.0 5.0 10.0 5.0 10.0 -5.0
448.0 564.0 4 -10.0 -5.0 -10.0 5.0 10.0 5.0 10.0 -5.0
980.0 1071.0 4 -10.0 -5.0 -10.0 5.0 10.0 5.0 10.0 -5.0
451.0 461.0 4 -10.0 -5.0 -10.0 5.0 10.0 5.0 10.0 -5.0
277.0 819.0 4 -10.0 -5.0 -10.0 5.0 10.0 5.0 10.0 -5.0
410.0 456.0 4 -10.0 -5.0 -10.0 5.0 10.0 5.0 10.0 -5.0
691.0 391.0 4 -10.0 -5.0 -10.0 5.0 10.0 5.0 10.0 -5.0
700.0 810.0 4 -10.0 -5.0 -10.0 5.0 10.0 5.0 10.0 -5.0
905.0 956.0 4 -10.0 -5.0 -10.0 5.0 10.0 5.0 10.0 -5.0
536.0 774.0 4 -10.0 -5.0 -10.0 5.0 10.0 5.0 10.0 -5.0
543.0 140.0 4 -10.0 -5.0 -10.0 5.0 10.0 5.0 10.0 -5.0
378.0 551.0 4 -10.0 -5.0 -10.0 5.0 10.0 5.0 10.0 -5.0
877.0 723.0 4 -10.0 -5.0 -10.0 5.0 10.0 5.0 10.0 -5.0
854.0 733.0 4 -10.0 -5.0 -10.0 5.0 10.0 5.0 10.0 -5.0
535.0 427.0 4 -10.0 -5.0 -10.0 5.0 10.0 5.0 10.0 -5.0
722.0 888.0 4 -10.0 -5.0 -10.0 5.0 10.0 5.0 10.0 -5.0
524.0 583.0 4 -10.0 -5.0 -10.0 5.0 10.0 5.0 10.0 -5.0
829.0 1028.0 4 -10.0 -5.0 -10.0 5.0 10.0 5.0 10.0 -5.0
516.0 278.0 4 -10.0 -5.0 -10.0 5.0 10.0 5.0 10.0 -5.0
643.0 869.0 4 -10.0 -5.0 -10.0 5.0 10.0 5.0 10.0 -5.0
1140.0 361.0 4 -10.0 -5.0 -10.0 5.0 10.0 5.0 10.0 -5.0
218.0 1059.0 4 -10.0 -5.0 -10.0 5.0 10.0 5.0 10.0 -5.0
1101.0 505.0 4 -10.0 -5.0 -10.0 5.0 10.0 5.0 10.0 -5.0
1151.0 209.0 4 -10.0 -5.0 -10.0 5.0 10.0 5.0 10.0 -5.0
725.0 416.0 4 -10.0 -5.0 -10.0 5.0 10.0 5.0 10.0 -5.0
617.0 1011.0 4 -10.0 -5.0 -10.0 5.0 10.0 5.0 10.0 -5.0
339.0 645.0 4 -10.0 -5.0 -10.0 5.0 10.0 5.0 10.0 -5.0
749.0 354.0 4 -10.0 -5.0 -10.0 5.0 10.0 5.0 10.0 -5.0
911.0 975.0 4 -10.0 -5.0 -10.0 5.0 10.0 5.0 10.0 -5.0
395.0 981.0 4 -10.0 -5.0 -10.0 5.0 10.0 5.0 10.0 -5.0
1081.0 486.0 4 -10.0 -5.0 -10.0 5.0 10.0 5.0 10.0 -5.0
890.0 470.0 4 -10.0 -5.0 -10.0 5.0 10.0 5.0 10.0 -5.0
164.0 808.0 4 -10.0 -5.0 -10.0 5.0 10.0 5.0 10.0 -5.0
874.0 924.0 4 -10.0 -5.0 -10.0 5.0 10.0 5.0 10.0 -5.0
596.0 342.0 4 -10.0 -5.0 -10.0 5.0 10.0 5.0 10.0 -5.0
437.0 822.0 4 -10.0 -5.0 -10.0 5.0 10.0 5.0 10.0 -5.0
149.0 968.0 4 -10.0 -5.0 -10.0 5.0 10.0 5.0 10.0 -5.0
661.0 865.0 4 -10.0 -5.0 -10.0 5.0 10.0 5.0 10.0 -5.0
1059.0 1010.0 4 -10.0 -5.0 -10.0 5.0 10.0 5.0 10.0 -5.0
836.0 1051.0 4 -10.0 -5.0 -10.0 5.0 10.0 5.0 10.0 -5.0
224.0 562.0 4 -10.0 -5.0 -10.0 5.0 10.0 5.0 10.0 -5.0
282.0 572.0 4 -10.0 -5.0 -10.0 5.0 10.0 5.0 10.0 -5.0
599.0 1072.0 4 -10.0 -5.0 -10.0 5.0 10.0 5.0 10.0 -5.0
763.0 1035.0 4 -10.0 -5.0 -10.0 5.0 10.0 5.0 10.0 -5.0
1188.0 190.0 4 -10.0 -5.0 -10.0 5.0 10.0 5.0 10.0 -5.0
748.0 663.0 4 -10.0 -5.0 -10.0 5.0 10.0 5.0 10.0 -5.0
358.0 573.0 4 -10.0 -5.0 -10.0 5.0 10.0 5.0 10.0 -5.0
927.0 599.0 4 -10.0 -5.0 -10.0 5.0 10.0 5.0 10.0 -5.0
699.0 498.0 4 -10.0 -5.0 -10.0 5.0 10.0 5.0 10.0 -5.0
414.0 437.0 4 -10.0 -5.0 -10.0 5.0 10.0 5.0 10.0 -5.0
809.0 600.0 4 -10.0 -5.0 -10.0 5.0 10.0 5.0 10.0 -5.0
382.0 590.0 4 -10.0 -5.0 -10.0 5.0 10.0 5.0 10.0 -5.0
611.0 1004.0 4 -10.0 -5.0 -10.0 5.0 10.0 5.0 10.0 -5.0
355.0 371.0 4 -10.0 -5.0 -10.0 5.0 10.0 5.0 10.0 -5.0
514.0 25.0 4 -10.0 -5.0 -10.0 5.0 10.0 5.0 10.0 -5.0
1069.0 479.0 4 -10.0 -5.0 -10.0 5.0 10.0 5.0 10.0 -5.0
644.0 455.0 4 -10.0 -5.0 -10.0 5.0 10.0 5.0 10.0 -5.0
910.0 738.0 4 -10.0 -5.0 -10.0 5.0 10.0 5.0 10.0 -5.0
300.0 1027.0 4 -10.0 -5.0 -10.0 5.0 10.0 5.0 10.0 -5.0
537.0 379.0 4 -10.0 -5.0 -10.0 5.0 10.0 5.0 10.0 -5.0
1063.0 286.0 4 -10.0 -5.0 -10.0 5.0 10.0 5.0 10.0 -5.0
1012.0 450.0 4 -10.0 -5.0 -10.0 5.0 10.0 5.0 10.0 -5.0
829.0 1021.0 4 -10.0 -5.0 -10.0 5.0 10.0 5.0 10.0 -5.0
778.0 909.0 4 -10.0 -5.0 -10.0 5.0 10.0 5.0 10.0 -5.0
1090.0 1078.0 4 -10.0 -5.0 -10.0 5.0 10.0 5.0 10.0 -5.0
350.0 436.0 4 -10.0 -5.0 -10.0 5.0 10.0 5.0 10.0 -5.0
845.0 450.0 4 -10.0 -5.0 -10.0 5.0 10.0 5.0 10.0 -5.0
530.0 1055.0 4 -10.0 -5.0 -10.0 5.0 10.0 5.0 10.0 -5.0
992.0 360.0 4 -10.0 -5.0 -10.0 5.0 10.0 5.0 10.0 -5.0
327.0 637.0 4 -10.0 -5.0 -10.0 5.0 10.0 5.0 10.0 -5.0
456.0 290.0 4 -10.0 -5.0 -10.0 5.0 10.0 5.0 10.0 -5.0
1060.0 1076.0 4 -10.0 -5.0 -10.0 5.0 10.0 5.0 10.0 -5.0
600.0 588.0 4 -10.0 -5.0 -10.0 5.0 10.0 5.0 10.0 -5.0
266.0 526.0 4 -10.0 -5.0 -10.0 5.0 10.0 5.0 10.0 -5.0
329.0 986.0 4 -10.0 -5.0 -10.0 5.0 10.0 5.0 10.0 -5.0
460.0 502.0 4 -10.0 -5.0 -10.0 5.0 10.0 5.0 10.0 -5.0
531.0 433.0 4 -10.0 -5.0 -10.0 5.0 10.0 5.0 10.0 -5.0
799.0 1018.0 4 -10.0 -5.0 -10.0 5.0 10.0 5.0 10.0 -5.0
889.0 967.0 4 -10.0 -5.0 -10.0 5.0 10.0 5.0 10.0 -5.0
824.0 895.0 4 -10.0 -5.0 -10.0 5.0 10.0 5.0 10.0 -5.0
920.0 892.0 4 -10.0 -5.0 -10.0 5.0 10.0 5.0 10.0 -5.0
448.0 270.0 4 -10.0 -5.0 -10.0 5.0 10.0 5.0 10.0 -5.0
732.0 329.0 4 -10.0 -5.0 -10.0 5.0 10.0 5.0 10.0 -5.0
287.0 903.0 4 -10.0 -5.0 -10.0 5.0 10.0 5.0 10.0 -5.0
299.0 583.0 4 -10.0 -5.0 -10.0 5.0 10.0 5.0 10.0 -5.0
671.0 628.0 4 -10.0 -5.0 -10.0 5.0 10.0 5.0 10.0 -5.0
196.0 775.0 4 -10.0 -5.0 -10.0 5.0 10.0 5.0 10.0 -5.0
788.0 1055.0 4 -10.0 -5.0 -10.0 5.0 10.0 5.0 10.0 -5.0
653.0 459.0 4 -10.0 -5.0 -10.0 5.0 10.0 5.0 10.0 -5.0
274.0 1053.0 4 -10.0 -5.0 -10.0 5.0 10.0 5.0 10.0 -5.0
235.0 782.0 4 -10.0 -5.0 -10.0 5.0 10.0 5.0 10.0 -5.0
659.0 436.0 4 -10.0 -5.0 -10.0 5.0 10.0 5.0 10.0 -5.0
387.0 443.0 4 -10.0 -5.0 -10.0 5.0 10.0 5.0 10.0 -5.0
560.0 1071.0 4 -10.0 -5.0 -10.0 5.0 10.0 5.0 10.0 -5.0
607.0 672.0 4 -10.0 -5.0 -10.0 5.0 10.0 5.0 10.0 -5.0
319.0 882.0 4 -10.0 -5.0 -10.0 5.0 10.0 5.0 10.0 -5.0
573.0 744.0 4 -10.0 -5.0 -10.0 5.0 10.0 5.0 10.0 -5.0
814.0 984.0 4 -10.0 -5.0 -10.0 5.0 10.0 5.0 10.0 -5.0
498.0 280.0 4 -10.0 -5.0 -10.0 5.0 10.0 5.0 10.0 -5.0
978.0 381.0 4 -10.0 -5.0 -10.0 5.0 10.0 5.0 10.0 -5.0
385.0 401.0 4 -10.0 -5.0 -10.0 5.0 10.0 5.0 10.0 -5.0
1099.0 1064.0 4 -10.0 -5.0 -10.0 5.0 10.0 5.0 10.0 -5.0
860.0 570.0 4 -10.0 -5.0 -10.0 5.0 10.0 5.0 10.0 -5.0
445.0 834.0 4 -10.0 -5.0 -10.0 5.0 10.0 5.0 10.0 -5.0
203.0 860.0 4 -10.0 -5.0 -10.0 5.0 10.0 5.0 10.0 -5.0
1116.0 414.0 4 -10.0 -5.0 -10.0 5.0 10.0 5.0 10.0 -5.0
575.0 989.0 4 -10.0 -5.0 -10.0 5.0 10.0 5.0 10.0 -5.0
1185.0 1157.0 4 -10.0 -5.0 -10.0 5.0 10.0 5.0 10.0 -5.0
136.0 452.0 4 -10.0 -5.0 -10.0 5.0 10.0 5.0 10.0 -5.0
843.0 738.0 4 -10.0 -5.0 -10.0 5.0 10.0 5.0 10.0 -5.0
304.0 1131.0 4 -10.0 -5.0 -10.0 5.0 10.0 5.0 10.0 -5.0
446.0 619.0 4 -10.0 -5.0 -10.0 5.0 10.0 5.0 10.0 -5.0
