100
156.0 234.0 4 -10.0 -5.0 -10.0 5.0 10.0 5.0 10.0 -5.0
119.0 208.0 4 -10.0 -5.0 -10.0 5.0 10.0 5.0 10.0 -5.0
216.0 226.0 4 -10.0 -5.0 -10.0 5.0 10.0 5.0 10.0 -5.0
122.0 265.0 4 -10.0 -5.0 -10.0 5.0 10.0 5.0 10.0 -5.0
196.0 191.0 4 -10.0 -5.0 -10.0 5.0 10.0 5.0 10.0 -5.0
112.0 239.0 4 -10.0 -5.0 -10.0 5.0 10.0 5.0 10.0 -5.0
278.0 220.0 4 -10.0 -5.0 -10.0 5.0 10.0 5.0 10.0 -5.0
275.0 178.0 4 -10.0 -5.0 -10.0 5.0 10.0 5.0 10.0 -5.0
88.0 290.0 4 -10.0 -5.0 -10.0 5.0 10.0 5.0 10.0 -5.0
320.0 261.0 4 -10.0 -5.0 -10.0 5.0 10.0 5.0 10.0 -5.0
316.0 183.0 4 -10.0 -5.0 -10.0 5.0 10.0 5.0 10.0 -5.0
226.0 200.0 4 -10.0 -5.0 -10.0 5.0 10.0 5.0 10.0 -5.0
77.0 248.0 4 -10.0 -5.0 -10.0 5.0 10.0 5.0 10.0 -5.0
322.0 300.0 4 -10.0 -5.0 -10.0 5.0 10.0 5.0 10.0 -5.0
140.0 260.0 4 -10.0 -5.0 -10.0 5.0 10.0 5.0 10.0 -5.0
355.0 163.0 4 -10.0 -5.0 -10.0 5.0 10.0 5.0 10.0 -5.0
385.0 139.0 4 -10.0 -5.0 -10.0 5.0 10.0 5.0 10.0 -5.0
363.0 292.0 4 -10.0 -5.0 -10.0 5.0 10.0 5.0 10.0 -5.0
189.0 238.0 4 -10.0 -5.0 -10.0 5.0 10.0 5.0 10.0 -5.0
336.0 145.0 4 -10.0 -5.0 -10.0 5.0 10.0 5.0 10.0 -5.0
100.0 178.0 4 -10.0 -5.0 -10.0 5.0 10.0 5.0 10.0 -5.0
64.0 311.0 4 -10.0 -5.0 -10.0 5.0 10.0 5.0 10.0 -5.0
357.0 111.0 4 -10.0 -5.0 -10.0 5.0 10.0 5.0 10.0 -5.0
397.0 304.0 4 -10.0 -5.0 -10.0 5.0 10.0 5.0 10.0 -5.0
89.0 259.0 4 -10.0 -5.0 -10.0 5.0 10.0 5.0 10.0 -5.0
230.0 254.0 4 -10.0 -5.0 -10.0 5.0 10.0 5.0 10.0 -5.0
271.0 137.0 4 -10.0 -5.0 -10.0 5.0 10.0 5.0 10.0 -5.0
266.0 99.0 4 -10.0 -5.0 -10.0 5.0 10.0 5.0 10.0 -5.0
427.0 306.0 4 -10.0 -5.0 -10.0 5.0 10.0 5.0 10.0 -5.0
326.0 335.0 4 -10.0 -5.0 -10.0 5.0 10.0 5.0 10.0 -5.0
415.0 124.0 4 -10.0 -5.0 -10.0 5.0 10.0 5.0 10.0 -5.0
207.0 263.0 4 -10.0 -5.0 -10.0 5.0 10.0 5.0 10.0 -5.0
128.0 245.0 4 -10.0 -5.0 -10.0 5.0 10.0 5.0 10.0 -5.0
436.0 111.0 4 -10.0 -5.0 -10.0 5.0 10.0 5.0 10.0 -5.0
349.0 355.0 4 -10.0 -5.0 -10.0 5.0 10.0 5.0 10.0 -5.0
354.0 254.0 4 -10.0 -5.0 -10.0 5.0 10.0 5.0 10.0 -5.0
386.0 247.0 4 -10.0 -5.0 -10.0 5.0 10.0 5.0 10.0 -5.0
382.0 85.0 4 -10.0 -5.0 -10.0 5.0 10.0 5.0 10.0 -5.0
280.0 76.0 4 -10.0 -5.0 -10.0 5.0 10.0 5.0 10.0 -5.0
171.0 166.0 4 -10.0 -5.0 -10.0 5.0 10.0 5.0 10.0 -5.0
151.0 145.0 4 -10.0 -5.0 -10.0 5.0 10.0 5.0 10.0 -5.0
170.0 258.0 4 -10.0 -5.0 -10.0 5.0 10.0 5.0 10.0 -5.0
396.0 326.0 4 -10.0 -5.0 -10.0 5.0 10.0 5.0 10.0 -5.0
332.0 363.0 4 -10.0 -5.0 -10.0 5.0 10.0 5.0 10.0 -5.0
330.0 157.0 4 -10.0 -5.0 -10.0 5.0 10.0 5.0 10.0 -5.0
39.0 322.0 4 -10.0 -5.0 -10.0 5.0 10.0 5.0 10.0 -5.0
48.0 253.0 4 -10.0 -5.0 -10.0 5.0 10.0 5.0 10.0 -5.0
340.0 283.0 4 -10.0 -5.0 -10.0 5.0 10.0 5.0 10.0 -5.0
347.0 384.0 4 -10.0 -5.0 -10.0 5.0 10.0 5.0 10.0 -5.0
425.0 353.0 4 -10.0 -5.0 -10.0 5.0 10.0 5.0 10.0 -5.0
454.0 100.0 4 -10.0 -5.0 -10.0 5.0 10.0 5.0 10.0 -5.0
301.0 58.0 4 -10.0 -5.0 -10.0 5.0 10.0 5.0 10.0 -5.0
54.0 299.0 4 -10.0 -5.0 -10.0 5.0 10.0 5.0 10.0 -5.0
26.0 299.0 4 -10.0 -5.0 -10.0 5.0 10.0 5.0 10.0 -5.0
307.0 218.0 4 -10.0 -5.0 -10.0 5.0 10.0 5.0 10.0 -5.0
46.0 328.0 4 -10.0 -5.0 -10.0 5.0 10.0 5.0 10.0 -5.0
29.0 308.0 4 -10.0 -5.0 -10.0 5.0 10.0 5.0 10.0 -5.0
403.0 63.0 4 -10.0 -5.0 -10.0 5.0 10.0 5.0 10.0 -5.0
147.0 154.0 4 -10.0 -5.0 -10.0 5.0 10.0 5.0 10.0 -5.0
418.0 42.0 4 -10.0 -5.0 -10.0 5.0 10.0 5.0 10.0 -5.0
158.0 140.0 4 -10.0 -5.0 -10.0 5.0 10.0 5.0 10.0 -5.0
84.0 194.0 4 -10.0 -5.0 -10.0 5.0 10.0 5.0 10.0 -5.0
303.0 352.0 4 -10.0 -5.0 -10.0 5.0 10.0 5.0 10.0 -5.0
193.0 294.0 4 -10.0 -5.0 -10.0 5.0 10.0 5.0 10.0 -5.0
347.0 181.0 4 -10.0 -5.0 -10.0 5.0 10.0 5.0 10.0 -5.0
195.0 159.0 4 -10.0 -5.0 -10.0 5.0 10.0 5.0 10.0 -5.0
25.0 252.0 4 -10.0 -5.0 -10.0 5.0 10.0 5.0 10.0 -5.0
259.0 113.0 4 -10.0 -5.0 -10.0 5.0 10.0 5.0 10.0 -5.0
445.0 370.0 4 -10.0 -5.0 -10.0 5.0 10.0 5.0 10.0 -5.0
409.0 235.0 4 -10.0 -5.0 -10.0 5.0 10.0 5.0 10.0 -5.0
380.0 318.0 4 -10.0 -5.0 -10.0 5.0 10.0 5.0 10.0 -5.0
397.0 288.0 4 -10.0 -5.0 -10.0 5.0 10.0 5.0 10.0 -5.0
460.0 384.0 4 -10.0 -5.0 -10.0 5.0 10.0 5.0 10.0 -5.0
430.0 26.0 4 -10.0 -5.0 -10.0 5.0 10.0 5.0 10.0 -5.0
255.0 69.0 4 -10.0 -5.0 -10.0 5.0 10.0 5.0 10.0 -5.0
81.0 163.0 4 -10.0 -5.0 -10.0 5.0 10.0 5.0 10.0 -5.0
388.0 160.0 4 -10.0 -5.0 -10.0 5.0 10.0 5.0 10.0 -5.0
82.0 230.0 4 -10.0 -5.0 -10.0 5.0 10.0 5.0 10.0 -5.0
252.0 44.0 4 -10.0 -5.0 -10.0 5.0 10.0 5.0 10.0 -5.0
420.0 272.0 4 -10.0 -5.0 -10.0 5.0 10.0 5.0 10.0 -5.0
413.0 349.0 4 -10.0 -5.0 -10.0 5.0 10.0 5.0 10.0 -5.0
407.0 226.0 4 -10.0 -5.0 -10.0 5.0 10.0 5.0 10.0 -5.0
410.0 151.0 4 -10.0 -5.0 -10.0 5.0 10.0 5.0 10.0 -5.0
249.0 25.0 4 -10.0 -5.0 -10.0 5.0 10.0 5.0 10.0 -5.0
422.0 335.0 4 -10.0 -5.0 -10.0 5.0 10.0 5.0 10.0 -5.0
62.0 173.0 4 -10.0 -5.0 -10.0 5.0 10.0 5.0 10.0 -5.0
186.0 135.0 4 -10.0 -5.0 -10.0 5.0 10.0 5.0 10.0 -5.0
175.0 315.0 4 -10.0 -5.0 -10.0 5.0 10.0 5.0 10.0 -5.0
303.0 285.0 4 -10.0 -5.0 -10.0 5.0 10.0 5.0 10.0 -5.0
97.0 189.0 4 -10.0 -5.0 -10.0 5.0 10.0 5.0 10.0 -5.0
176.0 136.0 4 -10.0 -5.0 -10.0 5.0 10.0 5.0 10.0 -5.0
42.0 163.0 4 -10.0 -5.0 -10.0 5.0 10.0 5.0 10.0 -5.0
60.0 242.0 4 -10.0 -5.0 -10.0 5.0 10.0 5.0 10.0 -5.0
378.0 96.0 4 -10.0 -5.0 -10.0 5.0 10.0 5.0 10.0 -5.0
167.0 333.0 4 -10.0 -5.0 -10.0 5.0 10.0 5.0 10.0 -5.0
419.0 344.0 4 -10.0 -5.0 -10.0 5.0 10.0 5.0 10.0 -5.0
220.0 288.0 4 -10.0 -5.0 -10.0 5.0 10.0 5.0 10.0 -5.0
408.0 141.0 4 -10.0 -5.0 -10.0 5.0 10.0 5.0 10.0 -5.0
405.0 352.0 4 -10.0 -5.0 -10.0 5.0 10.0 5.0 10.0 -5.0
449.0 321.0 4 -10.0 -5.0 -10.0 5.0 10.0 5.0 10.0 -5.0
