100
292.0 325.0 4 -10.0 -5.0 -10.0 5.0 10.0 5.0 10.0 -5.0
305.0 332.0 4 -10.0 -5.0 -10.0 5.0 10.0 5.0 10.0 -5.0
260.0 363.0 4 -10.0 -5.0 -10.0 5.0 10.0 5.0 10.0 -5.0
257.0 274.0 4 -10.0 -5.0 -10.0 5.0 10.0 5.0 10.0 -5.0
220.0 227.0 4 -10.0 -5.0 -10.0 5.0 10.0 5.0 10.0 -5.0
352.0 347.0 4 -10.0 -5.0 -10.0 5.0 10.0 5.0 10.0 -5.0
181.0 187.0 4 -10.0 -5.0 -10.0 5.0 10.0 5.0 10.0 -5.0
372.0 392.0 4 -10.0 -5.0 -10.0 5.0 10.0 5.0 10.0 -5.0
255.0 324.0 4 -10.0 -5.0 -10.0 5.0 10.0 5.0 10.0 -5.0
227.0 188.0 4 -10.0 -5.0 -10.0 5.0 10.0 5.0 10.0 -5.0
368.0 422.0 4 -10.0 -5.0 -10.0 5.0 10.0 5.0 10.0 -5.0
239.0 159.0 4 -10.0 -5.0 -10.0 5.0 10.0 5.0 10.0 -5.0
240.0 249.0 4 -10.0 -5.0 -10.0 5.0 10.0 5.0 10.0 -5.0
406.0 354.0 4 -10.0 -5.0 -10.0 5.0 10.0 5.0 10.0 -5.0
145.0 147.0 4 -10.0 -5.0 -10.0 5.0 10.0 5.0 10.0 -5.0
120.0 135.0 4 -10.0 -5.0 -10.0 5.0 10.0 5.0 10.0 -5.0
156.0 167.0 4 -10.0 -5.0 -10.0 5.0 10.0 5.0 10.0 -5.0
241.0 402.0 4 -10.0 -5.0 -10.0 5.0 10.0 5.0 10.0 -5.0
299.0 365.0 4 -10.0 -5.0 -10.0 5.0 10.0 5.0 10.0 -5.0
284.0 356.0 4 -10.0 -5.0 -10.0 5.0 10.0 5.0 10.0 -5.0
389.0 432.0 4 -10.0 -5.0 -10.0 5.0 10.0 5.0 10.0 -5.0
438.0 374.0 4 -10.0 -5.0 -10.0 5.0 10.0 5.0 10.0 -5.0
408.0 463.0 4 -10.0 -5.0 -10.0 5.0 10.0 5.0 10.0 -5.0
378.0 319.0 4 -10.0 -5.0 -10.0 5.0 10.0 5.0 10.0 -5.0
327.0 318.0 4 -10.0 -5.0 -10.0 5.0 10.0 5.0 10.0 -5.0
226.0 383.0 4 -10.0 -5.0 -10.0 5.0 10.0 5.0 10.0 -5.0
108.0 121.0 4 -10.0 -5.0 -10.0 5.0 10.0 5.0 10.0 -5.0
254.0 139.0 4 -10.0 -5.0 -10.0 5.0 10.0 5.0 10.0 -5.0
402.0 292.0 4 -10.0 -5.0 -10.0 5.0 10.0 5.0 10.0 -5.0
149.0 112.0 4 -10.0 -5.0 -10.0 5.0 10.0 5.0 10.0 -5.0
431.0 336.0 4 -10.0 -5.0 -10.0 5.0 10.0 5.0 10.0 -5.0
203.0 171.0 4 -10.0 -5.0 -10.0 5.0 10.0 5.0 10.0 -5.0
125.0 117.0 4 -10.0 -5.0 -10.0 5.0 10.0 5.0 10.0 -5.0
200.0 404.0 4 -10.0 -5.0 -10.0 5.0 10.0 5.0 10.0 -5.0
453.0 357.0 4 -10.0 -5.0 -10.0 5.0 10.0 5.0 10.0 -5.0
462.0 398.0 4 -10.0 -5.0 -10.0 5.0 10.0 5.0 10.0 -5.0
227.0 440.0 4 -10.0 -5.0 -10.0 5.0 10.0 5.0 10.0 -5.0
230.0 309.0 4 -10.0 -5.0 -10.0 5.0 10.0 5.0 10.0 -5.0
251.0 168.0 4 -10.0 -5.0 -10.0 5.0 10.0 5.0 10.0 -5.0
198.0 206.0 4 -10.0 -5.0 -10.0 5.0 10.0 5.0 10.0 -5.0
499.0 363.0 4 -10.0 -5.0 -10.0 5.0 10.0 5.0 10.0 -5.0
187.0 227.0 4 -10.0 -5.0 -10.0 5.0 10.0 5.0 10.0 -5.0
78.0 92.0 4 -10.0 -5.0 -10.0 5.0 10.0 5.0 10.0 -5.0
422.0 487.0 4 -10.0 -5.0 -10.0 5.0 10.0 5.0 10.0 -5.0
221.0 160.0 4 -10.0 -5.0 -10.0 5.0 10.0 5.0 10.0 -5.0
520.0 342.0 4 -10.0 -5.0 -10.0 5.0 10.0 5.0 10.0 -5.0
531.0 378.0 4 -10.0 -5.0 -10.0 5.0 10.0 5.0 10.0 -5.0
182.0 429.0 4 -10.0 -5.0 -10.0 5.0 10.0 5.0 10.0 -5.0
557.0 389.0 4 -10.0 -5.0 -10.0 5.0 10.0 5.0 10.0 -5.0
222.0 324.0 4 -10.0 -5.0 -10.0 5.0 10.0 5.0 10.0 -5.0
422.0 271.0 4 -10.0 -5.0 -10.0 5.0 10.0 5.0 10.0 -5.0
461.0 390.0 4 -10.0 -5.0 -10.0 5.0 10.0 5.0 10.0 -5.0
293.0 401.0 4 -10.0 -5.0 -10.0 5.0 10.0 5.0 10.0 -5.0
55.0 72.0 4 -10.0 -5.0 -10.0 5.0 10.0 5.0 10.0 -5.0
217.0 475.0 4 -10.0 -5.0 -10.0 5.0 10.0 5.0 10.0 -5.0
400.0 407.0 4 -10.0 -5.0 -10.0 5.0 10.0 5.0 10.0 -5.0
483.0 408.0 4 -10.0 -5.0 -10.0 5.0 10.0 5.0 10.0 -5.0
533.0 355.0 4 -10.0 -5.0 -10.0 5.0 10.0 5.0 10.0 -5.0
318.0 388.0 4 -10.0 -5.0 -10.0 5.0 10.0 5.0 10.0 -5.0
207.0 498.0 4 -10.0 -5.0 -10.0 5.0 10.0 5.0 10.0 -5.0
197.0 323.0 4 -10.0 -5.0 -10.0 5.0 10.0 5.0 10.0 -5.0
59.0 61.0 4 -10.0 -5.0 -10.0 5.0 10.0 5.0 10.0 -5.0
523.0 386.0 4 -10.0 -5.0 -10.0 5.0 10.0 5.0 10.0 -5.0
430.0 507.0 4 -10.0 -5.0 -10.0 5.0 10.0 5.0 10.0 -5.0
102.0 99.0 4 -10.0 -5.0 -10.0 5.0 10.0 5.0 10.0 -5.0
300.0 299.0 4 -10.0 -5.0 -10.0 5.0 10.0 5.0 10.0 -5.0
284.0 431.0 4 -10.0 -5.0 -10.0 5.0 10.0 5.0 10.0 -5.0
550.0 332.0 4 -10.0 -5.0 -10.0 5.0 10.0 5.0 10.0 -5.0
452.0 326.0 4 -10.0 -5.0 -10.0 5.0 10.0 5.0 10.0 -5.0
37.0 58.0 4 -10.0 -5.0 -10.0 5.0 10.0 5.0 10.0 -5.0
439.0 253.0 4 -10.0 -5.0 -10.0 5.0 10.0 5.0 10.0 -5.0
178.0 327.0 4 -10.0 -5.0 -10.0 5.0 10.0 5.0 10.0 -5.0
39.0 39.0 4 -10.0 -5.0 -10.0 5.0 10.0 5.0 10.0 -5.0
311.0 421.0 4 -10.0 -5.0 -10.0 5.0 10.0 5.0 10.0 -5.0
228.0 467.0 4 -10.0 -5.0 -10.0 5.0 10.0 5.0 10.0 -5.0
276.0 285.0 4 -10.0 -5.0 -10.0 5.0 10.0 5.0 10.0 -5.0
388.0 464.0 4 -10.0 -5.0 -10.0 5.0 10.0 5.0 10.0 -5.0
234.0 138.0 4 -10.0 -5.0 -10.0 5.0 10.0 5.0 10.0 -5.0
392.0 418.0 4 -10.0 -5.0 -10.0 5.0 10.0 5.0 10.0 -5.0
183.0 418.0 4 -10.0 -5.0 -10.0 5.0 10.0 5.0 10.0 -5.0
554.0 397.0 4 -10.0 -5.0 -10.0 5.0 10.0 5.0 10.0 -5.0
372.0 487.0 4 -10.0 -5.0 -10.0 5.0 10.0 5.0 10.0 -5.0
113.0 89.0 4 -10.0 -5.0 -10.0 5.0 10.0 5.0 10.0 -5.0
233.0 343.0 4 -10.0 -5.0 -10.0 5.0 10.0 5.0 10.0 -5.0
96.0 71.0 4 -10.0 -5.0 -10.0 5.0 10.0 5.0 10.0 -5.0
557.0 368.0 4 -10.0 -5.0 -10.0 5.0 10.0 5.0 10.0 -5.0
343.0 320.0 4 -10.0 -5.0 -10.0 5.0 10.0 5.0 10.0 -5.0
164.0 439.0 4 -10.0 -5.0 -10.0 5.0 10.0 5.0 10.0 -5.0
25.0 25.0 4 -10.0 -5.0 -10.0 5.0 10.0 5.0 10.0 -5.0
269.0 385.0 4 -10.0 -5.0 -10.0 5.0 10.0 5.0 10.0 -5.0
454.0 243.0 4 -10.0 -5.0 -10.0 5.0 10.0 5.0 10.0 -5.0
414.0 434.0 4 -10.0 -5.0 -10.0 5.0 10.0 5.0 10.0 -5.0
246.0 278.0 4 -10.0 -5.0 -10.0 5.0 10.0 5.0 10.0 -5.0
168.0 210.0 4 -10.0 -5.0 -10.0 5.0 10.0 5.0 10.0 -5.0
283.0 451.0 4 -10.0 -5.0 -10.0 5.0 10.0 5.0 10.0 -5.0
157.0 82.0 4 -10.0 -5.0 -10.0 5.0 10.0 5.0 10.0 -5.0
446.0 236.0 4 -10.0 -5.0 -10.0 5.0 10.0 5.0 10.0 -5.0
199.0 516.0 4 -10.0 -5.0 -10.0 5.0 10.0 5.0 10.0 -5.0
156.0 61.0 4 -10.0 -5.0 -10.0 5.0 10.0 5.0 10.0 -5.0
216.0 463.0 4 -10.0 -5.0 -10.0 5.0 10.0 5.0 10.0 -5.0
