100
433.0 61.0 4 -10.0 -5.0 -10.0 5.0 10.0 5.0 10.0 -5.0
286.0 552.0 4 -10.0 -5.0 -10.0 5.0 10.0 5.0 10.0 -5.0
294.0 586.0 4 -10.0 -5.0 -10.0 5.0 10.0 5.0 10.0 -5.0
269.0 574.0 4 -10.0 -5.0 -10.0 5.0 10.0 5.0 10.0 -5.0
247.0 550.0 4 -10.0 -5.0 -10.0 5.0 10.0 5.0 10.0 -5.0
199.0 557.0 4 -10.0 -5.0 -10.0 5.0 10.0 5.0 10.0 -5.0
408.0 79.0 4 -10.0 -5.0 -10.0 5.0 10.0 5.0 10.0 -5.0
394.0 109.0 4 -10.0 -5.0 -10.0 5.0 10.0 5.0 10.0 -5.0
427.0 115.0 4 -10.0 -5.0 -10.0 5.0 10.0 5.0 10.0 -5.0
502.0 74.0 4 -10.0 -5.0 -10.0 5.0 10.0 5.0 10.0 -5.0
158.0 86.0 4 -10.0 -5.0 -10.0 5.0 10.0 5.0 10.0 -5.0
361.0 123.0 4 -10.0 -5.0 -10.0 5.0 10.0 5.0 10.0 -5.0
52.0 52.0 4 -10.0 -5.0 -10.0 5.0 10.0 5.0 10.0 -5.0
157.0 710.0 4 -10.0 -5.0 -10.0 5.0 10.0 5.0 10.0 -5.0
629.0 505.0 4 -10.0 -5.0 -10.0 5.0 10.0 5.0 10.0 -5.0
609.0 527.0 4 -10.0 -5.0 -10.0 5.0 10.0 5.0 10.0 -5.0
435.0 501.0 4 -10.0 -5.0 -10.0 5.0 10.0 5.0 10.0 -5.0
431.0 529.0 4 -10.0 -5.0 -10.0 5.0 10.0 5.0 10.0 -5.0
385.0 531.0 4 -10.0 -5.0 -10.0 5.0 10.0 5.0 10.0 -5.0
103.0 391.0 4 -10.0 -5.0 -10.0 5.0 10.0 5.0 10.0 -5.0
87.0 364.0 4 -10.0 -5.0 -10.0 5.0 10.0 5.0 10.0 -5.0
110.0 345.0 4 -10.0 -5.0 -10.0 5.0 10.0 5.0 10.0 -5.0
128.0 534.0 4 -10.0 -5.0 -10.0 5.0 10.0 5.0 10.0 -5.0
152.0 545.0 4 -10.0 -5.0 -10.0 5.0 10.0 5.0 10.0 -5.0
116.0 561.0 4 -10.0 -5.0 -10.0 5.0 10.0 5.0 10.0 -5.0
80.0 570.0 4 -10.0 -5.0 -10.0 5.0 10.0 5.0 10.0 -5.0
186.0 143.0 4 -10.0 -5.0 -10.0 5.0 10.0 5.0 10.0 -5.0
302.0 623.0 4 -10.0 -5.0 -10.0 5.0 10.0 5.0 10.0 -5.0
40.0 25.0 4 -10.0 -5.0 -10.0 5.0 10.0 5.0 10.0 -5.0
133.0 324.0 4 -10.0 -5.0 -10.0 5.0 10.0 5.0 10.0 -5.0
63.0 474.0 4 -10.0 -5.0 -10.0 5.0 10.0 5.0 10.0 -5.0
364.0 516.0 4 -10.0 -5.0 -10.0 5.0 10.0 5.0 10.0 -5.0
55.0 554.0 4 -10.0 -5.0 -10.0 5.0 10.0 5.0 10.0 -5.0
52.0 525.0 4 -10.0 -5.0 -10.0 5.0 10.0 5.0 10.0 -5.0
71.0 472.0 4 -10.0 -5.0 -10.0 5.0 10.0 5.0 10.0 -5.0
91.0 490.0 4 -10.0 -5.0 -10.0 5.0 10.0 5.0 10.0 -5.0
53.0 581.0 4 -10.0 -5.0 -10.0 5.0 10.0 5.0 10.0 -5.0
25.0 410.0 4 -10.0 -5.0 -10.0 5.0 10.0 5.0 10.0 -5.0
37.0 395.0 4 -10.0 -5.0 -10.0 5.0 10.0 5.0 10.0 -5.0
59.0 377.0 4 -10.0 -5.0 -10.0 5.0 10.0 5.0 10.0 -5.0
138.0 691.0 4 -10.0 -5.0 -10.0 5.0 10.0 5.0 10.0 -5.0
149.0 664.0 4 -10.0 -5.0 -10.0 5.0 10.0 5.0 10.0 -5.0
172.0 633.0 4 -10.0 -5.0 -10.0 5.0 10.0 5.0 10.0 -5.0
158.0 56.0 4 -10.0 -5.0 -10.0 5.0 10.0 5.0 10.0 -5.0
496.0 469.0 4 -10.0 -5.0 -10.0 5.0 10.0 5.0 10.0 -5.0
472.0 480.0 4 -10.0 -5.0 -10.0 5.0 10.0 5.0 10.0 -5.0
75.0 27.0 4 -10.0 -5.0 -10.0 5.0 10.0 5.0 10.0 -5.0
330.0 173.0 4 -10.0 -5.0 -10.0 5.0 10.0 5.0 10.0 -5.0
136.0 630.0 4 -10.0 -5.0 -10.0 5.0 10.0 5.0 10.0 -5.0
164.0 619.0 4 -10.0 -5.0 -10.0 5.0 10.0 5.0 10.0 -5.0
185.0 597.0 4 -10.0 -5.0 -10.0 5.0 10.0 5.0 10.0 -5.0
340.0 532.0 4 -10.0 -5.0 -10.0 5.0 10.0 5.0 10.0 -5.0
80.0 716.0 4 -10.0 -5.0 -10.0 5.0 10.0 5.0 10.0 -5.0
95.0 701.0 4 -10.0 -5.0 -10.0 5.0 10.0 5.0 10.0 -5.0
121.0 684.0 4 -10.0 -5.0 -10.0 5.0 10.0 5.0 10.0 -5.0
363.0 193.0 4 -10.0 -5.0 -10.0 5.0 10.0 5.0 10.0 -5.0
354.0 164.0 4 -10.0 -5.0 -10.0 5.0 10.0 5.0 10.0 -5.0
329.0 142.0 4 -10.0 -5.0 -10.0 5.0 10.0 5.0 10.0 -5.0
655.0 545.0 4 -10.0 -5.0 -10.0 5.0 10.0 5.0 10.0 -5.0
635.0 541.0 4 -10.0 -5.0 -10.0 5.0 10.0 5.0 10.0 -5.0
510.0 540.0 4 -10.0 -5.0 -10.0 5.0 10.0 5.0 10.0 -5.0
471.0 536.0 4 -10.0 -5.0 -10.0 5.0 10.0 5.0 10.0 -5.0
58.0 590.0 4 -10.0 -5.0 -10.0 5.0 10.0 5.0 10.0 -5.0
459.0 112.0 4 -10.0 -5.0 -10.0 5.0 10.0 5.0 10.0 -5.0
153.0 299.0 4 -10.0 -5.0 -10.0 5.0 10.0 5.0 10.0 -5.0
172.0 270.0 4 -10.0 -5.0 -10.0 5.0 10.0 5.0 10.0 -5.0
186.0 238.0 4 -10.0 -5.0 -10.0 5.0 10.0 5.0 10.0 -5.0
198.0 203.0 4 -10.0 -5.0 -10.0 5.0 10.0 5.0 10.0 -5.0
311.0 610.0 4 -10.0 -5.0 -10.0 5.0 10.0 5.0 10.0 -5.0
283.0 604.0 4 -10.0 -5.0 -10.0 5.0 10.0 5.0 10.0 -5.0
579.0 536.0 4 -10.0 -5.0 -10.0 5.0 10.0 5.0 10.0 -5.0
214.0 169.0 4 -10.0 -5.0 -10.0 5.0 10.0 5.0 10.0 -5.0
253.0 159.0 4 -10.0 -5.0 -10.0 5.0 10.0 5.0 10.0 -5.0
290.0 148.0 4 -10.0 -5.0 -10.0 5.0 10.0 5.0 10.0 -5.0
116.0 709.0 4 -10.0 -5.0 -10.0 5.0 10.0 5.0 10.0 -5.0
454.0 505.0 4 -10.0 -5.0 -10.0 5.0 10.0 5.0 10.0 -5.0
452.0 552.0 4 -10.0 -5.0 -10.0 5.0 10.0 5.0 10.0 -5.0
294.0 538.0 4 -10.0 -5.0 -10.0 5.0 10.0 5.0 10.0 -5.0
484.0 96.0 4 -10.0 -5.0 -10.0 5.0 10.0 5.0 10.0 -5.0
167.0 211.0 4 -10.0 -5.0 -10.0 5.0 10.0 5.0 10.0 -5.0
209.0 479.0 4 -10.0 -5.0 -10.0 5.0 10.0 5.0 10.0 -5.0
210.0 498.0 4 -10.0 -5.0 -10.0 5.0 10.0 5.0 10.0 -5.0
203.0 526.0 4 -10.0 -5.0 -10.0 5.0 10.0 5.0 10.0 -5.0
184.0 506.0 4 -10.0 -5.0 -10.0 5.0 10.0 5.0 10.0 -5.0
79.0 513.0 4 -10.0 -5.0 -10.0 5.0 10.0 5.0 10.0 -5.0
116.0 520.0 4 -10.0 -5.0 -10.0 5.0 10.0 5.0 10.0 -5.0
546.0 540.0 4 -10.0 -5.0 -10.0 5.0 10.0 5.0 10.0 -5.0
44.0 460.0 4 -10.0 -5.0 -10.0 5.0 10.0 5.0 10.0 -5.0
25.0 497.0 4 -10.0 -5.0 -10.0 5.0 10.0 5.0 10.0 -5.0
48.0 502.0 4 -10.0 -5.0 -10.0 5.0 10.0 5.0 10.0 -5.0
94.0 583.0 4 -10.0 -5.0 -10.0 5.0 10.0 5.0 10.0 -5.0
108.0 496.0 4 -10.0 -5.0 -10.0 5.0 10.0 5.0 10.0 -5.0
79.0 57.0 4 -10.0 -5.0 -10.0 5.0 10.0 5.0 10.0 -5.0
98.0 82.0 4 -10.0 -5.0 -10.0 5.0 10.0 5.0 10.0 -5.0
125.0 103.0 4 -10.0 -5.0 -10.0 5.0 10.0 5.0 10.0 -5.0
157.0 118.0 4 -10.0 -5.0 -10.0 5.0 10.0 5.0 10.0 -5.0
480.0 492.0 4 -10.0 -5.0 -10.0 5.0 10.0 5.0 10.0 -5.0
317.0 637.0 4 -10.0 -5.0 -10.0 5.0 10.0 5.0 10.0 -5.0
490.0 54.0 4 -10.0 -5.0 -10.0 5.0 10.0 5.0 10.0 -5.0
461.0 52.0 4 -10.0 -5.0 -10.0 5.0 10.0 5.0 10.0 -5.0
