10
84.0 91.0 4 -10.0 -5.0 -10.0 5.0 10.0 5.0 10.0 -5.0
35.0 123.0 4 -10.0 -5.0 -10.0 5.0 10.0 5.0 10.0 -5.0
50.0 95.0 4 -10.0 -5.0 -10.0 5.0 10.0 5.0 10.0 -5.0
90.0 123.0 4 -10.0 -5.0 -10.0 5.0 10.0 5.0 10.0 -5.0
76.0 152.0 4 -10.0 -5.0 -10.0 5.0 10.0 5.0 10.0 -5.0
46.0 153.0 4 -10.0 -5.0 -10.0 5.0 10.0 5.0 10.0 -5.0
157.0 24.0 4 -10.0 -5.0 -10.0 5.0 10.0 5.0 10.0 -5.0
133.0 45.0 4 -10.0 -5.0 -10.0 5.0 10.0 5.0 10.0 -5.0
108.0 68.0 4 -10.0 -5.0 -10.0 5.0 10.0 5.0 10.0 -5.0
25.0 77.0 4 -10.0 -5.0 -10.0 5.0 10.0 5.0 10.0 -5.0
