200
318.0 426.0 4 -10.0 -5.0 -10.0 5.0 10.0 5.0 10.0 -5.0
259.0 386.0 4 -10.0 -5.0 -10.0 5.0 10.0 5.0 10.0 -5.0
298.0 505.0 4 -10.0 -5.0 -10.0 5.0 10.0 5.0 10.0 -5.0
282.0 579.0 4 -10.0 -5.0 -10.0 5.0 10.0 5.0 10.0 -5.0
296.0 632.0 4 -10.0 -5.0 -10.0 5.0 10.0 5.0 10.0 -5.0
325.0 535.0 4 -10.0 -5.0 -10.0 5.0 10.0 5.0 10.0 -5.0
271.0 514.0 4 -10.0 -5.0 -10.0 5.0 10.0 5.0 10.0 -5.0
202.0 348.0 4 -10.0 -5.0 -10.0 5.0 10.0 5.0 10.0 -5.0
319.0 400.0 4 -10.0 -5.0 -10.0 5.0 10.0 5.0 10.0 -5.0
163.0 314.0 4 -10.0 -5.0 -10.0 5.0 10.0 5.0 10.0 -5.0
252.0 633.0 4 -10.0 -5.0 -10.0 5.0 10.0 5.0 10.0 -5.0
305.0 683.0 4 -10.0 -5.0 -10.0 5.0 10.0 5.0 10.0 -5.0
353.0 435.0 4 -10.0 -5.0 -10.0 5.0 10.0 5.0 10.0 -5.0
258.0 534.0 4 -10.0 -5.0 -10.0 5.0 10.0 5.0 10.0 -5.0
298.0 389.0 4 -10.0 -5.0 -10.0 5.0 10.0 5.0 10.0 -5.0
265.0 569.0 4 -10.0 -5.0 -10.0 5.0 10.0 5.0 10.0 -5.0
217.0 547.0 4 -10.0 -5.0 -10.0 5.0 10.0 5.0 10.0 -5.0
282.0 597.0 4 -10.0 -5.0 -10.0 5.0 10.0 5.0 10.0 -5.0
226.0 530.0 4 -10.0 -5.0 -10.0 5.0 10.0 5.0 10.0 -5.0
309.0 723.0 4 -10.0 -5.0 -10.0 5.0 10.0 5.0 10.0 -5.0
178.0 329.0 4 -10.0 -5.0 -10.0 5.0 10.0 5.0 10.0 -5.0
233.0 682.0 4 -10.0 -5.0 -10.0 5.0 10.0 5.0 10.0 -5.0
242.0 560.0 4 -10.0 -5.0 -10.0 5.0 10.0 5.0 10.0 -5.0
301.0 520.0 4 -10.0 -5.0 -10.0 5.0 10.0 5.0 10.0 -5.0
317.0 749.0 4 -10.0 -5.0 -10.0 5.0 10.0 5.0 10.0 -5.0
156.0 323.0 4 -10.0 -5.0 -10.0 5.0 10.0 5.0 10.0 -5.0
383.0 447.0 4 -10.0 -5.0 -10.0 5.0 10.0 5.0 10.0 -5.0
381.0 377.0 4 -10.0 -5.0 -10.0 5.0 10.0 5.0 10.0 -5.0
184.0 560.0 4 -10.0 -5.0 -10.0 5.0 10.0 5.0 10.0 -5.0
443.0 329.0 4 -10.0 -5.0 -10.0 5.0 10.0 5.0 10.0 -5.0
502.0 282.0 4 -10.0 -5.0 -10.0 5.0 10.0 5.0 10.0 -5.0
273.0 558.0 4 -10.0 -5.0 -10.0 5.0 10.0 5.0 10.0 -5.0
560.0 238.0 4 -10.0 -5.0 -10.0 5.0 10.0 5.0 10.0 -5.0
233.0 370.0 4 -10.0 -5.0 -10.0 5.0 10.0 5.0 10.0 -5.0
527.0 264.0 4 -10.0 -5.0 -10.0 5.0 10.0 5.0 10.0 -5.0
576.0 197.0 4 -10.0 -5.0 -10.0 5.0 10.0 5.0 10.0 -5.0
598.0 226.0 4 -10.0 -5.0 -10.0 5.0 10.0 5.0 10.0 -5.0
255.0 350.0 4 -10.0 -5.0 -10.0 5.0 10.0 5.0 10.0 -5.0
200.0 569.0 4 -10.0 -5.0 -10.0 5.0 10.0 5.0 10.0 -5.0
609.0 200.0 4 -10.0 -5.0 -10.0 5.0 10.0 5.0 10.0 -5.0
655.0 165.0 4 -10.0 -5.0 -10.0 5.0 10.0 5.0 10.0 -5.0
280.0 616.0 4 -10.0 -5.0 -10.0 5.0 10.0 5.0 10.0 -5.0
223.0 708.0 4 -10.0 -5.0 -10.0 5.0 10.0 5.0 10.0 -5.0
349.0 558.0 4 -10.0 -5.0 -10.0 5.0 10.0 5.0 10.0 -5.0
398.0 350.0 4 -10.0 -5.0 -10.0 5.0 10.0 5.0 10.0 -5.0
477.0 341.0 4 -10.0 -5.0 -10.0 5.0 10.0 5.0 10.0 -5.0
225.0 389.0 4 -10.0 -5.0 -10.0 5.0 10.0 5.0 10.0 -5.0
123.0 325.0 4 -10.0 -5.0 -10.0 5.0 10.0 5.0 10.0 -5.0
699.0 134.0 4 -10.0 -5.0 -10.0 5.0 10.0 5.0 10.0 -5.0
344.0 397.0 4 -10.0 -5.0 -10.0 5.0 10.0 5.0 10.0 -5.0
128.0 303.0 4 -10.0 -5.0 -10.0 5.0 10.0 5.0 10.0 -5.0
245.0 502.0 4 -10.0 -5.0 -10.0 5.0 10.0 5.0 10.0 -5.0
169.0 585.0 4 -10.0 -5.0 -10.0 5.0 10.0 5.0 10.0 -5.0
739.0 105.0 4 -10.0 -5.0 -10.0 5.0 10.0 5.0 10.0 -5.0
233.0 661.0 4 -10.0 -5.0 -10.0 5.0 10.0 5.0 10.0 -5.0
266.0 609.0 4 -10.0 -5.0 -10.0 5.0 10.0 5.0 10.0 -5.0
150.0 284.0 4 -10.0 -5.0 -10.0 5.0 10.0 5.0 10.0 -5.0
393.0 424.0 4 -10.0 -5.0 -10.0 5.0 10.0 5.0 10.0 -5.0
221.0 659.0 4 -10.0 -5.0 -10.0 5.0 10.0 5.0 10.0 -5.0
103.0 311.0 4 -10.0 -5.0 -10.0 5.0 10.0 5.0 10.0 -5.0
754.0 74.0 4 -10.0 -5.0 -10.0 5.0 10.0 5.0 10.0 -5.0
138.0 284.0 4 -10.0 -5.0 -10.0 5.0 10.0 5.0 10.0 -5.0
330.0 395.0 4 -10.0 -5.0 -10.0 5.0 10.0 5.0 10.0 -5.0
509.0 348.0 4 -10.0 -5.0 -10.0 5.0 10.0 5.0 10.0 -5.0
156.0 563.0 4 -10.0 -5.0 -10.0 5.0 10.0 5.0 10.0 -5.0
258.0 320.0 4 -10.0 -5.0 -10.0 5.0 10.0 5.0 10.0 -5.0
218.0 719.0 4 -10.0 -5.0 -10.0 5.0 10.0 5.0 10.0 -5.0
592.0 173.0 4 -10.0 -5.0 -10.0 5.0 10.0 5.0 10.0 -5.0
190.0 545.0 4 -10.0 -5.0 -10.0 5.0 10.0 5.0 10.0 -5.0
769.0 79.0 4 -10.0 -5.0 -10.0 5.0 10.0 5.0 10.0 -5.0
296.0 717.0 4 -10.0 -5.0 -10.0 5.0 10.0 5.0 10.0 -5.0
408.0 455.0 4 -10.0 -5.0 -10.0 5.0 10.0 5.0 10.0 -5.0
331.0 520.0 4 -10.0 -5.0 -10.0 5.0 10.0 5.0 10.0 -5.0
329.0 366.0 4 -10.0 -5.0 -10.0 5.0 10.0 5.0 10.0 -5.0
132.0 293.0 4 -10.0 -5.0 -10.0 5.0 10.0 5.0 10.0 -5.0
227.0 716.0 4 -10.0 -5.0 -10.0 5.0 10.0 5.0 10.0 -5.0
110.0 322.0 4 -10.0 -5.0 -10.0 5.0 10.0 5.0 10.0 -5.0
596.0 248.0 4 -10.0 -5.0 -10.0 5.0 10.0 5.0 10.0 -5.0
238.0 586.0 4 -10.0 -5.0 -10.0 5.0 10.0 5.0 10.0 -5.0
204.0 688.0 4 -10.0 -5.0 -10.0 5.0 10.0 5.0 10.0 -5.0
170.0 354.0 4 -10.0 -5.0 -10.0 5.0 10.0 5.0 10.0 -5.0
633.0 218.0 4 -10.0 -5.0 -10.0 5.0 10.0 5.0 10.0 -5.0
240.0 524.0 4 -10.0 -5.0 -10.0 5.0 10.0 5.0 10.0 -5.0
227.0 743.0 4 -10.0 -5.0 -10.0 5.0 10.0 5.0 10.0 -5.0
207.0 524.0 4 -10.0 -5.0 -10.0 5.0 10.0 5.0 10.0 -5.0
336.0 567.0 4 -10.0 -5.0 -10.0 5.0 10.0 5.0 10.0 -5.0
290.0 746.0 4 -10.0 -5.0 -10.0 5.0 10.0 5.0 10.0 -5.0
329.0 705.0 4 -10.0 -5.0 -10.0 5.0 10.0 5.0 10.0 -5.0
304.0 759.0 4 -10.0 -5.0 -10.0 5.0 10.0 5.0 10.0 -5.0
331.0 351.0 4 -10.0 -5.0 -10.0 5.0 10.0 5.0 10.0 -5.0
258.0 302.0 4 -10.0 -5.0 -10.0 5.0 10.0 5.0 10.0 -5.0
108.0 267.0 4 -10.0 -5.0 -10.0 5.0 10.0 5.0 10.0 -5.0
253.0 668.0 4 -10.0 -5.0 -10.0 5.0 10.0 5.0 10.0 -5.0
365.0 570.0 4 -10.0 -5.0 -10.0 5.0 10.0 5.0 10.0 -5.0
407.0 445.0 4 -10.0 -5.0 -10.0 5.0 10.0 5.0 10.0 -5.0
344.0 727.0 4 -10.0 -5.0 -10.0 5.0 10.0 5.0 10.0 -5.0
81.0 248.0 4 -10.0 -5.0 -10.0 5.0 10.0 5.0 10.0 -5.0
130.0 572.0 4 -10.0 -5.0 -10.0 5.0 10.0 5.0 10.0 -5.0
471.0 312.0 4 -10.0 -5.0 -10.0 5.0 10.0 5.0 10.0 -5.0
214.0 711.0 4 -10.0 -5.0 -10.0 5.0 10.0 5.0 10.0 -5.0
423.0 444.0 4 -10.0 -5.0 -10.0 5.0 10.0 5.0 10.0 -5.0
290.0 478.0 4 -10.0 -5.0 -10.0 5.0 10.0 5.0 10.0 -5.0
246.0 689.0 4 -10.0 -5.0 -10.0 5.0 10.0 5.0 10.0 -5.0
773.0 97.0 4 -10.0 -5.0 -10.0 5.0 10.0 5.0 10.0 -5.0
311.0 788.0 4 -10.0 -5.0 -10.0 5.0 10.0 5.0 10.0 -5.0
657.0 225.0 4 -10.0 -5.0 -10.0 5.0 10.0 5.0 10.0 -5.0
300.0 614.0 4 -10.0 -5.0 -10.0 5.0 10.0 5.0 10.0 -5.0
320.0 371.0 4 -10.0 -5.0 -10.0 5.0 10.0 5.0 10.0 -5.0
273.0 388.0 4 -10.0 -5.0 -10.0 5.0 10.0 5.0 10.0 -5.0
347.0 370.0 4 -10.0 -5.0 -10.0 5.0 10.0 5.0 10.0 -5.0
299.0 565.0 4 -10.0 -5.0 -10.0 5.0 10.0 5.0 10.0 -5.0
578.0 212.0 4 -10.0 -5.0 -10.0 5.0 10.0 5.0 10.0 -5.0
530.0 351.0 4 -10.0 -5.0 -10.0 5.0 10.0 5.0 10.0 -5.0
457.0 303.0 4 -10.0 -5.0 -10.0 5.0 10.0 5.0 10.0 -5.0
232.0 338.0 4 -10.0 -5.0 -10.0 5.0 10.0 5.0 10.0 -5.0
502.0 346.0 4 -10.0 -5.0 -10.0 5.0 10.0 5.0 10.0 -5.0
634.0 177.0 4 -10.0 -5.0 -10.0 5.0 10.0 5.0 10.0 -5.0
301.0 444.0 4 -10.0 -5.0 -10.0 5.0 10.0 5.0 10.0 -5.0
81.0 318.0 4 -10.0 -5.0 -10.0 5.0 10.0 5.0 10.0 -5.0
802.0 97.0 4 -10.0 -5.0 -10.0 5.0 10.0 5.0 10.0 -5.0
109.0 282.0 4 -10.0 -5.0 -10.0 5.0 10.0 5.0 10.0 -5.0
72.0 311.0 4 -10.0 -5.0 -10.0 5.0 10.0 5.0 10.0 -5.0
215.0 745.0 4 -10.0 -5.0 -10.0 5.0 10.0 5.0 10.0 -5.0
263.0 327.0 4 -10.0 -5.0 -10.0 5.0 10.0 5.0 10.0 -5.0
281.0 741.0 4 -10.0 -5.0 -10.0 5.0 10.0 5.0 10.0 -5.0
230.0 552.0 4 -10.0 -5.0 -10.0 5.0 10.0 5.0 10.0 -5.0
303.0 787.0 4 -10.0 -5.0 -10.0 5.0 10.0 5.0 10.0 -5.0
365.0 581.0 4 -10.0 -5.0 -10.0 5.0 10.0 5.0 10.0 -5.0
183.0 711.0 4 -10.0 -5.0 -10.0 5.0 10.0 5.0 10.0 -5.0
629.0 247.0 4 -10.0 -5.0 -10.0 5.0 10.0 5.0 10.0 -5.0
752.0 79.0 4 -10.0 -5.0 -10.0 5.0 10.0 5.0 10.0 -5.0
100.0 283.0 4 -10.0 -5.0 -10.0 5.0 10.0 5.0 10.0 -5.0
584.0 166.0 4 -10.0 -5.0 -10.0 5.0 10.0 5.0 10.0 -5.0
770.0 112.0 4 -10.0 -5.0 -10.0 5.0 10.0 5.0 10.0 -5.0
222.0 581.0 4 -10.0 -5.0 -10.0 5.0 10.0 5.0 10.0 -5.0
338.0 731.0 4 -10.0 -5.0 -10.0 5.0 10.0 5.0 10.0 -5.0
145.0 348.0 4 -10.0 -5.0 -10.0 5.0 10.0 5.0 10.0 -5.0
562.0 208.0 4 -10.0 -5.0 -10.0 5.0 10.0 5.0 10.0 -5.0
440.0 299.0 4 -10.0 -5.0 -10.0 5.0 10.0 5.0 10.0 -5.0
247.0 322.0 4 -10.0 -5.0 -10.0 5.0 10.0 5.0 10.0 -5.0
80.0 265.0 4 -10.0 -5.0 -10.0 5.0 10.0 5.0 10.0 -5.0
348.0 588.0 4 -10.0 -5.0 -10.0 5.0 10.0 5.0 10.0 -5.0
195.0 730.0 4 -10.0 -5.0 -10.0 5.0 10.0 5.0 10.0 -5.0
138.0 252.0 4 -10.0 -5.0 -10.0 5.0 10.0 5.0 10.0 -5.0
112.0 238.0 4 -10.0 -5.0 -10.0 5.0 10.0 5.0 10.0 -5.0
649.0 199.0 4 -10.0 -5.0 -10.0 5.0 10.0 5.0 10.0 -5.0
200.0 741.0 4 -10.0 -5.0 -10.0 5.0 10.0 5.0 10.0 -5.0
588.0 238.0 4 -10.0 -5.0 -10.0 5.0 10.0 5.0 10.0 -5.0
327.0 586.0 4 -10.0 -5.0 -10.0 5.0 10.0 5.0 10.0 -5.0
380.0 602.0 4 -10.0 -5.0 -10.0 5.0 10.0 5.0 10.0 -5.0
662.0 216.0 4 -10.0 -5.0 -10.0 5.0 10.0 5.0 10.0 -5.0
819.0 88.0 4 -10.0 -5.0 -10.0 5.0 10.0 5.0 10.0 -5.0
47.0 301.0 4 -10.0 -5.0 -10.0 5.0 10.0 5.0 10.0 -5.0
598.0 169.0 4 -10.0 -5.0 -10.0 5.0 10.0 5.0 10.0 -5.0
513.0 253.0 4 -10.0 -5.0 -10.0 5.0 10.0 5.0 10.0 -5.0
241.0 301.0 4 -10.0 -5.0 -10.0 5.0 10.0 5.0 10.0 -5.0
204.0 319.0 4 -10.0 -5.0 -10.0 5.0 10.0 5.0 10.0 -5.0
427.0 462.0 4 -10.0 -5.0 -10.0 5.0 10.0 5.0 10.0 -5.0
311.0 608.0 4 -10.0 -5.0 -10.0 5.0 10.0 5.0 10.0 -5.0
98.0 296.0 4 -10.0 -5.0 -10.0 5.0 10.0 5.0 10.0 -5.0
531.0 236.0 4 -10.0 -5.0 -10.0 5.0 10.0 5.0 10.0 -5.0
196.0 388.0 4 -10.0 -5.0 -10.0 5.0 10.0 5.0 10.0 -5.0
177.0 379.0 4 -10.0 -5.0 -10.0 5.0 10.0 5.0 10.0 -5.0
148.0 606.0 4 -10.0 -5.0 -10.0 5.0 10.0 5.0 10.0 -5.0
25.0 297.0 4 -10.0 -5.0 -10.0 5.0 10.0 5.0 10.0 -5.0
499.0 307.0 4 -10.0 -5.0 -10.0 5.0 10.0 5.0 10.0 -5.0
80.0 288.0 4 -10.0 -5.0 -10.0 5.0 10.0 5.0 10.0 -5.0
442.0 469.0 4 -10.0 -5.0 -10.0 5.0 10.0 5.0 10.0 -5.0
273.0 643.0 4 -10.0 -5.0 -10.0 5.0 10.0 5.0 10.0 -5.0
352.0 533.0 4 -10.0 -5.0 -10.0 5.0 10.0 5.0 10.0 -5.0
162.0 729.0 4 -10.0 -5.0 -10.0 5.0 10.0 5.0 10.0 -5.0
768.0 59.0 4 -10.0 -5.0 -10.0 5.0 10.0 5.0 10.0 -5.0
151.0 330.0 4 -10.0 -5.0 -10.0 5.0 10.0 5.0 10.0 -5.0
623.0 245.0 4 -10.0 -5.0 -10.0 5.0 10.0 5.0 10.0 -5.0
263.0 639.0 4 -10.0 -5.0 -10.0 5.0 10.0 5.0 10.0 -5.0
125.0 226.0 4 -10.0 -5.0 -10.0 5.0 10.0 5.0 10.0 -5.0
546.0 354.0 4 -10.0 -5.0 -10.0 5.0 10.0 5.0 10.0 -5.0
343.0 594.0 4 -10.0 -5.0 -10.0 5.0 10.0 5.0 10.0 -5.0
524.0 316.0 4 -10.0 -5.0 -10.0 5.0 10.0 5.0 10.0 -5.0
792.0 53.0 4 -10.0 -5.0 -10.0 5.0 10.0 5.0 10.0 -5.0
600.0 145.0 4 -10.0 -5.0 -10.0 5.0 10.0 5.0 10.0 -5.0
225.0 501.0 4 -10.0 -5.0 -10.0 5.0 10.0 5.0 10.0 -5.0
647.0 247.0 4 -10.0 -5.0 -10.0 5.0 10.0 5.0 10.0 -5.0
136.0 225.0 4 -10.0 -5.0 -10.0 5.0 10.0 5.0 10.0 -5.0
611.0 150.0 4 -10.0 -5.0 -10.0 5.0 10.0 5.0 10.0 -5.0
325.0 563.0 4 -10.0 -5.0 -10.0 5.0 10.0 5.0 10.0 -5.0
677.0 140.0 4 -10.0 -5.0 -10.0 5.0 10.0 5.0 10.0 -5.0
186.0 407.0 4 -10.0 -5.0 -10.0 5.0 10.0 5.0 10.0 -5.0
811.0 37.0 4 -10.0 -5.0 -10.0 5.0 10.0 5.0 10.0 -5.0
592.0 139.0 4 -10.0 -5.0 -10.0 5.0 10.0 5.0 10.0 -5.0
45.0 310.0 4 -10.0 -5.0 -10.0 5.0 10.0 5.0 10.0 -5.0
479.0 287.0 4 -10.0 -5.0 -10.0 5.0 10.0 5.0 10.0 -5.0
63.0 227.0 4 -10.0 -5.0 -10.0 5.0 10.0 5.0 10.0 -5.0
186.0 304.0 4 -10.0 -5.0 -10.0 5.0 10.0 5.0 10.0 -5.0
223.0 682.0 4 -10.0 -5.0 -10.0 5.0 10.0 5.0 10.0 -5.0
453.0 277.0 4 -10.0 -5.0 -10.0 5.0 10.0 5.0 10.0 -5.0
316.0 486.0 4 -10.0 -5.0 -10.0 5.0 10.0 5.0 10.0 -5.0
827.0 25.0 4 -10.0 -5.0 -10.0 5.0 10.0 5.0 10.0 -5.0
540.0 314.0 4 -10.0 -5.0 -10.0 5.0 10.0 5.0 10.0 -5.0
621.0 152.0 4 -10.0 -5.0 -10.0 5.0 10.0 5.0 10.0 -5.0
