20
88.0 87.0 4 -10.0 -5.0 -10.0 5.0 10.0 5.0 10.0 -5.0
112.0 33.0 4 -10.0 -5.0 -10.0 5.0 10.0 5.0 10.0 -5.0
89.0 64.0 4 -10.0 -5.0 -10.0 5.0 10.0 5.0 10.0 -5.0
25.0 81.0 4 -10.0 -5.0 -10.0 5.0 10.0 5.0 10.0 -5.0
42.0 111.0 4 -10.0 -5.0 -10.0 5.0 10.0 5.0 10.0 -5.0
70.0 67.0 4 -10.0 -5.0 -10.0 5.0 10.0 5.0 10.0 -5.0
50.0 89.0 4 -10.0 -5.0 -10.0 5.0 10.0 5.0 10.0 -5.0
100.0 70.0 4 -10.0 -5.0 -10.0 5.0 10.0 5.0 10.0 -5.0
80.0 40.0 4 -10.0 -5.0 -10.0 5.0 10.0 5.0 10.0 -5.0
45.0 59.0 4 -10.0 -5.0 -10.0 5.0 10.0 5.0 10.0 -5.0
59.0 69.0 4 -10.0 -5.0 -10.0 5.0 10.0 5.0 10.0 -5.0
53.0 97.0 4 -10.0 -5.0 -10.0 5.0 10.0 5.0 10.0 -5.0
34.0 77.0 4 -10.0 -5.0 -10.0 5.0 10.0 5.0 10.0 -5.0
62.0 61.0 4 -10.0 -5.0 -10.0 5.0 10.0 5.0 10.0 -5.0
56.0 53.0 4 -10.0 -5.0 -10.0 5.0 10.0 5.0 10.0 -5.0
71.0 85.0 4 -10.0 -5.0 -10.0 5.0 10.0 5.0 10.0 -5.0
91.0 108.0 4 -10.0 -5.0 -10.0 5.0 10.0 5.0 10.0 -5.0
77.0 25.0 4 -10.0 -5.0 -10.0 5.0 10.0 5.0 10.0 -5.0
65.0 90.0 4 -10.0 -5.0 -10.0 5.0 10.0 5.0 10.0 -5.0
79.0 98.0 4 -10.0 -5.0 -10.0 5.0 10.0 5.0 10.0 -5.0
