500
87.0 91.0 4 -10.0 -5.0 -10.0 5.0 10.0 5.0 10.0 -5.0
151.0 110.0 4 -10.0 -5.0 -10.0 5.0 10.0 5.0 10.0 -5.0
105.0 135.0 4 -10.0 -5.0 -10.0 5.0 10.0 5.0 10.0 -5.0
146.0 192.0 4 -10.0 -5.0 -10.0 5.0 10.0 5.0 10.0 -5.0
182.0 148.0 4 -10.0 -5.0 -10.0 5.0 10.0 5.0 10.0 -5.0
156.0 101.0 4 -10.0 -5.0 -10.0 5.0 10.0 5.0 10.0 -5.0
160.0 60.0 4 -10.0 -5.0 -10.0 5.0 10.0 5.0 10.0 -5.0
189.0 111.0 4 -10.0 -5.0 -10.0 5.0 10.0 5.0 10.0 -5.0
84.0 106.0 4 -10.0 -5.0 -10.0 5.0 10.0 5.0 10.0 -5.0
132.0 80.0 4 -10.0 -5.0 -10.0 5.0 10.0 5.0 10.0 -5.0
87.0 80.0 4 -10.0 -5.0 -10.0 5.0 10.0 5.0 10.0 -5.0
106.0 106.0 4 -10.0 -5.0 -10.0 5.0 10.0 5.0 10.0 -5.0
117.0 120.0 4 -10.0 -5.0 -10.0 5.0 10.0 5.0 10.0 -5.0
158.0 88.0 4 -10.0 -5.0 -10.0 5.0 10.0 5.0 10.0 -5.0
112.0 67.0 4 -10.0 -5.0 -10.0 5.0 10.0 5.0 10.0 -5.0
154.0 121.0 4 -10.0 -5.0 -10.0 5.0 10.0 5.0 10.0 -5.0
123.0 146.0 4 -10.0 -5.0 -10.0 5.0 10.0 5.0 10.0 -5.0
93.0 69.0 4 -10.0 -5.0 -10.0 5.0 10.0 5.0 10.0 -5.0
195.0 176.0 4 -10.0 -5.0 -10.0 5.0 10.0 5.0 10.0 -5.0
124.0 120.0 4 -10.0 -5.0 -10.0 5.0 10.0 5.0 10.0 -5.0
152.0 124.0 4 -10.0 -5.0 -10.0 5.0 10.0 5.0 10.0 -5.0
146.0 179.0 4 -10.0 -5.0 -10.0 5.0 10.0 5.0 10.0 -5.0
86.0 118.0 4 -10.0 -5.0 -10.0 5.0 10.0 5.0 10.0 -5.0
157.0 118.0 4 -10.0 -5.0 -10.0 5.0 10.0 5.0 10.0 -5.0
97.0 121.0 4 -10.0 -5.0 -10.0 5.0 10.0 5.0 10.0 -5.0
102.0 116.0 4 -10.0 -5.0 -10.0 5.0 10.0 5.0 10.0 -5.0
172.0 129.0 4 -10.0 -5.0 -10.0 5.0 10.0 5.0 10.0 -5.0
96.0 144.0 4 -10.0 -5.0 -10.0 5.0 10.0 5.0 10.0 -5.0
127.0 69.0 4 -10.0 -5.0 -10.0 5.0 10.0 5.0 10.0 -5.0
77.0 141.0 4 -10.0 -5.0 -10.0 5.0 10.0 5.0 10.0 -5.0
195.0 95.0 4 -10.0 -5.0 -10.0 5.0 10.0 5.0 10.0 -5.0
120.0 85.0 4 -10.0 -5.0 -10.0 5.0 10.0 5.0 10.0 -5.0
123.0 107.0 4 -10.0 -5.0 -10.0 5.0 10.0 5.0 10.0 -5.0
144.0 151.0 4 -10.0 -5.0 -10.0 5.0 10.0 5.0 10.0 -5.0
167.0 99.0 4 -10.0 -5.0 -10.0 5.0 10.0 5.0 10.0 -5.0
159.0 112.0 4 -10.0 -5.0 -10.0 5.0 10.0 5.0 10.0 -5.0
145.0 77.0 4 -10.0 -5.0 -10.0 5.0 10.0 5.0 10.0 -5.0
93.0 148.0 4 -10.0 -5.0 -10.0 5.0 10.0 5.0 10.0 -5.0
100.0 98.0 4 -10.0 -5.0 -10.0 5.0 10.0 5.0 10.0 -5.0
141.0 56.0 4 -10.0 -5.0 -10.0 5.0 10.0 5.0 10.0 -5.0
128.0 142.0 4 -10.0 -5.0 -10.0 5.0 10.0 5.0 10.0 -5.0
155.0 161.0 4 -10.0 -5.0 -10.0 5.0 10.0 5.0 10.0 -5.0
146.0 48.0 4 -10.0 -5.0 -10.0 5.0 10.0 5.0 10.0 -5.0
125.0 135.0 4 -10.0 -5.0 -10.0 5.0 10.0 5.0 10.0 -5.0
195.0 144.0 4 -10.0 -5.0 -10.0 5.0 10.0 5.0 10.0 -5.0
134.0 135.0 4 -10.0 -5.0 -10.0 5.0 10.0 5.0 10.0 -5.0
146.0 95.0 4 -10.0 -5.0 -10.0 5.0 10.0 5.0 10.0 -5.0
201.0 78.0 4 -10.0 -5.0 -10.0 5.0 10.0 5.0 10.0 -5.0
93.0 110.0 4 -10.0 -5.0 -10.0 5.0 10.0 5.0 10.0 -5.0
160.0 129.0 4 -10.0 -5.0 -10.0 5.0 10.0 5.0 10.0 -5.0
120.0 129.0 4 -10.0 -5.0 -10.0 5.0 10.0 5.0 10.0 -5.0
115.0 103.0 4 -10.0 -5.0 -10.0 5.0 10.0 5.0 10.0 -5.0
174.0 135.0 4 -10.0 -5.0 -10.0 5.0 10.0 5.0 10.0 -5.0
120.0 107.0 4 -10.0 -5.0 -10.0 5.0 10.0 5.0 10.0 -5.0
100.0 136.0 4 -10.0 -5.0 -10.0 5.0 10.0 5.0 10.0 -5.0
139.0 154.0 4 -10.0 -5.0 -10.0 5.0 10.0 5.0 10.0 -5.0
153.0 92.0 4 -10.0 -5.0 -10.0 5.0 10.0 5.0 10.0 -5.0
100.0 114.0 4 -10.0 -5.0 -10.0 5.0 10.0 5.0 10.0 -5.0
97.0 103.0 4 -10.0 -5.0 -10.0 5.0 10.0 5.0 10.0 -5.0
151.0 134.0 4 -10.0 -5.0 -10.0 5.0 10.0 5.0 10.0 -5.0
120.0 115.0 4 -10.0 -5.0 -10.0 5.0 10.0 5.0 10.0 -5.0
161.0 116.0 4 -10.0 -5.0 -10.0 5.0 10.0 5.0 10.0 -5.0
112.0 160.0 4 -10.0 -5.0 -10.0 5.0 10.0 5.0 10.0 -5.0
128.0 110.0 4 -10.0 -5.0 -10.0 5.0 10.0 5.0 10.0 -5.0
102.0 87.0 4 -10.0 -5.0 -10.0 5.0 10.0 5.0 10.0 -5.0
93.0 84.0 4 -10.0 -5.0 -10.0 5.0 10.0 5.0 10.0 -5.0
185.0 146.0 4 -10.0 -5.0 -10.0 5.0 10.0 5.0 10.0 -5.0
180.0 91.0 4 -10.0 -5.0 -10.0 5.0 10.0 5.0 10.0 -5.0
123.0 75.0 4 -10.0 -5.0 -10.0 5.0 10.0 5.0 10.0 -5.0
157.0 133.0 4 -10.0 -5.0 -10.0 5.0 10.0 5.0 10.0 -5.0
176.0 118.0 4 -10.0 -5.0 -10.0 5.0 10.0 5.0 10.0 -5.0
155.0 106.0 4 -10.0 -5.0 -10.0 5.0 10.0 5.0 10.0 -5.0
149.0 96.0 4 -10.0 -5.0 -10.0 5.0 10.0 5.0 10.0 -5.0
148.0 73.0 4 -10.0 -5.0 -10.0 5.0 10.0 5.0 10.0 -5.0
74.0 116.0 4 -10.0 -5.0 -10.0 5.0 10.0 5.0 10.0 -5.0
171.0 60.0 4 -10.0 -5.0 -10.0 5.0 10.0 5.0 10.0 -5.0
135.0 125.0 4 -10.0 -5.0 -10.0 5.0 10.0 5.0 10.0 -5.0
155.0 95.0 4 -10.0 -5.0 -10.0 5.0 10.0 5.0 10.0 -5.0
114.0 107.0 4 -10.0 -5.0 -10.0 5.0 10.0 5.0 10.0 -5.0
154.0 114.0 4 -10.0 -5.0 -10.0 5.0 10.0 5.0 10.0 -5.0
140.0 110.0 4 -10.0 -5.0 -10.0 5.0 10.0 5.0 10.0 -5.0
158.0 155.0 4 -10.0 -5.0 -10.0 5.0 10.0 5.0 10.0 -5.0
66.0 41.0 4 -10.0 -5.0 -10.0 5.0 10.0 5.0 10.0 -5.0
106.0 138.0 4 -10.0 -5.0 -10.0 5.0 10.0 5.0 10.0 -5.0
132.0 54.0 4 -10.0 -5.0 -10.0 5.0 10.0 5.0 10.0 -5.0
117.0 67.0 4 -10.0 -5.0 -10.0 5.0 10.0 5.0 10.0 -5.0
131.0 118.0 4 -10.0 -5.0 -10.0 5.0 10.0 5.0 10.0 -5.0
141.0 112.0 4 -10.0 -5.0 -10.0 5.0 10.0 5.0 10.0 -5.0
145.0 103.0 4 -10.0 -5.0 -10.0 5.0 10.0 5.0 10.0 -5.0
141.0 90.0 4 -10.0 -5.0 -10.0 5.0 10.0 5.0 10.0 -5.0
161.0 92.0 4 -10.0 -5.0 -10.0 5.0 10.0 5.0 10.0 -5.0
70.0 129.0 4 -10.0 -5.0 -10.0 5.0 10.0 5.0 10.0 -5.0
154.0 97.0 4 -10.0 -5.0 -10.0 5.0 10.0 5.0 10.0 -5.0
158.0 99.0 4 -10.0 -5.0 -10.0 5.0 10.0 5.0 10.0 -5.0
198.0 72.0 4 -10.0 -5.0 -10.0 5.0 10.0 5.0 10.0 -5.0
97.0 117.0 4 -10.0 -5.0 -10.0 5.0 10.0 5.0 10.0 -5.0
150.0 107.0 4 -10.0 -5.0 -10.0 5.0 10.0 5.0 10.0 -5.0
152.0 68.0 4 -10.0 -5.0 -10.0 5.0 10.0 5.0 10.0 -5.0
114.0 166.0 4 -10.0 -5.0 -10.0 5.0 10.0 5.0 10.0 -5.0
117.0 151.0 4 -10.0 -5.0 -10.0 5.0 10.0 5.0 10.0 -5.0
122.0 138.0 4 -10.0 -5.0 -10.0 5.0 10.0 5.0 10.0 -5.0
153.0 74.0 4 -10.0 -5.0 -10.0 5.0 10.0 5.0 10.0 -5.0
197.0 130.0 4 -10.0 -5.0 -10.0 5.0 10.0 5.0 10.0 -5.0
102.0 100.0 4 -10.0 -5.0 -10.0 5.0 10.0 5.0 10.0 -5.0
108.0 181.0 4 -10.0 -5.0 -10.0 5.0 10.0 5.0 10.0 -5.0
128.0 119.0 4 -10.0 -5.0 -10.0 5.0 10.0 5.0 10.0 -5.0
152.0 64.0 4 -10.0 -5.0 -10.0 5.0 10.0 5.0 10.0 -5.0
160.0 148.0 4 -10.0 -5.0 -10.0 5.0 10.0 5.0 10.0 -5.0
134.0 57.0 4 -10.0 -5.0 -10.0 5.0 10.0 5.0 10.0 -5.0
123.0 165.0 4 -10.0 -5.0 -10.0 5.0 10.0 5.0 10.0 -5.0
108.0 63.0 4 -10.0 -5.0 -10.0 5.0 10.0 5.0 10.0 -5.0
124.0 141.0 4 -10.0 -5.0 -10.0 5.0 10.0 5.0 10.0 -5.0
184.0 82.0 4 -10.0 -5.0 -10.0 5.0 10.0 5.0 10.0 -5.0
155.0 118.0 4 -10.0 -5.0 -10.0 5.0 10.0 5.0 10.0 -5.0
139.0 135.0 4 -10.0 -5.0 -10.0 5.0 10.0 5.0 10.0 -5.0
171.0 119.0 4 -10.0 -5.0 -10.0 5.0 10.0 5.0 10.0 -5.0
123.0 71.0 4 -10.0 -5.0 -10.0 5.0 10.0 5.0 10.0 -5.0
125.0 122.0 4 -10.0 -5.0 -10.0 5.0 10.0 5.0 10.0 -5.0
140.0 92.0 4 -10.0 -5.0 -10.0 5.0 10.0 5.0 10.0 -5.0
127.0 83.0 4 -10.0 -5.0 -10.0 5.0 10.0 5.0 10.0 -5.0
147.0 82.0 4 -10.0 -5.0 -10.0 5.0 10.0 5.0 10.0 -5.0
128.0 80.0 4 -10.0 -5.0 -10.0 5.0 10.0 5.0 10.0 -5.0
99.0 150.0 4 -10.0 -5.0 -10.0 5.0 10.0 5.0 10.0 -5.0
166.0 145.0 4 -10.0 -5.0 -10.0 5.0 10.0 5.0 10.0 -5.0
160.0 80.0 4 -10.0 -5.0 -10.0 5.0 10.0 5.0 10.0 -5.0
143.0 115.0 4 -10.0 -5.0 -10.0 5.0 10.0 5.0 10.0 -5.0
170.0 102.0 4 -10.0 -5.0 -10.0 5.0 10.0 5.0 10.0 -5.0
134.0 70.0 4 -10.0 -5.0 -10.0 5.0 10.0 5.0 10.0 -5.0
120.0 66.0 4 -10.0 -5.0 -10.0 5.0 10.0 5.0 10.0 -5.0
99.0 94.0 4 -10.0 -5.0 -10.0 5.0 10.0 5.0 10.0 -5.0
194.0 85.0 4 -10.0 -5.0 -10.0 5.0 10.0 5.0 10.0 -5.0
154.0 149.0 4 -10.0 -5.0 -10.0 5.0 10.0 5.0 10.0 -5.0
179.0 121.0 4 -10.0 -5.0 -10.0 5.0 10.0 5.0 10.0 -5.0
124.0 59.0 4 -10.0 -5.0 -10.0 5.0 10.0 5.0 10.0 -5.0
190.0 95.0 4 -10.0 -5.0 -10.0 5.0 10.0 5.0 10.0 -5.0
164.0 99.0 4 -10.0 -5.0 -10.0 5.0 10.0 5.0 10.0 -5.0
89.0 145.0 4 -10.0 -5.0 -10.0 5.0 10.0 5.0 10.0 -5.0
88.0 72.0 4 -10.0 -5.0 -10.0 5.0 10.0 5.0 10.0 -5.0
133.0 95.0 4 -10.0 -5.0 -10.0 5.0 10.0 5.0 10.0 -5.0
187.0 104.0 4 -10.0 -5.0 -10.0 5.0 10.0 5.0 10.0 -5.0
171.0 109.0 4 -10.0 -5.0 -10.0 5.0 10.0 5.0 10.0 -5.0
132.0 130.0 4 -10.0 -5.0 -10.0 5.0 10.0 5.0 10.0 -5.0
101.0 163.0 4 -10.0 -5.0 -10.0 5.0 10.0 5.0 10.0 -5.0
25.0 25.0 4 -10.0 -5.0 -10.0 5.0 10.0 5.0 10.0 -5.0
135.0 109.0 4 -10.0 -5.0 -10.0 5.0 10.0 5.0 10.0 -5.0
186.0 135.0 4 -10.0 -5.0 -10.0 5.0 10.0 5.0 10.0 -5.0
113.0 93.0 4 -10.0 -5.0 -10.0 5.0 10.0 5.0 10.0 -5.0
155.0 116.0 4 -10.0 -5.0 -10.0 5.0 10.0 5.0 10.0 -5.0
193.0 90.0 4 -10.0 -5.0 -10.0 5.0 10.0 5.0 10.0 -5.0
178.0 123.0 4 -10.0 -5.0 -10.0 5.0 10.0 5.0 10.0 -5.0
153.0 137.0 4 -10.0 -5.0 -10.0 5.0 10.0 5.0 10.0 -5.0
156.0 158.0 4 -10.0 -5.0 -10.0 5.0 10.0 5.0 10.0 -5.0
153.0 142.0 4 -10.0 -5.0 -10.0 5.0 10.0 5.0 10.0 -5.0
93.0 78.0 4 -10.0 -5.0 -10.0 5.0 10.0 5.0 10.0 -5.0
136.0 60.0 4 -10.0 -5.0 -10.0 5.0 10.0 5.0 10.0 -5.0
137.0 168.0 4 -10.0 -5.0 -10.0 5.0 10.0 5.0 10.0 -5.0
145.0 140.0 4 -10.0 -5.0 -10.0 5.0 10.0 5.0 10.0 -5.0
103.0 91.0 4 -10.0 -5.0 -10.0 5.0 10.0 5.0 10.0 -5.0
107.0 98.0 4 -10.0 -5.0 -10.0 5.0 10.0 5.0 10.0 -5.0
120.0 72.0 4 -10.0 -5.0 -10.0 5.0 10.0 5.0 10.0 -5.0
122.0 131.0 4 -10.0 -5.0 -10.0 5.0 10.0 5.0 10.0 -5.0
133.0 139.0 4 -10.0 -5.0 -10.0 5.0 10.0 5.0 10.0 -5.0
138.0 84.0 4 -10.0 -5.0 -10.0 5.0 10.0 5.0 10.0 -5.0
98.0 128.0 4 -10.0 -5.0 -10.0 5.0 10.0 5.0 10.0 -5.0
194.0 107.0 4 -10.0 -5.0 -10.0 5.0 10.0 5.0 10.0 -5.0
123.0 82.0 4 -10.0 -5.0 -10.0 5.0 10.0 5.0 10.0 -5.0
189.0 82.0 4 -10.0 -5.0 -10.0 5.0 10.0 5.0 10.0 -5.0
138.0 124.0 4 -10.0 -5.0 -10.0 5.0 10.0 5.0 10.0 -5.0
153.0 112.0 4 -10.0 -5.0 -10.0 5.0 10.0 5.0 10.0 -5.0
167.0 118.0 4 -10.0 -5.0 -10.0 5.0 10.0 5.0 10.0 -5.0
144.0 107.0 4 -10.0 -5.0 -10.0 5.0 10.0 5.0 10.0 -5.0
170.0 73.0 4 -10.0 -5.0 -10.0 5.0 10.0 5.0 10.0 -5.0
131.0 114.0 4 -10.0 -5.0 -10.0 5.0 10.0 5.0 10.0 -5.0
119.0 141.0 4 -10.0 -5.0 -10.0 5.0 10.0 5.0 10.0 -5.0
163.0 42.0 4 -10.0 -5.0 -10.0 5.0 10.0 5.0 10.0 -5.0
162.0 78.0 4 -10.0 -5.0 -10.0 5.0 10.0 5.0 10.0 -5.0
163.0 162.0 4 -10.0 -5.0 -10.0 5.0 10.0 5.0 10.0 -5.0
132.0 105.0 4 -10.0 -5.0 -10.0 5.0 10.0 5.0 10.0 -5.0
147.0 147.0 4 -10.0 -5.0 -10.0 5.0 10.0 5.0 10.0 -5.0
117.0 91.0 4 -10.0 -5.0 -10.0 5.0 10.0 5.0 10.0 -5.0
128.0 102.0 4 -10.0 -5.0 -10.0 5.0 10.0 5.0 10.0 -5.0
149.0 117.0 4 -10.0 -5.0 -10.0 5.0 10.0 5.0 10.0 -5.0
142.0 82.0 4 -10.0 -5.0 -10.0 5.0 10.0 5.0 10.0 -5.0
124.0 114.0 4 -10.0 -5.0 -10.0 5.0 10.0 5.0 10.0 -5.0
125.0 106.0 4 -10.0 -5.0 -10.0 5.0 10.0 5.0 10.0 -5.0
174.0 98.0 4 -10.0 -5.0 -10.0 5.0 10.0 5.0 10.0 -5.0
123.0 104.0 4 -10.0 -5.0 -10.0 5.0 10.0 5.0 10.0 -5.0
156.0 139.0 4 -10.0 -5.0 -10.0 5.0 10.0 5.0 10.0 -5.0
110.0 101.0 4 -10.0 -5.0 -10.0 5.0 10.0 5.0 10.0 -5.0
91.0 134.0 4 -10.0 -5.0 -10.0 5.0 10.0 5.0 10.0 -5.0
128.0 122.0 4 -10.0 -5.0 -10.0 5.0 10.0 5.0 10.0 -5.0
144.0 90.0 4 -10.0 -5.0 -10.0 5.0 10.0 5.0 10.0 -5.0
175.0 150.0 4 -10.0 -5.0 -10.0 5.0 10.0 5.0 10.0 -5.0
170.0 116.0 4 -10.0 -5.0 -10.0 5.0 10.0 5.0 10.0 -5.0
187.0 138.0 4 -10.0 -5.0 -10.0 5.0 10.0 5.0 10.0 -5.0
148.0 152.0 4 -10.0 -5.0 -10.0 5.0 10.0 5.0 10.0 -5.0
159.0 135.0 4 -10.0 -5.0 -10.0 5.0 10.0 5.0 10.0 -5.0
121.0 100.0 4 -10.0 -5.0 -10.0 5.0 10.0 5.0 10.0 -5.0
160.0 120.0 4 -10.0 -5.0 -10.0 5.0 10.0 5.0 10.0 -5.0
87.0 86.0 4 -10.0 -5.0 -10.0 5.0 10.0 5.0 10.0 -5.0
111.0 121.0 4 -10.0 -5.0 -10.0 5.0 10.0 5.0 10.0 -5.0
139.0 79.0 4 -10.0 -5.0 -10.0 5.0 10.0 5.0 10.0 -5.0
172.0 126.0 4 -10.0 -5.0 -10.0 5.0 10.0 5.0 10.0 -5.0
131.0 95.0 4 -10.0 -5.0 -10.0 5.0 10.0 5.0 10.0 -5.0
128.0 57.0 4 -10.0 -5.0 -10.0 5.0 10.0 5.0 10.0 -5.0
178.0 106.0 4 -10.0 -5.0 -10.0 5.0 10.0 5.0 10.0 -5.0
162.0 140.0 4 -10.0 -5.0 -10.0 5.0 10.0 5.0 10.0 -5.0
143.0 135.0 4 -10.0 -5.0 -10.0 5.0 10.0 5.0 10.0 -5.0
110.0 111.0 4 -10.0 -5.0 -10.0 5.0 10.0 5.0 10.0 -5.0
124.0 54.0 4 -10.0 -5.0 -10.0 5.0 10.0 5.0 10.0 -5.0
78.0 130.0 4 -10.0 -5.0 -10.0 5.0 10.0 5.0 10.0 -5.0
108.0 101.0 4 -10.0 -5.0 -10.0 5.0 10.0 5.0 10.0 -5.0
103.0 107.0 4 -10.0 -5.0 -10.0 5.0 10.0 5.0 10.0 -5.0
162.0 84.0 4 -10.0 -5.0 -10.0 5.0 10.0 5.0 10.0 -5.0
166.0 97.0 4 -10.0 -5.0 -10.0 5.0 10.0 5.0 10.0 -5.0
117.0 80.0 4 -10.0 -5.0 -10.0 5.0 10.0 5.0 10.0 -5.0
105.0 112.0 4 -10.0 -5.0 -10.0 5.0 10.0 5.0 10.0 -5.0
131.0 100.0 4 -10.0 -5.0 -10.0 5.0 10.0 5.0 10.0 -5.0
86.0 102.0 4 -10.0 -5.0 -10.0 5.0 10.0 5.0 10.0 -5.0
105.0 79.0 4 -10.0 -5.0 -10.0 5.0 10.0 5.0 10.0 -5.0
106.0 117.0 4 -10.0 -5.0 -10.0 5.0 10.0 5.0 10.0 -5.0
123.0 128.0 4 -10.0 -5.0 -10.0 5.0 10.0 5.0 10.0 -5.0
135.0 143.0 4 -10.0 -5.0 -10.0 5.0 10.0 5.0 10.0 -5.0
144.0 131.0 4 -10.0 -5.0 -10.0 5.0 10.0 5.0 10.0 -5.0
137.0 103.0 4 -10.0 -5.0 -10.0 5.0 10.0 5.0 10.0 -5.0
127.0 126.0 4 -10.0 -5.0 -10.0 5.0 10.0 5.0 10.0 -5.0
169.0 52.0 4 -10.0 -5.0 -10.0 5.0 10.0 5.0 10.0 -5.0
187.0 94.0 4 -10.0 -5.0 -10.0 5.0 10.0 5.0 10.0 -5.0
107.0 125.0 4 -10.0 -5.0 -10.0 5.0 10.0 5.0 10.0 -5.0
120.0 134.0 4 -10.0 -5.0 -10.0 5.0 10.0 5.0 10.0 -5.0
172.0 147.0 4 -10.0 -5.0 -10.0 5.0 10.0 5.0 10.0 -5.0
141.0 132.0 4 -10.0 -5.0 -10.0 5.0 10.0 5.0 10.0 -5.0
157.0 95.0 4 -10.0 -5.0 -10.0 5.0 10.0 5.0 10.0 -5.0
207.0 110.0 4 -10.0 -5.0 -10.0 5.0 10.0 5.0 10.0 -5.0
162.0 70.0 4 -10.0 -5.0 -10.0 5.0 10.0 5.0 10.0 -5.0
68.0 99.0 4 -10.0 -5.0 -10.0 5.0 10.0 5.0 10.0 -5.0
149.0 58.0 4 -10.0 -5.0 -10.0 5.0 10.0 5.0 10.0 -5.0
140.0 123.0 4 -10.0 -5.0 -10.0 5.0 10.0 5.0 10.0 -5.0
85.0 138.0 4 -10.0 -5.0 -10.0 5.0 10.0 5.0 10.0 -5.0
142.0 120.0 4 -10.0 -5.0 -10.0 5.0 10.0 5.0 10.0 -5.0
154.0 109.0 4 -10.0 -5.0 -10.0 5.0 10.0 5.0 10.0 -5.0
95.0 127.0 4 -10.0 -5.0 -10.0 5.0 10.0 5.0 10.0 -5.0
178.0 90.0 4 -10.0 -5.0 -10.0 5.0 10.0 5.0 10.0 -5.0
147.0 109.0 4 -10.0 -5.0 -10.0 5.0 10.0 5.0 10.0 -5.0
197.0 140.0 4 -10.0 -5.0 -10.0 5.0 10.0 5.0 10.0 -5.0
127.0 89.0 4 -10.0 -5.0 -10.0 5.0 10.0 5.0 10.0 -5.0
137.0 114.0 4 -10.0 -5.0 -10.0 5.0 10.0 5.0 10.0 -5.0
166.0 93.0 4 -10.0 -5.0 -10.0 5.0 10.0 5.0 10.0 -5.0
146.0 66.0 4 -10.0 -5.0 -10.0 5.0 10.0 5.0 10.0 -5.0
158.0 115.0 4 -10.0 -5.0 -10.0 5.0 10.0 5.0 10.0 -5.0
152.0 83.0 4 -10.0 -5.0 -10.0 5.0 10.0 5.0 10.0 -5.0
179.0 140.0 4 -10.0 -5.0 -10.0 5.0 10.0 5.0 10.0 -5.0
148.0 142.0 4 -10.0 -5.0 -10.0 5.0 10.0 5.0 10.0 -5.0
131.0 69.0 4 -10.0 -5.0 -10.0 5.0 10.0 5.0 10.0 -5.0
147.0 133.0 4 -10.0 -5.0 -10.0 5.0 10.0 5.0 10.0 -5.0
130.0 83.0 4 -10.0 -5.0 -10.0 5.0 10.0 5.0 10.0 -5.0
141.0 106.0 4 -10.0 -5.0 -10.0 5.0 10.0 5.0 10.0 -5.0
135.0 104.0 4 -10.0 -5.0 -10.0 5.0 10.0 5.0 10.0 -5.0
158.0 141.0 4 -10.0 -5.0 -10.0 5.0 10.0 5.0 10.0 -5.0
93.0 83.0 4 -10.0 -5.0 -10.0 5.0 10.0 5.0 10.0 -5.0
137.0 140.0 4 -10.0 -5.0 -10.0 5.0 10.0 5.0 10.0 -5.0
85.0 87.0 4 -10.0 -5.0 -10.0 5.0 10.0 5.0 10.0 -5.0
157.0 83.0 4 -10.0 -5.0 -10.0 5.0 10.0 5.0 10.0 -5.0
108.0 113.0 4 -10.0 -5.0 -10.0 5.0 10.0 5.0 10.0 -5.0
97.0 111.0 4 -10.0 -5.0 -10.0 5.0 10.0 5.0 10.0 -5.0
147.0 120.0 4 -10.0 -5.0 -10.0 5.0 10.0 5.0 10.0 -5.0
148.0 106.0 4 -10.0 -5.0 -10.0 5.0 10.0 5.0 10.0 -5.0
117.0 110.0 4 -10.0 -5.0 -10.0 5.0 10.0 5.0 10.0 -5.0
124.0 124.0 4 -10.0 -5.0 -10.0 5.0 10.0 5.0 10.0 -5.0
134.0 145.0 4 -10.0 -5.0 -10.0 5.0 10.0 5.0 10.0 -5.0
193.0 33.0 4 -10.0 -5.0 -10.0 5.0 10.0 5.0 10.0 -5.0
177.0 115.0 4 -10.0 -5.0 -10.0 5.0 10.0 5.0 10.0 -5.0
138.0 128.0 4 -10.0 -5.0 -10.0 5.0 10.0 5.0 10.0 -5.0
115.0 97.0 4 -10.0 -5.0 -10.0 5.0 10.0 5.0 10.0 -5.0
146.0 73.0 4 -10.0 -5.0 -10.0 5.0 10.0 5.0 10.0 -5.0
94.0 114.0 4 -10.0 -5.0 -10.0 5.0 10.0 5.0 10.0 -5.0
129.0 118.0 4 -10.0 -5.0 -10.0 5.0 10.0 5.0 10.0 -5.0
76.0 99.0 4 -10.0 -5.0 -10.0 5.0 10.0 5.0 10.0 -5.0
161.0 133.0 4 -10.0 -5.0 -10.0 5.0 10.0 5.0 10.0 -5.0
133.0 155.0 4 -10.0 -5.0 -10.0 5.0 10.0 5.0 10.0 -5.0
133.0 77.0 4 -10.0 -5.0 -10.0 5.0 10.0 5.0 10.0 -5.0
156.0 76.0 4 -10.0 -5.0 -10.0 5.0 10.0 5.0 10.0 -5.0
73.0 71.0 4 -10.0 -5.0 -10.0 5.0 10.0 5.0 10.0 -5.0
110.0 125.0 4 -10.0 -5.0 -10.0 5.0 10.0 5.0 10.0 -5.0
109.0 118.0 4 -10.0 -5.0 -10.0 5.0 10.0 5.0 10.0 -5.0
115.0 116.0 4 -10.0 -5.0 -10.0 5.0 10.0 5.0 10.0 -5.0
132.0 152.0 4 -10.0 -5.0 -10.0 5.0 10.0 5.0 10.0 -5.0
104.0 153.0 4 -10.0 -5.0 -10.0 5.0 10.0 5.0 10.0 -5.0
139.0 87.0 4 -10.0 -5.0 -10.0 5.0 10.0 5.0 10.0 -5.0
119.0 98.0 4 -10.0 -5.0 -10.0 5.0 10.0 5.0 10.0 -5.0
144.0 165.0 4 -10.0 -5.0 -10.0 5.0 10.0 5.0 10.0 -5.0
133.0 133.0 4 -10.0 -5.0 -10.0 5.0 10.0 5.0 10.0 -5.0
162.0 94.0 4 -10.0 -5.0 -10.0 5.0 10.0 5.0 10.0 -5.0
153.0 147.0 4 -10.0 -5.0 -10.0 5.0 10.0 5.0 10.0 -5.0
104.0 126.0 4 -10.0 -5.0 -10.0 5.0 10.0 5.0 10.0 -5.0
145.0 81.0 4 -10.0 -5.0 -10.0 5.0 10.0 5.0 10.0 -5.0
115.0 111.0 4 -10.0 -5.0 -10.0 5.0 10.0 5.0 10.0 -5.0
108.0 158.0 4 -10.0 -5.0 -10.0 5.0 10.0 5.0 10.0 -5.0
149.0 78.0 4 -10.0 -5.0 -10.0 5.0 10.0 5.0 10.0 -5.0
179.0 92.0 4 -10.0 -5.0 -10.0 5.0 10.0 5.0 10.0 -5.0
150.0 100.0 4 -10.0 -5.0 -10.0 5.0 10.0 5.0 10.0 -5.0
147.0 113.0 4 -10.0 -5.0 -10.0 5.0 10.0 5.0 10.0 -5.0
158.0 130.0 4 -10.0 -5.0 -10.0 5.0 10.0 5.0 10.0 -5.0
153.0 82.0 4 -10.0 -5.0 -10.0 5.0 10.0 5.0 10.0 -5.0
148.0 88.0 4 -10.0 -5.0 -10.0 5.0 10.0 5.0 10.0 -5.0
160.0 139.0 4 -10.0 -5.0 -10.0 5.0 10.0 5.0 10.0 -5.0
128.0 161.0 4 -10.0 -5.0 -10.0 5.0 10.0 5.0 10.0 -5.0
104.0 94.0 4 -10.0 -5.0 -10.0 5.0 10.0 5.0 10.0 -5.0
112.0 79.0 4 -10.0 -5.0 -10.0 5.0 10.0 5.0 10.0 -5.0
110.0 196.0 4 -10.0 -5.0 -10.0 5.0 10.0 5.0 10.0 -5.0
127.0 73.0 4 -10.0 -5.0 -10.0 5.0 10.0 5.0 10.0 -5.0
79.0 97.0 4 -10.0 -5.0 -10.0 5.0 10.0 5.0 10.0 -5.0
117.0 125.0 4 -10.0 -5.0 -10.0 5.0 10.0 5.0 10.0 -5.0
90.0 114.0 4 -10.0 -5.0 -10.0 5.0 10.0 5.0 10.0 -5.0
109.0 75.0 4 -10.0 -5.0 -10.0 5.0 10.0 5.0 10.0 -5.0
89.0 101.0 4 -10.0 -5.0 -10.0 5.0 10.0 5.0 10.0 -5.0
143.0 125.0 4 -10.0 -5.0 -10.0 5.0 10.0 5.0 10.0 -5.0
117.0 82.0 4 -10.0 -5.0 -10.0 5.0 10.0 5.0 10.0 -5.0
173.0 82.0 4 -10.0 -5.0 -10.0 5.0 10.0 5.0 10.0 -5.0
123.0 92.0 4 -10.0 -5.0 -10.0 5.0 10.0 5.0 10.0 -5.0
140.0 59.0 4 -10.0 -5.0 -10.0 5.0 10.0 5.0 10.0 -5.0
115.0 62.0 4 -10.0 -5.0 -10.0 5.0 10.0 5.0 10.0 -5.0
104.0 146.0 4 -10.0 -5.0 -10.0 5.0 10.0 5.0 10.0 -5.0
158.0 89.0 4 -10.0 -5.0 -10.0 5.0 10.0 5.0 10.0 -5.0
110.0 72.0 4 -10.0 -5.0 -10.0 5.0 10.0 5.0 10.0 -5.0
137.0 131.0 4 -10.0 -5.0 -10.0 5.0 10.0 5.0 10.0 -5.0
155.0 92.0 4 -10.0 -5.0 -10.0 5.0 10.0 5.0 10.0 -5.0
115.0 148.0 4 -10.0 -5.0 -10.0 5.0 10.0 5.0 10.0 -5.0
184.0 64.0 4 -10.0 -5.0 -10.0 5.0 10.0 5.0 10.0 -5.0
164.0 122.0 4 -10.0 -5.0 -10.0 5.0 10.0 5.0 10.0 -5.0
111.0 150.0 4 -10.0 -5.0 -10.0 5.0 10.0 5.0 10.0 -5.0
182.0 114.0 4 -10.0 -5.0 -10.0 5.0 10.0 5.0 10.0 -5.0
77.0 127.0 4 -10.0 -5.0 -10.0 5.0 10.0 5.0 10.0 -5.0
111.0 83.0 4 -10.0 -5.0 -10.0 5.0 10.0 5.0 10.0 -5.0
176.0 102.0 4 -10.0 -5.0 -10.0 5.0 10.0 5.0 10.0 -5.0
161.0 125.0 4 -10.0 -5.0 -10.0 5.0 10.0 5.0 10.0 -5.0
176.0 112.0 4 -10.0 -5.0 -10.0 5.0 10.0 5.0 10.0 -5.0
179.0 150.0 4 -10.0 -5.0 -10.0 5.0 10.0 5.0 10.0 -5.0
192.0 100.0 4 -10.0 -5.0 -10.0 5.0 10.0 5.0 10.0 -5.0
118.0 165.0 4 -10.0 -5.0 -10.0 5.0 10.0 5.0 10.0 -5.0
166.0 110.0 4 -10.0 -5.0 -10.0 5.0 10.0 5.0 10.0 -5.0
112.0 104.0 4 -10.0 -5.0 -10.0 5.0 10.0 5.0 10.0 -5.0
142.0 155.0 4 -10.0 -5.0 -10.0 5.0 10.0 5.0 10.0 -5.0
165.0 139.0 4 -10.0 -5.0 -10.0 5.0 10.0 5.0 10.0 -5.0
126.0 119.0 4 -10.0 -5.0 -10.0 5.0 10.0 5.0 10.0 -5.0
80.0 142.0 4 -10.0 -5.0 -10.0 5.0 10.0 5.0 10.0 -5.0
130.0 90.0 4 -10.0 -5.0 -10.0 5.0 10.0 5.0 10.0 -5.0
119.0 101.0 4 -10.0 -5.0 -10.0 5.0 10.0 5.0 10.0 -5.0
90.0 156.0 4 -10.0 -5.0 -10.0 5.0 10.0 5.0 10.0 -5.0
94.0 170.0 4 -10.0 -5.0 -10.0 5.0 10.0 5.0 10.0 -5.0
112.0 120.0 4 -10.0 -5.0 -10.0 5.0 10.0 5.0 10.0 -5.0
178.0 109.0 4 -10.0 -5.0 -10.0 5.0 10.0 5.0 10.0 -5.0
168.0 108.0 4 -10.0 -5.0 -10.0 5.0 10.0 5.0 10.0 -5.0
164.0 114.0 4 -10.0 -5.0 -10.0 5.0 10.0 5.0 10.0 -5.0
155.0 126.0 4 -10.0 -5.0 -10.0 5.0 10.0 5.0 10.0 -5.0
136.0 174.0 4 -10.0 -5.0 -10.0 5.0 10.0 5.0 10.0 -5.0
159.0 42.0 4 -10.0 -5.0 -10.0 5.0 10.0 5.0 10.0 -5.0
180.0 168.0 4 -10.0 -5.0 -10.0 5.0 10.0 5.0 10.0 -5.0
165.0 151.0 4 -10.0 -5.0 -10.0 5.0 10.0 5.0 10.0 -5.0
138.0 100.0 4 -10.0 -5.0 -10.0 5.0 10.0 5.0 10.0 -5.0
95.0 98.0 4 -10.0 -5.0 -10.0 5.0 10.0 5.0 10.0 -5.0
146.0 99.0 4 -10.0 -5.0 -10.0 5.0 10.0 5.0 10.0 -5.0
148.0 162.0 4 -10.0 -5.0 -10.0 5.0 10.0 5.0 10.0 -5.0
113.0 76.0 4 -10.0 -5.0 -10.0 5.0 10.0 5.0 10.0 -5.0
188.0 61.0 4 -10.0 -5.0 -10.0 5.0 10.0 5.0 10.0 -5.0
154.0 175.0 4 -10.0 -5.0 -10.0 5.0 10.0 5.0 10.0 -5.0
64.0 105.0 4 -10.0 -5.0 -10.0 5.0 10.0 5.0 10.0 -5.0
104.0 72.0 4 -10.0 -5.0 -10.0 5.0 10.0 5.0 10.0 -5.0
200.0 119.0 4 -10.0 -5.0 -10.0 5.0 10.0 5.0 10.0 -5.0
131.0 93.0 4 -10.0 -5.0 -10.0 5.0 10.0 5.0 10.0 -5.0
141.0 139.0 4 -10.0 -5.0 -10.0 5.0 10.0 5.0 10.0 -5.0
168.0 80.0 4 -10.0 -5.0 -10.0 5.0 10.0 5.0 10.0 -5.0
162.0 119.0 4 -10.0 -5.0 -10.0 5.0 10.0 5.0 10.0 -5.0
103.0 121.0 4 -10.0 -5.0 -10.0 5.0 10.0 5.0 10.0 -5.0
178.0 85.0 4 -10.0 -5.0 -10.0 5.0 10.0 5.0 10.0 -5.0
168.0 88.0 4 -10.0 -5.0 -10.0 5.0 10.0 5.0 10.0 -5.0
174.0 75.0 4 -10.0 -5.0 -10.0 5.0 10.0 5.0 10.0 -5.0
134.0 98.0 4 -10.0 -5.0 -10.0 5.0 10.0 5.0 10.0 -5.0
157.0 151.0 4 -10.0 -5.0 -10.0 5.0 10.0 5.0 10.0 -5.0
92.0 118.0 4 -10.0 -5.0 -10.0 5.0 10.0 5.0 10.0 -5.0
170.0 137.0 4 -10.0 -5.0 -10.0 5.0 10.0 5.0 10.0 -5.0
162.0 57.0 4 -10.0 -5.0 -10.0 5.0 10.0 5.0 10.0 -5.0
124.0 149.0 4 -10.0 -5.0 -10.0 5.0 10.0 5.0 10.0 -5.0
137.0 117.0 4 -10.0 -5.0 -10.0 5.0 10.0 5.0 10.0 -5.0
196.0 91.0 4 -10.0 -5.0 -10.0 5.0 10.0 5.0 10.0 -5.0
146.0 128.0 4 -10.0 -5.0 -10.0 5.0 10.0 5.0 10.0 -5.0
143.0 101.0 4 -10.0 -5.0 -10.0 5.0 10.0 5.0 10.0 -5.0
111.0 47.0 4 -10.0 -5.0 -10.0 5.0 10.0 5.0 10.0 -5.0
141.0 144.0 4 -10.0 -5.0 -10.0 5.0 10.0 5.0 10.0 -5.0
94.0 92.0 4 -10.0 -5.0 -10.0 5.0 10.0 5.0 10.0 -5.0
115.0 135.0 4 -10.0 -5.0 -10.0 5.0 10.0 5.0 10.0 -5.0
185.0 118.0 4 -10.0 -5.0 -10.0 5.0 10.0 5.0 10.0 -5.0
128.0 165.0 4 -10.0 -5.0 -10.0 5.0 10.0 5.0 10.0 -5.0
128.0 132.0 4 -10.0 -5.0 -10.0 5.0 10.0 5.0 10.0 -5.0
149.0 136.0 4 -10.0 -5.0 -10.0 5.0 10.0 5.0 10.0 -5.0
181.0 95.0 4 -10.0 -5.0 -10.0 5.0 10.0 5.0 10.0 -5.0
107.0 73.0 4 -10.0 -5.0 -10.0 5.0 10.0 5.0 10.0 -5.0
114.0 149.0 4 -10.0 -5.0 -10.0 5.0 10.0 5.0 10.0 -5.0
152.0 118.0 4 -10.0 -5.0 -10.0 5.0 10.0 5.0 10.0 -5.0
114.0 162.0 4 -10.0 -5.0 -10.0 5.0 10.0 5.0 10.0 -5.0
132.0 110.0 4 -10.0 -5.0 -10.0 5.0 10.0 5.0 10.0 -5.0
126.0 114.0 4 -10.0 -5.0 -10.0 5.0 10.0 5.0 10.0 -5.0
177.0 52.0 4 -10.0 -5.0 -10.0 5.0 10.0 5.0 10.0 -5.0
120.0 76.0 4 -10.0 -5.0 -10.0 5.0 10.0 5.0 10.0 -5.0
183.0 124.0 4 -10.0 -5.0 -10.0 5.0 10.0 5.0 10.0 -5.0
180.0 102.0 4 -10.0 -5.0 -10.0 5.0 10.0 5.0 10.0 -5.0
120.0 137.0 4 -10.0 -5.0 -10.0 5.0 10.0 5.0 10.0 -5.0
113.0 130.0 4 -10.0 -5.0 -10.0 5.0 10.0 5.0 10.0 -5.0
124.0 96.0 4 -10.0 -5.0 -10.0 5.0 10.0 5.0 10.0 -5.0
123.0 61.0 4 -10.0 -5.0 -10.0 5.0 10.0 5.0 10.0 -5.0
112.0 86.0 4 -10.0 -5.0 -10.0 5.0 10.0 5.0 10.0 -5.0
176.0 66.0 4 -10.0 -5.0 -10.0 5.0 10.0 5.0 10.0 -5.0
139.0 51.0 4 -10.0 -5.0 -10.0 5.0 10.0 5.0 10.0 -5.0
180.0 76.0 4 -10.0 -5.0 -10.0 5.0 10.0 5.0 10.0 -5.0
134.0 115.0 4 -10.0 -5.0 -10.0 5.0 10.0 5.0 10.0 -5.0
83.0 96.0 4 -10.0 -5.0 -10.0 5.0 10.0 5.0 10.0 -5.0
166.0 125.0 4 -10.0 -5.0 -10.0 5.0 10.0 5.0 10.0 -5.0
82.0 114.0 4 -10.0 -5.0 -10.0 5.0 10.0 5.0 10.0 -5.0
128.0 53.0 4 -10.0 -5.0 -10.0 5.0 10.0 5.0 10.0 -5.0
127.0 148.0 4 -10.0 -5.0 -10.0 5.0 10.0 5.0 10.0 -5.0
150.0 126.0 4 -10.0 -5.0 -10.0 5.0 10.0 5.0 10.0 -5.0
112.0 113.0 4 -10.0 -5.0 -10.0 5.0 10.0 5.0 10.0 -5.0
140.0 94.0 4 -10.0 -5.0 -10.0 5.0 10.0 5.0 10.0 -5.0
114.0 73.0 4 -10.0 -5.0 -10.0 5.0 10.0 5.0 10.0 -5.0
154.0 54.0 4 -10.0 -5.0 -10.0 5.0 10.0 5.0 10.0 -5.0
101.0 63.0 4 -10.0 -5.0 -10.0 5.0 10.0 5.0 10.0 -5.0
134.0 151.0 4 -10.0 -5.0 -10.0 5.0 10.0 5.0 10.0 -5.0
45.0 148.0 4 -10.0 -5.0 -10.0 5.0 10.0 5.0 10.0 -5.0
107.0 109.0 4 -10.0 -5.0 -10.0 5.0 10.0 5.0 10.0 -5.0
182.0 98.0 4 -10.0 -5.0 -10.0 5.0 10.0 5.0 10.0 -5.0
175.0 90.0 4 -10.0 -5.0 -10.0 5.0 10.0 5.0 10.0 -5.0
98.0 83.0 4 -10.0 -5.0 -10.0 5.0 10.0 5.0 10.0 -5.0
160.0 105.0 4 -10.0 -5.0 -10.0 5.0 10.0 5.0 10.0 -5.0
98.0 73.0 4 -10.0 -5.0 -10.0 5.0 10.0 5.0 10.0 -5.0
132.0 124.0 4 -10.0 -5.0 -10.0 5.0 10.0 5.0 10.0 -5.0
126.0 99.0 4 -10.0 -5.0 -10.0 5.0 10.0 5.0 10.0 -5.0
174.0 129.0 4 -10.0 -5.0 -10.0 5.0 10.0 5.0 10.0 -5.0
130.0 112.0 4 -10.0 -5.0 -10.0 5.0 10.0 5.0 10.0 -5.0
54.0 124.0 4 -10.0 -5.0 -10.0 5.0 10.0 5.0 10.0 -5.0
156.0 124.0 4 -10.0 -5.0 -10.0 5.0 10.0 5.0 10.0 -5.0
92.0 96.0 4 -10.0 -5.0 -10.0 5.0 10.0 5.0 10.0 -5.0
142.0 85.0 4 -10.0 -5.0 -10.0 5.0 10.0 5.0 10.0 -5.0
171.0 65.0 4 -10.0 -5.0 -10.0 5.0 10.0 5.0 10.0 -5.0
164.0 124.0 4 -10.0 -5.0 -10.0 5.0 10.0 5.0 10.0 -5.0
102.0 49.0 4 -10.0 -5.0 -10.0 5.0 10.0 5.0 10.0 -5.0
110.0 91.0 4 -10.0 -5.0 -10.0 5.0 10.0 5.0 10.0 -5.0
156.0 66.0 4 -10.0 -5.0 -10.0 5.0 10.0 5.0 10.0 -5.0
161.0 109.0 4 -10.0 -5.0 -10.0 5.0 10.0 5.0 10.0 -5.0
79.0 71.0 4 -10.0 -5.0 -10.0 5.0 10.0 5.0 10.0 -5.0
168.0 113.0 4 -10.0 -5.0 -10.0 5.0 10.0 5.0 10.0 -5.0
192.0 129.0 4 -10.0 -5.0 -10.0 5.0 10.0 5.0 10.0 -5.0
149.0 129.0 4 -10.0 -5.0 -10.0 5.0 10.0 5.0 10.0 -5.0
133.0 89.0 4 -10.0 -5.0 -10.0 5.0 10.0 5.0 10.0 -5.0
110.0 137.0 4 -10.0 -5.0 -10.0 5.0 10.0 5.0 10.0 -5.0
156.0 79.0 4 -10.0 -5.0 -10.0 5.0 10.0 5.0 10.0 -5.0
137.0 81.0 4 -10.0 -5.0 -10.0 5.0 10.0 5.0 10.0 -5.0
168.0 158.0 4 -10.0 -5.0 -10.0 5.0 10.0 5.0 10.0 -5.0
138.0 97.0 4 -10.0 -5.0 -10.0 5.0 10.0 5.0 10.0 -5.0
99.0 59.0 4 -10.0 -5.0 -10.0 5.0 10.0 5.0 10.0 -5.0
109.0 140.0 4 -10.0 -5.0 -10.0 5.0 10.0 5.0 10.0 -5.0
127.0 157.0 4 -10.0 -5.0 -10.0 5.0 10.0 5.0 10.0 -5.0
126.0 97.0 4 -10.0 -5.0 -10.0 5.0 10.0 5.0 10.0 -5.0
125.0 85.0 4 -10.0 -5.0 -10.0 5.0 10.0 5.0 10.0 -5.0
151.0 157.0 4 -10.0 -5.0 -10.0 5.0 10.0 5.0 10.0 -5.0
168.0 121.0 4 -10.0 -5.0 -10.0 5.0 10.0 5.0 10.0 -5.0
136.0 77.0 4 -10.0 -5.0 -10.0 5.0 10.0 5.0 10.0 -5.0
112.0 90.0 4 -10.0 -5.0 -10.0 5.0 10.0 5.0 10.0 -5.0
49.0 73.0 4 -10.0 -5.0 -10.0 5.0 10.0 5.0 10.0 -5.0
121.0 153.0 4 -10.0 -5.0 -10.0 5.0 10.0 5.0 10.0 -5.0
119.0 83.0 4 -10.0 -5.0 -10.0 5.0 10.0 5.0 10.0 -5.0
169.0 91.0 4 -10.0 -5.0 -10.0 5.0 10.0 5.0 10.0 -5.0
151.0 77.0 4 -10.0 -5.0 -10.0 5.0 10.0 5.0 10.0 -5.0
121.0 118.0 4 -10.0 -5.0 -10.0 5.0 10.0 5.0 10.0 -5.0
84.0 143.0 4 -10.0 -5.0 -10.0 5.0 10.0 5.0 10.0 -5.0
148.0 92.0 4 -10.0 -5.0 -10.0 5.0 10.0 5.0 10.0 -5.0
162.0 74.0 4 -10.0 -5.0 -10.0 5.0 10.0 5.0 10.0 -5.0
128.0 98.0 4 -10.0 -5.0 -10.0 5.0 10.0 5.0 10.0 -5.0
186.0 88.0 4 -10.0 -5.0 -10.0 5.0 10.0 5.0 10.0 -5.0
162.0 96.0 4 -10.0 -5.0 -10.0 5.0 10.0 5.0 10.0 -5.0
110.0 131.0 4 -10.0 -5.0 -10.0 5.0 10.0 5.0 10.0 -5.0
152.0 88.0 4 -10.0 -5.0 -10.0 5.0 10.0 5.0 10.0 -5.0
191.0 105.0 4 -10.0 -5.0 -10.0 5.0 10.0 5.0 10.0 -5.0
133.0 168.0 4 -10.0 -5.0 -10.0 5.0 10.0 5.0 10.0 -5.0
136.0 87.0 4 -10.0 -5.0 -10.0 5.0 10.0 5.0 10.0 -5.0
157.0 108.0 4 -10.0 -5.0 -10.0 5.0 10.0 5.0 10.0 -5.0
99.0 77.0 4 -10.0 -5.0 -10.0 5.0 10.0 5.0 10.0 -5.0
118.0 76.0 4 -10.0 -5.0 -10.0 5.0 10.0 5.0 10.0 -5.0
103.0 134.0 4 -10.0 -5.0 -10.0 5.0 10.0 5.0 10.0 -5.0
136.0 121.0 4 -10.0 -5.0 -10.0 5.0 10.0 5.0 10.0 -5.0
113.0 141.0 4 -10.0 -5.0 -10.0 5.0 10.0 5.0 10.0 -5.0
178.0 57.0 4 -10.0 -5.0 -10.0 5.0 10.0 5.0 10.0 -5.0
91.0 128.0 4 -10.0 -5.0 -10.0 5.0 10.0 5.0 10.0 -5.0
131.0 98.0 4 -10.0 -5.0 -10.0 5.0 10.0 5.0 10.0 -5.0
142.0 65.0 4 -10.0 -5.0 -10.0 5.0 10.0 5.0 10.0 -5.0
154.0 102.0 4 -10.0 -5.0 -10.0 5.0 10.0 5.0 10.0 -5.0
194.0 117.0 4 -10.0 -5.0 -10.0 5.0 10.0 5.0 10.0 -5.0
101.0 108.0 4 -10.0 -5.0 -10.0 5.0 10.0 5.0 10.0 -5.0
137.0 93.0 4 -10.0 -5.0 -10.0 5.0 10.0 5.0 10.0 -5.0
111.0 94.0 4 -10.0 -5.0 -10.0 5.0 10.0 5.0 10.0 -5.0
119.0 120.0 4 -10.0 -5.0 -10.0 5.0 10.0 5.0 10.0 -5.0
