500
74.0 104.0 4 -10.0 -5.0 -10.0 5.0 10.0 5.0 10.0 -5.0
88.0 151.0 4 -10.0 -5.0 -10.0 5.0 10.0 5.0 10.0 -5.0
126.0 101.0 4 -10.0 -5.0 -10.0 5.0 10.0 5.0 10.0 -5.0
46.0 102.0 4 -10.0 -5.0 -10.0 5.0 10.0 5.0 10.0 -5.0
87.0 127.0 4 -10.0 -5.0 -10.0 5.0 10.0 5.0 10.0 -5.0
109.0 122.0 4 -10.0 -5.0 -10.0 5.0 10.0 5.0 10.0 -5.0
104.0 134.0 4 -10.0 -5.0 -10.0 5.0 10.0 5.0 10.0 -5.0
59.0 120.0 4 -10.0 -5.0 -10.0 5.0 10.0 5.0 10.0 -5.0
100.0 93.0 4 -10.0 -5.0 -10.0 5.0 10.0 5.0 10.0 -5.0
119.0 156.0 4 -10.0 -5.0 -10.0 5.0 10.0 5.0 10.0 -5.0
126.0 119.0 4 -10.0 -5.0 -10.0 5.0 10.0 5.0 10.0 -5.0
122.0 131.0 4 -10.0 -5.0 -10.0 5.0 10.0 5.0 10.0 -5.0
97.0 143.0 4 -10.0 -5.0 -10.0 5.0 10.0 5.0 10.0 -5.0
137.0 102.0 4 -10.0 -5.0 -10.0 5.0 10.0 5.0 10.0 -5.0
83.0 99.0 4 -10.0 -5.0 -10.0 5.0 10.0 5.0 10.0 -5.0
45.0 97.0 4 -10.0 -5.0 -10.0 5.0 10.0 5.0 10.0 -5.0
115.0 65.0 4 -10.0 -5.0 -10.0 5.0 10.0 5.0 10.0 -5.0
61.0 88.0 4 -10.0 -5.0 -10.0 5.0 10.0 5.0 10.0 -5.0
93.0 37.0 4 -10.0 -5.0 -10.0 5.0 10.0 5.0 10.0 -5.0
66.0 59.0 4 -10.0 -5.0 -10.0 5.0 10.0 5.0 10.0 -5.0
67.0 138.0 4 -10.0 -5.0 -10.0 5.0 10.0 5.0 10.0 -5.0
140.0 104.0 4 -10.0 -5.0 -10.0 5.0 10.0 5.0 10.0 -5.0
100.0 71.0 4 -10.0 -5.0 -10.0 5.0 10.0 5.0 10.0 -5.0
85.0 130.0 4 -10.0 -5.0 -10.0 5.0 10.0 5.0 10.0 -5.0
69.0 75.0 4 -10.0 -5.0 -10.0 5.0 10.0 5.0 10.0 -5.0
50.0 119.0 4 -10.0 -5.0 -10.0 5.0 10.0 5.0 10.0 -5.0
69.0 96.0 4 -10.0 -5.0 -10.0 5.0 10.0 5.0 10.0 -5.0
29.0 47.0 4 -10.0 -5.0 -10.0 5.0 10.0 5.0 10.0 -5.0
112.0 81.0 4 -10.0 -5.0 -10.0 5.0 10.0 5.0 10.0 -5.0
98.0 91.0 4 -10.0 -5.0 -10.0 5.0 10.0 5.0 10.0 -5.0
85.0 94.0 4 -10.0 -5.0 -10.0 5.0 10.0 5.0 10.0 -5.0
143.0 122.0 4 -10.0 -5.0 -10.0 5.0 10.0 5.0 10.0 -5.0
39.0 72.0 4 -10.0 -5.0 -10.0 5.0 10.0 5.0 10.0 -5.0
64.0 131.0 4 -10.0 -5.0 -10.0 5.0 10.0 5.0 10.0 -5.0
86.0 73.0 4 -10.0 -5.0 -10.0 5.0 10.0 5.0 10.0 -5.0
116.0 138.0 4 -10.0 -5.0 -10.0 5.0 10.0 5.0 10.0 -5.0
80.0 66.0 4 -10.0 -5.0 -10.0 5.0 10.0 5.0 10.0 -5.0
127.0 135.0 4 -10.0 -5.0 -10.0 5.0 10.0 5.0 10.0 -5.0
125.0 84.0 4 -10.0 -5.0 -10.0 5.0 10.0 5.0 10.0 -5.0
62.0 101.0 4 -10.0 -5.0 -10.0 5.0 10.0 5.0 10.0 -5.0
102.0 71.0 4 -10.0 -5.0 -10.0 5.0 10.0 5.0 10.0 -5.0
59.0 62.0 4 -10.0 -5.0 -10.0 5.0 10.0 5.0 10.0 -5.0
128.0 150.0 4 -10.0 -5.0 -10.0 5.0 10.0 5.0 10.0 -5.0
92.0 62.0 4 -10.0 -5.0 -10.0 5.0 10.0 5.0 10.0 -5.0
88.0 84.0 4 -10.0 -5.0 -10.0 5.0 10.0 5.0 10.0 -5.0
72.0 60.0 4 -10.0 -5.0 -10.0 5.0 10.0 5.0 10.0 -5.0
88.0 97.0 4 -10.0 -5.0 -10.0 5.0 10.0 5.0 10.0 -5.0
78.0 139.0 4 -10.0 -5.0 -10.0 5.0 10.0 5.0 10.0 -5.0
118.0 140.0 4 -10.0 -5.0 -10.0 5.0 10.0 5.0 10.0 -5.0
63.0 71.0 4 -10.0 -5.0 -10.0 5.0 10.0 5.0 10.0 -5.0
103.0 85.0 4 -10.0 -5.0 -10.0 5.0 10.0 5.0 10.0 -5.0
94.0 78.0 4 -10.0 -5.0 -10.0 5.0 10.0 5.0 10.0 -5.0
105.0 140.0 4 -10.0 -5.0 -10.0 5.0 10.0 5.0 10.0 -5.0
61.0 93.0 4 -10.0 -5.0 -10.0 5.0 10.0 5.0 10.0 -5.0
114.0 142.0 4 -10.0 -5.0 -10.0 5.0 10.0 5.0 10.0 -5.0
47.0 130.0 4 -10.0 -5.0 -10.0 5.0 10.0 5.0 10.0 -5.0
57.0 93.0 4 -10.0 -5.0 -10.0 5.0 10.0 5.0 10.0 -5.0
41.0 109.0 4 -10.0 -5.0 -10.0 5.0 10.0 5.0 10.0 -5.0
109.0 118.0 4 -10.0 -5.0 -10.0 5.0 10.0 5.0 10.0 -5.0
39.0 93.0 4 -10.0 -5.0 -10.0 5.0 10.0 5.0 10.0 -5.0
44.0 86.0 4 -10.0 -5.0 -10.0 5.0 10.0 5.0 10.0 -5.0
34.0 134.0 4 -10.0 -5.0 -10.0 5.0 10.0 5.0 10.0 -5.0
53.0 95.0 4 -10.0 -5.0 -10.0 5.0 10.0 5.0 10.0 -5.0
63.0 112.0 4 -10.0 -5.0 -10.0 5.0 10.0 5.0 10.0 -5.0
66.0 102.0 4 -10.0 -5.0 -10.0 5.0 10.0 5.0 10.0 -5.0
107.0 72.0 4 -10.0 -5.0 -10.0 5.0 10.0 5.0 10.0 -5.0
125.0 80.0 4 -10.0 -5.0 -10.0 5.0 10.0 5.0 10.0 -5.0
47.0 94.0 4 -10.0 -5.0 -10.0 5.0 10.0 5.0 10.0 -5.0
115.0 104.0 4 -10.0 -5.0 -10.0 5.0 10.0 5.0 10.0 -5.0
104.0 90.0 4 -10.0 -5.0 -10.0 5.0 10.0 5.0 10.0 -5.0
51.0 90.0 4 -10.0 -5.0 -10.0 5.0 10.0 5.0 10.0 -5.0
123.0 124.0 4 -10.0 -5.0 -10.0 5.0 10.0 5.0 10.0 -5.0
132.0 114.0 4 -10.0 -5.0 -10.0 5.0 10.0 5.0 10.0 -5.0
118.0 103.0 4 -10.0 -5.0 -10.0 5.0 10.0 5.0 10.0 -5.0
75.0 63.0 4 -10.0 -5.0 -10.0 5.0 10.0 5.0 10.0 -5.0
130.0 156.0 4 -10.0 -5.0 -10.0 5.0 10.0 5.0 10.0 -5.0
81.0 63.0 4 -10.0 -5.0 -10.0 5.0 10.0 5.0 10.0 -5.0
62.0 52.0 4 -10.0 -5.0 -10.0 5.0 10.0 5.0 10.0 -5.0
104.0 56.0 4 -10.0 -5.0 -10.0 5.0 10.0 5.0 10.0 -5.0
141.0 84.0 4 -10.0 -5.0 -10.0 5.0 10.0 5.0 10.0 -5.0
95.0 102.0 4 -10.0 -5.0 -10.0 5.0 10.0 5.0 10.0 -5.0
87.0 99.0 4 -10.0 -5.0 -10.0 5.0 10.0 5.0 10.0 -5.0
25.0 149.0 4 -10.0 -5.0 -10.0 5.0 10.0 5.0 10.0 -5.0
76.0 137.0 4 -10.0 -5.0 -10.0 5.0 10.0 5.0 10.0 -5.0
111.0 110.0 4 -10.0 -5.0 -10.0 5.0 10.0 5.0 10.0 -5.0
114.0 123.0 4 -10.0 -5.0 -10.0 5.0 10.0 5.0 10.0 -5.0
124.0 95.0 4 -10.0 -5.0 -10.0 5.0 10.0 5.0 10.0 -5.0
59.0 95.0 4 -10.0 -5.0 -10.0 5.0 10.0 5.0 10.0 -5.0
107.0 129.0 4 -10.0 -5.0 -10.0 5.0 10.0 5.0 10.0 -5.0
61.0 75.0 4 -10.0 -5.0 -10.0 5.0 10.0 5.0 10.0 -5.0
94.0 76.0 4 -10.0 -5.0 -10.0 5.0 10.0 5.0 10.0 -5.0
62.0 121.0 4 -10.0 -5.0 -10.0 5.0 10.0 5.0 10.0 -5.0
88.0 149.0 4 -10.0 -5.0 -10.0 5.0 10.0 5.0 10.0 -5.0
122.0 108.0 4 -10.0 -5.0 -10.0 5.0 10.0 5.0 10.0 -5.0
53.0 105.0 4 -10.0 -5.0 -10.0 5.0 10.0 5.0 10.0 -5.0
94.0 111.0 4 -10.0 -5.0 -10.0 5.0 10.0 5.0 10.0 -5.0
44.0 97.0 4 -10.0 -5.0 -10.0 5.0 10.0 5.0 10.0 -5.0
132.0 71.0 4 -10.0 -5.0 -10.0 5.0 10.0 5.0 10.0 -5.0
100.0 97.0 4 -10.0 -5.0 -10.0 5.0 10.0 5.0 10.0 -5.0
101.0 86.0 4 -10.0 -5.0 -10.0 5.0 10.0 5.0 10.0 -5.0
81.0 112.0 4 -10.0 -5.0 -10.0 5.0 10.0 5.0 10.0 -5.0
81.0 124.0 4 -10.0 -5.0 -10.0 5.0 10.0 5.0 10.0 -5.0
102.0 138.0 4 -10.0 -5.0 -10.0 5.0 10.0 5.0 10.0 -5.0
156.0 87.0 4 -10.0 -5.0 -10.0 5.0 10.0 5.0 10.0 -5.0
55.0 132.0 4 -10.0 -5.0 -10.0 5.0 10.0 5.0 10.0 -5.0
108.0 159.0 4 -10.0 -5.0 -10.0 5.0 10.0 5.0 10.0 -5.0
81.0 51.0 4 -10.0 -5.0 -10.0 5.0 10.0 5.0 10.0 -5.0
107.0 111.0 4 -10.0 -5.0 -10.0 5.0 10.0 5.0 10.0 -5.0
66.0 37.0 4 -10.0 -5.0 -10.0 5.0 10.0 5.0 10.0 -5.0
72.0 100.0 4 -10.0 -5.0 -10.0 5.0 10.0 5.0 10.0 -5.0
37.0 176.0 4 -10.0 -5.0 -10.0 5.0 10.0 5.0 10.0 -5.0
131.0 120.0 4 -10.0 -5.0 -10.0 5.0 10.0 5.0 10.0 -5.0
76.0 78.0 4 -10.0 -5.0 -10.0 5.0 10.0 5.0 10.0 -5.0
168.0 131.0 4 -10.0 -5.0 -10.0 5.0 10.0 5.0 10.0 -5.0
71.0 144.0 4 -10.0 -5.0 -10.0 5.0 10.0 5.0 10.0 -5.0
40.0 118.0 4 -10.0 -5.0 -10.0 5.0 10.0 5.0 10.0 -5.0
133.0 81.0 4 -10.0 -5.0 -10.0 5.0 10.0 5.0 10.0 -5.0
90.0 88.0 4 -10.0 -5.0 -10.0 5.0 10.0 5.0 10.0 -5.0
101.0 121.0 4 -10.0 -5.0 -10.0 5.0 10.0 5.0 10.0 -5.0
114.0 107.0 4 -10.0 -5.0 -10.0 5.0 10.0 5.0 10.0 -5.0
35.0 107.0 4 -10.0 -5.0 -10.0 5.0 10.0 5.0 10.0 -5.0
103.0 94.0 4 -10.0 -5.0 -10.0 5.0 10.0 5.0 10.0 -5.0
72.0 137.0 4 -10.0 -5.0 -10.0 5.0 10.0 5.0 10.0 -5.0
28.0 123.0 4 -10.0 -5.0 -10.0 5.0 10.0 5.0 10.0 -5.0
110.0 71.0 4 -10.0 -5.0 -10.0 5.0 10.0 5.0 10.0 -5.0
132.0 130.0 4 -10.0 -5.0 -10.0 5.0 10.0 5.0 10.0 -5.0
83.0 113.0 4 -10.0 -5.0 -10.0 5.0 10.0 5.0 10.0 -5.0
66.0 64.0 4 -10.0 -5.0 -10.0 5.0 10.0 5.0 10.0 -5.0
125.0 107.0 4 -10.0 -5.0 -10.0 5.0 10.0 5.0 10.0 -5.0
89.0 126.0 4 -10.0 -5.0 -10.0 5.0 10.0 5.0 10.0 -5.0
82.0 153.0 4 -10.0 -5.0 -10.0 5.0 10.0 5.0 10.0 -5.0
71.0 104.0 4 -10.0 -5.0 -10.0 5.0 10.0 5.0 10.0 -5.0
59.0 125.0 4 -10.0 -5.0 -10.0 5.0 10.0 5.0 10.0 -5.0
77.0 108.0 4 -10.0 -5.0 -10.0 5.0 10.0 5.0 10.0 -5.0
84.0 105.0 4 -10.0 -5.0 -10.0 5.0 10.0 5.0 10.0 -5.0
69.0 132.0 4 -10.0 -5.0 -10.0 5.0 10.0 5.0 10.0 -5.0
31.0 118.0 4 -10.0 -5.0 -10.0 5.0 10.0 5.0 10.0 -5.0
91.0 145.0 4 -10.0 -5.0 -10.0 5.0 10.0 5.0 10.0 -5.0
81.0 127.0 4 -10.0 -5.0 -10.0 5.0 10.0 5.0 10.0 -5.0
80.0 106.0 4 -10.0 -5.0 -10.0 5.0 10.0 5.0 10.0 -5.0
145.0 147.0 4 -10.0 -5.0 -10.0 5.0 10.0 5.0 10.0 -5.0
130.0 75.0 4 -10.0 -5.0 -10.0 5.0 10.0 5.0 10.0 -5.0
70.0 115.0 4 -10.0 -5.0 -10.0 5.0 10.0 5.0 10.0 -5.0
75.0 66.0 4 -10.0 -5.0 -10.0 5.0 10.0 5.0 10.0 -5.0
73.0 170.0 4 -10.0 -5.0 -10.0 5.0 10.0 5.0 10.0 -5.0
103.0 80.0 4 -10.0 -5.0 -10.0 5.0 10.0 5.0 10.0 -5.0
77.0 57.0 4 -10.0 -5.0 -10.0 5.0 10.0 5.0 10.0 -5.0
69.0 128.0 4 -10.0 -5.0 -10.0 5.0 10.0 5.0 10.0 -5.0
77.0 87.0 4 -10.0 -5.0 -10.0 5.0 10.0 5.0 10.0 -5.0
85.0 143.0 4 -10.0 -5.0 -10.0 5.0 10.0 5.0 10.0 -5.0
145.0 96.0 4 -10.0 -5.0 -10.0 5.0 10.0 5.0 10.0 -5.0
105.0 171.0 4 -10.0 -5.0 -10.0 5.0 10.0 5.0 10.0 -5.0
79.0 82.0 4 -10.0 -5.0 -10.0 5.0 10.0 5.0 10.0 -5.0
74.0 154.0 4 -10.0 -5.0 -10.0 5.0 10.0 5.0 10.0 -5.0
97.0 60.0 4 -10.0 -5.0 -10.0 5.0 10.0 5.0 10.0 -5.0
103.0 166.0 4 -10.0 -5.0 -10.0 5.0 10.0 5.0 10.0 -5.0
109.0 91.0 4 -10.0 -5.0 -10.0 5.0 10.0 5.0 10.0 -5.0
31.0 68.0 4 -10.0 -5.0 -10.0 5.0 10.0 5.0 10.0 -5.0
72.0 127.0 4 -10.0 -5.0 -10.0 5.0 10.0 5.0 10.0 -5.0
25.0 229.0 4 -10.0 -5.0 -10.0 5.0 10.0 5.0 10.0 -5.0
83.0 121.0 4 -10.0 -5.0 -10.0 5.0 10.0 5.0 10.0 -5.0
139.0 62.0 4 -10.0 -5.0 -10.0 5.0 10.0 5.0 10.0 -5.0
38.0 76.0 4 -10.0 -5.0 -10.0 5.0 10.0 5.0 10.0 -5.0
82.0 69.0 4 -10.0 -5.0 -10.0 5.0 10.0 5.0 10.0 -5.0
64.0 41.0 4 -10.0 -5.0 -10.0 5.0 10.0 5.0 10.0 -5.0
63.0 78.0 4 -10.0 -5.0 -10.0 5.0 10.0 5.0 10.0 -5.0
62.0 127.0 4 -10.0 -5.0 -10.0 5.0 10.0 5.0 10.0 -5.0
97.0 101.0 4 -10.0 -5.0 -10.0 5.0 10.0 5.0 10.0 -5.0
93.0 136.0 4 -10.0 -5.0 -10.0 5.0 10.0 5.0 10.0 -5.0
130.0 113.0 4 -10.0 -5.0 -10.0 5.0 10.0 5.0 10.0 -5.0
104.0 67.0 4 -10.0 -5.0 -10.0 5.0 10.0 5.0 10.0 -5.0
85.0 156.0 4 -10.0 -5.0 -10.0 5.0 10.0 5.0 10.0 -5.0
85.0 99.0 4 -10.0 -5.0 -10.0 5.0 10.0 5.0 10.0 -5.0
49.0 103.0 4 -10.0 -5.0 -10.0 5.0 10.0 5.0 10.0 -5.0
65.0 108.0 4 -10.0 -5.0 -10.0 5.0 10.0 5.0 10.0 -5.0
66.0 109.0 4 -10.0 -5.0 -10.0 5.0 10.0 5.0 10.0 -5.0
120.0 83.0 4 -10.0 -5.0 -10.0 5.0 10.0 5.0 10.0 -5.0
53.0 84.0 4 -10.0 -5.0 -10.0 5.0 10.0 5.0 10.0 -5.0
99.0 133.0 4 -10.0 -5.0 -10.0 5.0 10.0 5.0 10.0 -5.0
55.0 113.0 4 -10.0 -5.0 -10.0 5.0 10.0 5.0 10.0 -5.0
80.0 102.0 4 -10.0 -5.0 -10.0 5.0 10.0 5.0 10.0 -5.0
103.0 89.0 4 -10.0 -5.0 -10.0 5.0 10.0 5.0 10.0 -5.0
109.0 80.0 4 -10.0 -5.0 -10.0 5.0 10.0 5.0 10.0 -5.0
71.0 129.0 4 -10.0 -5.0 -10.0 5.0 10.0 5.0 10.0 -5.0
75.0 95.0 4 -10.0 -5.0 -10.0 5.0 10.0 5.0 10.0 -5.0
113.0 115.0 4 -10.0 -5.0 -10.0 5.0 10.0 5.0 10.0 -5.0
75.0 70.0 4 -10.0 -5.0 -10.0 5.0 10.0 5.0 10.0 -5.0
109.0 83.0 4 -10.0 -5.0 -10.0 5.0 10.0 5.0 10.0 -5.0
89.0 141.0 4 -10.0 -5.0 -10.0 5.0 10.0 5.0 10.0 -5.0
80.0 55.0 4 -10.0 -5.0 -10.0 5.0 10.0 5.0 10.0 -5.0
99.0 127.0 4 -10.0 -5.0 -10.0 5.0 10.0 5.0 10.0 -5.0
74.0 82.0 4 -10.0 -5.0 -10.0 5.0 10.0 5.0 10.0 -5.0
91.0 113.0 4 -10.0 -5.0 -10.0 5.0 10.0 5.0 10.0 -5.0
67.0 144.0 4 -10.0 -5.0 -10.0 5.0 10.0 5.0 10.0 -5.0
50.0 64.0 4 -10.0 -5.0 -10.0 5.0 10.0 5.0 10.0 -5.0
68.0 101.0 4 -10.0 -5.0 -10.0 5.0 10.0 5.0 10.0 -5.0
114.0 89.0 4 -10.0 -5.0 -10.0 5.0 10.0 5.0 10.0 -5.0
65.0 129.0 4 -10.0 -5.0 -10.0 5.0 10.0 5.0 10.0 -5.0
74.0 80.0 4 -10.0 -5.0 -10.0 5.0 10.0 5.0 10.0 -5.0
61.0 98.0 4 -10.0 -5.0 -10.0 5.0 10.0 5.0 10.0 -5.0
81.0 88.0 4 -10.0 -5.0 -10.0 5.0 10.0 5.0 10.0 -5.0
62.0 94.0 4 -10.0 -5.0 -10.0 5.0 10.0 5.0 10.0 -5.0
48.0 114.0 4 -10.0 -5.0 -10.0 5.0 10.0 5.0 10.0 -5.0
81.0 95.0 4 -10.0 -5.0 -10.0 5.0 10.0 5.0 10.0 -5.0
129.0 131.0 4 -10.0 -5.0 -10.0 5.0 10.0 5.0 10.0 -5.0
114.0 54.0 4 -10.0 -5.0 -10.0 5.0 10.0 5.0 10.0 -5.0
100.0 159.0 4 -10.0 -5.0 -10.0 5.0 10.0 5.0 10.0 -5.0
87.0 109.0 4 -10.0 -5.0 -10.0 5.0 10.0 5.0 10.0 -5.0
121.0 115.0 4 -10.0 -5.0 -10.0 5.0 10.0 5.0 10.0 -5.0
37.0 148.0 4 -10.0 -5.0 -10.0 5.0 10.0 5.0 10.0 -5.0
39.0 105.0 4 -10.0 -5.0 -10.0 5.0 10.0 5.0 10.0 -5.0
111.0 97.0 4 -10.0 -5.0 -10.0 5.0 10.0 5.0 10.0 -5.0
144.0 131.0 4 -10.0 -5.0 -10.0 5.0 10.0 5.0 10.0 -5.0
113.0 133.0 4 -10.0 -5.0 -10.0 5.0 10.0 5.0 10.0 -5.0
107.0 96.0 4 -10.0 -5.0 -10.0 5.0 10.0 5.0 10.0 -5.0
98.0 54.0 4 -10.0 -5.0 -10.0 5.0 10.0 5.0 10.0 -5.0
152.0 71.0 4 -10.0 -5.0 -10.0 5.0 10.0 5.0 10.0 -5.0
66.0 166.0 4 -10.0 -5.0 -10.0 5.0 10.0 5.0 10.0 -5.0
121.0 44.0 4 -10.0 -5.0 -10.0 5.0 10.0 5.0 10.0 -5.0
71.0 56.0 4 -10.0 -5.0 -10.0 5.0 10.0 5.0 10.0 -5.0
112.0 74.0 4 -10.0 -5.0 -10.0 5.0 10.0 5.0 10.0 -5.0
62.0 109.0 4 -10.0 -5.0 -10.0 5.0 10.0 5.0 10.0 -5.0
32.0 95.0 4 -10.0 -5.0 -10.0 5.0 10.0 5.0 10.0 -5.0
101.0 47.0 4 -10.0 -5.0 -10.0 5.0 10.0 5.0 10.0 -5.0
117.0 120.0 4 -10.0 -5.0 -10.0 5.0 10.0 5.0 10.0 -5.0
109.0 88.0 4 -10.0 -5.0 -10.0 5.0 10.0 5.0 10.0 -5.0
91.0 131.0 4 -10.0 -5.0 -10.0 5.0 10.0 5.0 10.0 -5.0
98.0 137.0 4 -10.0 -5.0 -10.0 5.0 10.0 5.0 10.0 -5.0
89.0 100.0 4 -10.0 -5.0 -10.0 5.0 10.0 5.0 10.0 -5.0
80.0 60.0 4 -10.0 -5.0 -10.0 5.0 10.0 5.0 10.0 -5.0
128.0 107.0 4 -10.0 -5.0 -10.0 5.0 10.0 5.0 10.0 -5.0
88.0 76.0 4 -10.0 -5.0 -10.0 5.0 10.0 5.0 10.0 -5.0
116.0 96.0 4 -10.0 -5.0 -10.0 5.0 10.0 5.0 10.0 -5.0
70.0 31.0 4 -10.0 -5.0 -10.0 5.0 10.0 5.0 10.0 -5.0
65.0 161.0 4 -10.0 -5.0 -10.0 5.0 10.0 5.0 10.0 -5.0
114.0 83.0 4 -10.0 -5.0 -10.0 5.0 10.0 5.0 10.0 -5.0
58.0 89.0 4 -10.0 -5.0 -10.0 5.0 10.0 5.0 10.0 -5.0
71.0 136.0 4 -10.0 -5.0 -10.0 5.0 10.0 5.0 10.0 -5.0
99.0 86.0 4 -10.0 -5.0 -10.0 5.0 10.0 5.0 10.0 -5.0
100.0 144.0 4 -10.0 -5.0 -10.0 5.0 10.0 5.0 10.0 -5.0
66.0 68.0 4 -10.0 -5.0 -10.0 5.0 10.0 5.0 10.0 -5.0
95.0 90.0 4 -10.0 -5.0 -10.0 5.0 10.0 5.0 10.0 -5.0
102.0 105.0 4 -10.0 -5.0 -10.0 5.0 10.0 5.0 10.0 -5.0
38.0 79.0 4 -10.0 -5.0 -10.0 5.0 10.0 5.0 10.0 -5.0
68.0 125.0 4 -10.0 -5.0 -10.0 5.0 10.0 5.0 10.0 -5.0
90.0 105.0 4 -10.0 -5.0 -10.0 5.0 10.0 5.0 10.0 -5.0
86.0 56.0 4 -10.0 -5.0 -10.0 5.0 10.0 5.0 10.0 -5.0
71.0 150.0 4 -10.0 -5.0 -10.0 5.0 10.0 5.0 10.0 -5.0
58.0 156.0 4 -10.0 -5.0 -10.0 5.0 10.0 5.0 10.0 -5.0
88.0 68.0 4 -10.0 -5.0 -10.0 5.0 10.0 5.0 10.0 -5.0
71.0 86.0 4 -10.0 -5.0 -10.0 5.0 10.0 5.0 10.0 -5.0
56.0 109.0 4 -10.0 -5.0 -10.0 5.0 10.0 5.0 10.0 -5.0
102.0 33.0 4 -10.0 -5.0 -10.0 5.0 10.0 5.0 10.0 -5.0
139.0 117.0 4 -10.0 -5.0 -10.0 5.0 10.0 5.0 10.0 -5.0
99.0 103.0 4 -10.0 -5.0 -10.0 5.0 10.0 5.0 10.0 -5.0
97.0 130.0 4 -10.0 -5.0 -10.0 5.0 10.0 5.0 10.0 -5.0
137.0 151.0 4 -10.0 -5.0 -10.0 5.0 10.0 5.0 10.0 -5.0
66.0 119.0 4 -10.0 -5.0 -10.0 5.0 10.0 5.0 10.0 -5.0
58.0 141.0 4 -10.0 -5.0 -10.0 5.0 10.0 5.0 10.0 -5.0
120.0 52.0 4 -10.0 -5.0 -10.0 5.0 10.0 5.0 10.0 -5.0
158.0 163.0 4 -10.0 -5.0 -10.0 5.0 10.0 5.0 10.0 -5.0
86.0 119.0 4 -10.0 -5.0 -10.0 5.0 10.0 5.0 10.0 -5.0
68.0 147.0 4 -10.0 -5.0 -10.0 5.0 10.0 5.0 10.0 -5.0
114.0 102.0 4 -10.0 -5.0 -10.0 5.0 10.0 5.0 10.0 -5.0
91.0 119.0 4 -10.0 -5.0 -10.0 5.0 10.0 5.0 10.0 -5.0
60.0 106.0 4 -10.0 -5.0 -10.0 5.0 10.0 5.0 10.0 -5.0
83.0 81.0 4 -10.0 -5.0 -10.0 5.0 10.0 5.0 10.0 -5.0
77.0 44.0 4 -10.0 -5.0 -10.0 5.0 10.0 5.0 10.0 -5.0
118.0 166.0 4 -10.0 -5.0 -10.0 5.0 10.0 5.0 10.0 -5.0
158.0 138.0 4 -10.0 -5.0 -10.0 5.0 10.0 5.0 10.0 -5.0
102.0 131.0 4 -10.0 -5.0 -10.0 5.0 10.0 5.0 10.0 -5.0
54.0 89.0 4 -10.0 -5.0 -10.0 5.0 10.0 5.0 10.0 -5.0
86.0 79.0 4 -10.0 -5.0 -10.0 5.0 10.0 5.0 10.0 -5.0
99.0 76.0 4 -10.0 -5.0 -10.0 5.0 10.0 5.0 10.0 -5.0
46.0 143.0 4 -10.0 -5.0 -10.0 5.0 10.0 5.0 10.0 -5.0
109.0 101.0 4 -10.0 -5.0 -10.0 5.0 10.0 5.0 10.0 -5.0
58.0 104.0 4 -10.0 -5.0 -10.0 5.0 10.0 5.0 10.0 -5.0
114.0 146.0 4 -10.0 -5.0 -10.0 5.0 10.0 5.0 10.0 -5.0
107.0 104.0 4 -10.0 -5.0 -10.0 5.0 10.0 5.0 10.0 -5.0
60.0 82.0 4 -10.0 -5.0 -10.0 5.0 10.0 5.0 10.0 -5.0
50.0 101.0 4 -10.0 -5.0 -10.0 5.0 10.0 5.0 10.0 -5.0
146.0 105.0 4 -10.0 -5.0 -10.0 5.0 10.0 5.0 10.0 -5.0
82.0 66.0 4 -10.0 -5.0 -10.0 5.0 10.0 5.0 10.0 -5.0
75.0 121.0 4 -10.0 -5.0 -10.0 5.0 10.0 5.0 10.0 -5.0
204.0 101.0 4 -10.0 -5.0 -10.0 5.0 10.0 5.0 10.0 -5.0
74.0 117.0 4 -10.0 -5.0 -10.0 5.0 10.0 5.0 10.0 -5.0
115.0 92.0 4 -10.0 -5.0 -10.0 5.0 10.0 5.0 10.0 -5.0
114.0 110.0 4 -10.0 -5.0 -10.0 5.0 10.0 5.0 10.0 -5.0
53.0 118.0 4 -10.0 -5.0 -10.0 5.0 10.0 5.0 10.0 -5.0
49.0 108.0 4 -10.0 -5.0 -10.0 5.0 10.0 5.0 10.0 -5.0
77.0 91.0 4 -10.0 -5.0 -10.0 5.0 10.0 5.0 10.0 -5.0
94.0 126.0 4 -10.0 -5.0 -10.0 5.0 10.0 5.0 10.0 -5.0
90.0 117.0 4 -10.0 -5.0 -10.0 5.0 10.0 5.0 10.0 -5.0
107.0 86.0 4 -10.0 -5.0 -10.0 5.0 10.0 5.0 10.0 -5.0
37.0 55.0 4 -10.0 -5.0 -10.0 5.0 10.0 5.0 10.0 -5.0
114.0 153.0 4 -10.0 -5.0 -10.0 5.0 10.0 5.0 10.0 -5.0
107.0 113.0 4 -10.0 -5.0 -10.0 5.0 10.0 5.0 10.0 -5.0
72.0 70.0 4 -10.0 -5.0 -10.0 5.0 10.0 5.0 10.0 -5.0
71.0 80.0 4 -10.0 -5.0 -10.0 5.0 10.0 5.0 10.0 -5.0
86.0 104.0 4 -10.0 -5.0 -10.0 5.0 10.0 5.0 10.0 -5.0
88.0 122.0 4 -10.0 -5.0 -10.0 5.0 10.0 5.0 10.0 -5.0
98.0 46.0 4 -10.0 -5.0 -10.0 5.0 10.0 5.0 10.0 -5.0
72.0 68.0 4 -10.0 -5.0 -10.0 5.0 10.0 5.0 10.0 -5.0
57.0 126.0 4 -10.0 -5.0 -10.0 5.0 10.0 5.0 10.0 -5.0
54.0 149.0 4 -10.0 -5.0 -10.0 5.0 10.0 5.0 10.0 -5.0
102.0 115.0 4 -10.0 -5.0 -10.0 5.0 10.0 5.0 10.0 -5.0
136.0 114.0 4 -10.0 -5.0 -10.0 5.0 10.0 5.0 10.0 -5.0
49.0 71.0 4 -10.0 -5.0 -10.0 5.0 10.0 5.0 10.0 -5.0
137.0 122.0 4 -10.0 -5.0 -10.0 5.0 10.0 5.0 10.0 -5.0
94.0 143.0 4 -10.0 -5.0 -10.0 5.0 10.0 5.0 10.0 -5.0
90.0 121.0 4 -10.0 -5.0 -10.0 5.0 10.0 5.0 10.0 -5.0
77.0 131.0 4 -10.0 -5.0 -10.0 5.0 10.0 5.0 10.0 -5.0
43.0 135.0 4 -10.0 -5.0 -10.0 5.0 10.0 5.0 10.0 -5.0
125.0 115.0 4 -10.0 -5.0 -10.0 5.0 10.0 5.0 10.0 -5.0
93.0 49.0 4 -10.0 -5.0 -10.0 5.0 10.0 5.0 10.0 -5.0
91.0 100.0 4 -10.0 -5.0 -10.0 5.0 10.0 5.0 10.0 -5.0
80.0 97.0 4 -10.0 -5.0 -10.0 5.0 10.0 5.0 10.0 -5.0
116.0 128.0 4 -10.0 -5.0 -10.0 5.0 10.0 5.0 10.0 -5.0
65.0 135.0 4 -10.0 -5.0 -10.0 5.0 10.0 5.0 10.0 -5.0
129.0 93.0 4 -10.0 -5.0 -10.0 5.0 10.0 5.0 10.0 -5.0
80.0 116.0 4 -10.0 -5.0 -10.0 5.0 10.0 5.0 10.0 -5.0
91.0 83.0 4 -10.0 -5.0 -10.0 5.0 10.0 5.0 10.0 -5.0
130.0 88.0 4 -10.0 -5.0 -10.0 5.0 10.0 5.0 10.0 -5.0
128.0 90.0 4 -10.0 -5.0 -10.0 5.0 10.0 5.0 10.0 -5.0
82.0 159.0 4 -10.0 -5.0 -10.0 5.0 10.0 5.0 10.0 -5.0
85.0 87.0 4 -10.0 -5.0 -10.0 5.0 10.0 5.0 10.0 -5.0
75.0 119.0 4 -10.0 -5.0 -10.0 5.0 10.0 5.0 10.0 -5.0
44.0 83.0 4 -10.0 -5.0 -10.0 5.0 10.0 5.0 10.0 -5.0
32.0 101.0 4 -10.0 -5.0 -10.0 5.0 10.0 5.0 10.0 -5.0
110.0 67.0 4 -10.0 -5.0 -10.0 5.0 10.0 5.0 10.0 -5.0
82.0 74.0 4 -10.0 -5.0 -10.0 5.0 10.0 5.0 10.0 -5.0
77.0 110.0 4 -10.0 -5.0 -10.0 5.0 10.0 5.0 10.0 -5.0
46.0 138.0 4 -10.0 -5.0 -10.0 5.0 10.0 5.0 10.0 -5.0
69.0 98.0 4 -10.0 -5.0 -10.0 5.0 10.0 5.0 10.0 -5.0
106.0 152.0 4 -10.0 -5.0 -10.0 5.0 10.0 5.0 10.0 -5.0
78.0 105.0 4 -10.0 -5.0 -10.0 5.0 10.0 5.0 10.0 -5.0
57.0 134.0 4 -10.0 -5.0 -10.0 5.0 10.0 5.0 10.0 -5.0
106.0 94.0 4 -10.0 -5.0 -10.0 5.0 10.0 5.0 10.0 -5.0
114.0 58.0 4 -10.0 -5.0 -10.0 5.0 10.0 5.0 10.0 -5.0
92.0 85.0 4 -10.0 -5.0 -10.0 5.0 10.0 5.0 10.0 -5.0
81.0 83.0 4 -10.0 -5.0 -10.0 5.0 10.0 5.0 10.0 -5.0
125.0 64.0 4 -10.0 -5.0 -10.0 5.0 10.0 5.0 10.0 -5.0
42.0 112.0 4 -10.0 -5.0 -10.0 5.0 10.0 5.0 10.0 -5.0
115.0 179.0 4 -10.0 -5.0 -10.0 5.0 10.0 5.0 10.0 -5.0
93.0 109.0 4 -10.0 -5.0 -10.0 5.0 10.0 5.0 10.0 -5.0
107.0 132.0 4 -10.0 -5.0 -10.0 5.0 10.0 5.0 10.0 -5.0
48.0 57.0 4 -10.0 -5.0 -10.0 5.0 10.0 5.0 10.0 -5.0
106.0 55.0 4 -10.0 -5.0 -10.0 5.0 10.0 5.0 10.0 -5.0
140.0 75.0 4 -10.0 -5.0 -10.0 5.0 10.0 5.0 10.0 -5.0
93.0 161.0 4 -10.0 -5.0 -10.0 5.0 10.0 5.0 10.0 -5.0
33.0 105.0 4 -10.0 -5.0 -10.0 5.0 10.0 5.0 10.0 -5.0
88.0 136.0 4 -10.0 -5.0 -10.0 5.0 10.0 5.0 10.0 -5.0
64.0 115.0 4 -10.0 -5.0 -10.0 5.0 10.0 5.0 10.0 -5.0
118.0 122.0 4 -10.0 -5.0 -10.0 5.0 10.0 5.0 10.0 -5.0
45.0 49.0 4 -10.0 -5.0 -10.0 5.0 10.0 5.0 10.0 -5.0
86.0 53.0 4 -10.0 -5.0 -10.0 5.0 10.0 5.0 10.0 -5.0
94.0 122.0 4 -10.0 -5.0 -10.0 5.0 10.0 5.0 10.0 -5.0
109.0 98.0 4 -10.0 -5.0 -10.0 5.0 10.0 5.0 10.0 -5.0
56.0 99.0 4 -10.0 -5.0 -10.0 5.0 10.0 5.0 10.0 -5.0
153.0 143.0 4 -10.0 -5.0 -10.0 5.0 10.0 5.0 10.0 -5.0
109.0 125.0 4 -10.0 -5.0 -10.0 5.0 10.0 5.0 10.0 -5.0
135.0 100.0 4 -10.0 -5.0 -10.0 5.0 10.0 5.0 10.0 -5.0
81.0 97.0 4 -10.0 -5.0 -10.0 5.0 10.0 5.0 10.0 -5.0
65.0 88.0 4 -10.0 -5.0 -10.0 5.0 10.0 5.0 10.0 -5.0
101.0 149.0 4 -10.0 -5.0 -10.0 5.0 10.0 5.0 10.0 -5.0
76.0 125.0 4 -10.0 -5.0 -10.0 5.0 10.0 5.0 10.0 -5.0
117.0 70.0 4 -10.0 -5.0 -10.0 5.0 10.0 5.0 10.0 -5.0
157.0 129.0 4 -10.0 -5.0 -10.0 5.0 10.0 5.0 10.0 -5.0
84.0 114.0 4 -10.0 -5.0 -10.0 5.0 10.0 5.0 10.0 -5.0
118.0 129.0 4 -10.0 -5.0 -10.0 5.0 10.0 5.0 10.0 -5.0
78.0 128.0 4 -10.0 -5.0 -10.0 5.0 10.0 5.0 10.0 -5.0
89.0 162.0 4 -10.0 -5.0 -10.0 5.0 10.0 5.0 10.0 -5.0
130.0 60.0 4 -10.0 -5.0 -10.0 5.0 10.0 5.0 10.0 -5.0
112.0 70.0 4 -10.0 -5.0 -10.0 5.0 10.0 5.0 10.0 -5.0
30.0 91.0 4 -10.0 -5.0 -10.0 5.0 10.0 5.0 10.0 -5.0
115.0 67.0 4 -10.0 -5.0 -10.0 5.0 10.0 5.0 10.0 -5.0
67.0 114.0 4 -10.0 -5.0 -10.0 5.0 10.0 5.0 10.0 -5.0
93.0 154.0 4 -10.0 -5.0 -10.0 5.0 10.0 5.0 10.0 -5.0
58.0 69.0 4 -10.0 -5.0 -10.0 5.0 10.0 5.0 10.0 -5.0
91.0 93.0 4 -10.0 -5.0 -10.0 5.0 10.0 5.0 10.0 -5.0
28.0 89.0 4 -10.0 -5.0 -10.0 5.0 10.0 5.0 10.0 -5.0
77.0 135.0 4 -10.0 -5.0 -10.0 5.0 10.0 5.0 10.0 -5.0
110.0 96.0 4 -10.0 -5.0 -10.0 5.0 10.0 5.0 10.0 -5.0
65.0 94.0 4 -10.0 -5.0 -10.0 5.0 10.0 5.0 10.0 -5.0
134.0 84.0 4 -10.0 -5.0 -10.0 5.0 10.0 5.0 10.0 -5.0
113.0 131.0 4 -10.0 -5.0 -10.0 5.0 10.0 5.0 10.0 -5.0
81.0 90.0 4 -10.0 -5.0 -10.0 5.0 10.0 5.0 10.0 -5.0
117.0 111.0 4 -10.0 -5.0 -10.0 5.0 10.0 5.0 10.0 -5.0
79.0 87.0 4 -10.0 -5.0 -10.0 5.0 10.0 5.0 10.0 -5.0
43.0 60.0 4 -10.0 -5.0 -10.0 5.0 10.0 5.0 10.0 -5.0
99.0 105.0 4 -10.0 -5.0 -10.0 5.0 10.0 5.0 10.0 -5.0
121.0 71.0 4 -10.0 -5.0 -10.0 5.0 10.0 5.0 10.0 -5.0
71.0 75.0 4 -10.0 -5.0 -10.0 5.0 10.0 5.0 10.0 -5.0
88.0 39.0 4 -10.0 -5.0 -10.0 5.0 10.0 5.0 10.0 -5.0
140.0 152.0 4 -10.0 -5.0 -10.0 5.0 10.0 5.0 10.0 -5.0
97.0 125.0 4 -10.0 -5.0 -10.0 5.0 10.0 5.0 10.0 -5.0
35.0 124.0 4 -10.0 -5.0 -10.0 5.0 10.0 5.0 10.0 -5.0
71.0 113.0 4 -10.0 -5.0 -10.0 5.0 10.0 5.0 10.0 -5.0
47.0 88.0 4 -10.0 -5.0 -10.0 5.0 10.0 5.0 10.0 -5.0
120.0 107.0 4 -10.0 -5.0 -10.0 5.0 10.0 5.0 10.0 -5.0
110.0 58.0 4 -10.0 -5.0 -10.0 5.0 10.0 5.0 10.0 -5.0
72.0 118.0 4 -10.0 -5.0 -10.0 5.0 10.0 5.0 10.0 -5.0
91.0 78.0 4 -10.0 -5.0 -10.0 5.0 10.0 5.0 10.0 -5.0
121.0 86.0 4 -10.0 -5.0 -10.0 5.0 10.0 5.0 10.0 -5.0
136.0 73.0 4 -10.0 -5.0 -10.0 5.0 10.0 5.0 10.0 -5.0
109.0 108.0 4 -10.0 -5.0 -10.0 5.0 10.0 5.0 10.0 -5.0
117.0 78.0 4 -10.0 -5.0 -10.0 5.0 10.0 5.0 10.0 -5.0
101.0 90.0 4 -10.0 -5.0 -10.0 5.0 10.0 5.0 10.0 -5.0
52.0 70.0 4 -10.0 -5.0 -10.0 5.0 10.0 5.0 10.0 -5.0
111.0 36.0 4 -10.0 -5.0 -10.0 5.0 10.0 5.0 10.0 -5.0
69.0 121.0 4 -10.0 -5.0 -10.0 5.0 10.0 5.0 10.0 -5.0
43.0 132.0 4 -10.0 -5.0 -10.0 5.0 10.0 5.0 10.0 -5.0
41.0 146.0 4 -10.0 -5.0 -10.0 5.0 10.0 5.0 10.0 -5.0
74.0 86.0 4 -10.0 -5.0 -10.0 5.0 10.0 5.0 10.0 -5.0
52.0 138.0 4 -10.0 -5.0 -10.0 5.0 10.0 5.0 10.0 -5.0
78.0 95.0 4 -10.0 -5.0 -10.0 5.0 10.0 5.0 10.0 -5.0
40.0 101.0 4 -10.0 -5.0 -10.0 5.0 10.0 5.0 10.0 -5.0
94.0 70.0 4 -10.0 -5.0 -10.0 5.0 10.0 5.0 10.0 -5.0
115.0 99.0 4 -10.0 -5.0 -10.0 5.0 10.0 5.0 10.0 -5.0
83.0 91.0 4 -10.0 -5.0 -10.0 5.0 10.0 5.0 10.0 -5.0
128.0 124.0 4 -10.0 -5.0 -10.0 5.0 10.0 5.0 10.0 -5.0
139.0 98.0 4 -10.0 -5.0 -10.0 5.0 10.0 5.0 10.0 -5.0
118.0 159.0 4 -10.0 -5.0 -10.0 5.0 10.0 5.0 10.0 -5.0
33.0 65.0 4 -10.0 -5.0 -10.0 5.0 10.0 5.0 10.0 -5.0
126.0 139.0 4 -10.0 -5.0 -10.0 5.0 10.0 5.0 10.0 -5.0
61.0 138.0 4 -10.0 -5.0 -10.0 5.0 10.0 5.0 10.0 -5.0
136.0 93.0 4 -10.0 -5.0 -10.0 5.0 10.0 5.0 10.0 -5.0
155.0 102.0 4 -10.0 -5.0 -10.0 5.0 10.0 5.0 10.0 -5.0
101.0 80.0 4 -10.0 -5.0 -10.0 5.0 10.0 5.0 10.0 -5.0
112.0 86.0 4 -10.0 -5.0 -10.0 5.0 10.0 5.0 10.0 -5.0
67.0 91.0 4 -10.0 -5.0 -10.0 5.0 10.0 5.0 10.0 -5.0
49.0 111.0 4 -10.0 -5.0 -10.0 5.0 10.0 5.0 10.0 -5.0
120.0 123.0 4 -10.0 -5.0 -10.0 5.0 10.0 5.0 10.0 -5.0
94.0 113.0 4 -10.0 -5.0 -10.0 5.0 10.0 5.0 10.0 -5.0
78.0 154.0 4 -10.0 -5.0 -10.0 5.0 10.0 5.0 10.0 -5.0
70.0 141.0 4 -10.0 -5.0 -10.0 5.0 10.0 5.0 10.0 -5.0
66.0 85.0 4 -10.0 -5.0 -10.0 5.0 10.0 5.0 10.0 -5.0
99.0 109.0 4 -10.0 -5.0 -10.0 5.0 10.0 5.0 10.0 -5.0
56.0 167.0 4 -10.0 -5.0 -10.0 5.0 10.0 5.0 10.0 -5.0
86.0 66.0 4 -10.0 -5.0 -10.0 5.0 10.0 5.0 10.0 -5.0
110.0 112.0 4 -10.0 -5.0 -10.0 5.0 10.0 5.0 10.0 -5.0
164.0 25.0 4 -10.0 -5.0 -10.0 5.0 10.0 5.0 10.0 -5.0
87.0 156.0 4 -10.0 -5.0 -10.0 5.0 10.0 5.0 10.0 -5.0
133.0 110.0 4 -10.0 -5.0 -10.0 5.0 10.0 5.0 10.0 -5.0
82.0 78.0 4 -10.0 -5.0 -10.0 5.0 10.0 5.0 10.0 -5.0
103.0 112.0 4 -10.0 -5.0 -10.0 5.0 10.0 5.0 10.0 -5.0
63.0 84.0 4 -10.0 -5.0 -10.0 5.0 10.0 5.0 10.0 -5.0
95.0 148.0 4 -10.0 -5.0 -10.0 5.0 10.0 5.0 10.0 -5.0
85.0 134.0 4 -10.0 -5.0 -10.0 5.0 10.0 5.0 10.0 -5.0
88.0 93.0 4 -10.0 -5.0 -10.0 5.0 10.0 5.0 10.0 -5.0
58.0 149.0 4 -10.0 -5.0 -10.0 5.0 10.0 5.0 10.0 -5.0
68.0 84.0 4 -10.0 -5.0 -10.0 5.0 10.0 5.0 10.0 -5.0
108.0 136.0 4 -10.0 -5.0 -10.0 5.0 10.0 5.0 10.0 -5.0
118.0 116.0 4 -10.0 -5.0 -10.0 5.0 10.0 5.0 10.0 -5.0
117.0 94.0 4 -10.0 -5.0 -10.0 5.0 10.0 5.0 10.0 -5.0
106.0 102.0 4 -10.0 -5.0 -10.0 5.0 10.0 5.0 10.0 -5.0
75.0 91.0 4 -10.0 -5.0 -10.0 5.0 10.0 5.0 10.0 -5.0
107.0 118.0 4 -10.0 -5.0 -10.0 5.0 10.0 5.0 10.0 -5.0
39.0 87.0 4 -10.0 -5.0 -10.0 5.0 10.0 5.0 10.0 -5.0
84.0 48.0 4 -10.0 -5.0 -10.0 5.0 10.0 5.0 10.0 -5.0
83.0 147.0 4 -10.0 -5.0 -10.0 5.0 10.0 5.0 10.0 -5.0
40.0 120.0 4 -10.0 -5.0 -10.0 5.0 10.0 5.0 10.0 -5.0
43.0 88.0 4 -10.0 -5.0 -10.0 5.0 10.0 5.0 10.0 -5.0
88.0 119.0 4 -10.0 -5.0 -10.0 5.0 10.0 5.0 10.0 -5.0
68.0 103.0 4 -10.0 -5.0 -10.0 5.0 10.0 5.0 10.0 -5.0
77.0 101.0 4 -10.0 -5.0 -10.0 5.0 10.0 5.0 10.0 -5.0
104.0 116.0 4 -10.0 -5.0 -10.0 5.0 10.0 5.0 10.0 -5.0
60.0 116.0 4 -10.0 -5.0 -10.0 5.0 10.0 5.0 10.0 -5.0
96.0 114.0 4 -10.0 -5.0 -10.0 5.0 10.0 5.0 10.0 -5.0
100.0 119.0 4 -10.0 -5.0 -10.0 5.0 10.0 5.0 10.0 -5.0
84.0 107.0 4 -10.0 -5.0 -10.0 5.0 10.0 5.0 10.0 -5.0
122.0 69.0 4 -10.0 -5.0 -10.0 5.0 10.0 5.0 10.0 -5.0
41.0 99.0 4 -10.0 -5.0 -10.0 5.0 10.0 5.0 10.0 -5.0
55.0 120.0 4 -10.0 -5.0 -10.0 5.0 10.0 5.0 10.0 -5.0
99.0 125.0 4 -10.0 -5.0 -10.0 5.0 10.0 5.0 10.0 -5.0
67.0 70.0 4 -10.0 -5.0 -10.0 5.0 10.0 5.0 10.0 -5.0
46.0 108.0 4 -10.0 -5.0 -10.0 5.0 10.0 5.0 10.0 -5.0
122.0 143.0 4 -10.0 -5.0 -10.0 5.0 10.0 5.0 10.0 -5.0
72.0 92.0 4 -10.0 -5.0 -10.0 5.0 10.0 5.0 10.0 -5.0
73.0 114.0 4 -10.0 -5.0 -10.0 5.0 10.0 5.0 10.0 -5.0
83.0 118.0 4 -10.0 -5.0 -10.0 5.0 10.0 5.0 10.0 -5.0
85.0 89.0 4 -10.0 -5.0 -10.0 5.0 10.0 5.0 10.0 -5.0
116.0 80.0 4 -10.0 -5.0 -10.0 5.0 10.0 5.0 10.0 -5.0
136.0 108.0 4 -10.0 -5.0 -10.0 5.0 10.0 5.0 10.0 -5.0
70.0 71.0 4 -10.0 -5.0 -10.0 5.0 10.0 5.0 10.0 -5.0
106.0 75.0 4 -10.0 -5.0 -10.0 5.0 10.0 5.0 10.0 -5.0
73.0 107.0 4 -10.0 -5.0 -10.0 5.0 10.0 5.0 10.0 -5.0
79.0 77.0 4 -10.0 -5.0 -10.0 5.0 10.0 5.0 10.0 -5.0
93.0 129.0 4 -10.0 -5.0 -10.0 5.0 10.0 5.0 10.0 -5.0
97.0 62.0 4 -10.0 -5.0 -10.0 5.0 10.0 5.0 10.0 -5.0
144.0 99.0 4 -10.0 -5.0 -10.0 5.0 10.0 5.0 10.0 -5.0
75.0 109.0 4 -10.0 -5.0 -10.0 5.0 10.0 5.0 10.0 -5.0
126.0 79.0 4 -10.0 -5.0 -10.0 5.0 10.0 5.0 10.0 -5.0
56.0 86.0 4 -10.0 -5.0 -10.0 5.0 10.0 5.0 10.0 -5.0
117.0 87.0 4 -10.0 -5.0 -10.0 5.0 10.0 5.0 10.0 -5.0
103.0 110.0 4 -10.0 -5.0 -10.0 5.0 10.0 5.0 10.0 -5.0
54.0 75.0 4 -10.0 -5.0 -10.0 5.0 10.0 5.0 10.0 -5.0
96.0 66.0 4 -10.0 -5.0 -10.0 5.0 10.0 5.0 10.0 -5.0
83.0 109.0 4 -10.0 -5.0 -10.0 5.0 10.0 5.0 10.0 -5.0
44.0 34.0 4 -10.0 -5.0 -10.0 5.0 10.0 5.0 10.0 -5.0
