100
76.0 60.0 6 10.0 0.0 1.6666666666666672 2.8867513459481287 -4.999999999999998 8.660254037844387 -3.3333333333333335 4.082155997157844e-16 -5.000000000000004 -8.660254037844384 1.6666666666666645 -2.8867513459481304
107.0 99.0 12 10.0 0.0 2.886751345948129 1.6666666666666665 5.000000000000001 8.660254037844386 2.041077998578922e-16 3.3333333333333335 -4.999999999999998 8.660254037844387 -2.886751345948128 1.6666666666666679 -10.0 1.2246467991473533e-15 -2.8867513459481295 -1.6666666666666659 -5.000000000000004 -8.660254037844384 -6.123233995736766e-16 -3.3333333333333335 4.999999999999993 -8.66025403784439 2.886751345948128 -1.6666666666666683
124.0 81.0 6 10.0 0.0 1.6666666666666672 2.8867513459481287 -4.999999999999998 8.660254037844387 -3.3333333333333335 4.082155997157844e-16 -5.000000000000004 -8.660254037844384 1.6666666666666645 -2.8867513459481304
56.0 39.0 6 10.0 0.0 1.6666666666666672 2.8867513459481287 -4.999999999999998 8.660254037844387 -3.3333333333333335 4.082155997157844e-16 -5.000000000000004 -8.660254037844384 1.6666666666666645 -2.8867513459481304
80.0 107.0 12 10.0 0.0 2.886751345948129 1.6666666666666665 5.000000000000001 8.660254037844386 2.041077998578922e-16 3.3333333333333335 -4.999999999999998 8.660254037844387 -2.886751345948128 1.6666666666666679 -10.0 1.2246467991473533e-15 -2.8867513459481295 -1.6666666666666659 -5.000000000000004 -8.660254037844384 -6.123233995736766e-16 -3.3333333333333335 4.999999999999993 -8.66025403784439 2.886751345948128 -1.6666666666666683
68.0 88.0 10 10.0 0.0 2.696723314583158 1.9592841743082439 3.0901699437494745 9.510565162951535 -1.0300566479164912 3.170188387650512 -8.090169943749473 5.877852522924733 -3.3333333333333335 4.082155997157844e-16 -8.090169943749476 -5.87785252292473 -1.0300566479164919 -3.1701883876505117 3.0901699437494723 -9.510565162951536 2.6967233145831577 -1.9592841743082445
104.0 82.0 12 10.0 0.0 2.886751345948129 1.6666666666666665 5.000000000000001 8.660254037844386 2.041077998578922e-16 3.3333333333333335 -4.999999999999998 8.660254037844387 -2.886751345948128 1.6666666666666679 -10.0 1.2246467991473533e-15 -2.8867513459481295 -1.6666666666666659 -5.000000000000004 -8.660254037844384 -6.123233995736766e-16 -3.3333333333333335 4.999999999999993 -8.66025403784439 2.886751345948128 -1.6666666666666683
55.0 83.0 8 10.0 0.0 2.3570226039551585 2.3570226039551585 6.123233995736766e-16 10.0 -2.3570226039551585 2.3570226039551585 -10.0 1.2246467991473533e-15 -2.357022603955159 -2.3570226039551585 -1.8369701987210296e-15 -10.0 2.357022603955158 -2.357022603955159
95.0 94.0 6 10.0 0.0 1.6666666666666672 2.8867513459481287 -4.999999999999998 8.660254037844387 -3.3333333333333335 4.082155997157844e-16 -5.000000000000004 -8.660254037844384 1.6666666666666645 -2.8867513459481304
69.0 120.0 8 10.0 0.0 2.3570226039551585 2.3570226039551585 6.123233995736766e-16 10.0 -2.3570226039551585 2.3570226039551585 -10.0 1.2246467991473533e-15 -2.357022603955159 -2.3570226039551585 -1.8369701987210296e-15 -10.0 2.357022603955158 -2.357022603955159
96.0 62.0 12 10.0 0.0 2.886751345948129 1.6666666666666665 5.000000000000001 8.660254037844386 2.041077998578922e-16 3.3333333333333335 -4.999999999999998 8.660254037844387 -2.886751345948128 1.6666666666666679 -10.0 1.2246467991473533e-15 -2.8867513459481295 -1.6666666666666659 -5.000000000000004 -8.660254037844384 -6.123233995736766e-16 -3.3333333333333335 4.999999999999993 -8.66025403784439 2.886751345948128 -1.6666666666666683
117.0 68.0 6 10.0 0.0 1.6666666666666672 2.8867513459481287 -4.999999999999998 8.660254037844387 -3.3333333333333335 4.082155997157844e-16 -5.000000000000004 -8.660254037844384 1.6666666666666645 -2.8867513459481304
38.0 60.0 8 10.0 0.0 2.3570226039551585 2.3570226039551585 6.123233995736766e-16 10.0 -2.3570226039551585 2.3570226039551585 -10.0 1.2246467991473533e-15 -2.357022603955159 -2.3570226039551585 -1.8369701987210296e-15 -10.0 2.357022603955158 -2.357022603955159
115.0 87.0 6 10.0 0.0 1.6666666666666672 2.8867513459481287 -4.999999999999998 8.660254037844387 -3.3333333333333335 4.082155997157844e-16 -5.000000000000004 -8.660254037844384 1.6666666666666645 -2.8867513459481304
63.0 78.0 6 10.0 0.0 1.6666666666666672 2.8867513459481287 -4.999999999999998 8.660254037844387 -3.3333333333333335 4.082155997157844e-16 -5.000000000000004 -8.660254037844384 1.6666666666666645 -2.8867513459481304
84.0 70.0 8 10.0 0.0 2.3570226039551585 2.3570226039551585 6.123233995736766e-16 10.0 -2.3570226039551585 2.3570226039551585 -10.0 1.2246467991473533e-15 -2.357022603955159 -2.3570226039551585 -1.8369701987210296e-15 -10.0 2.357022603955158 -2.357022603955159
71.0 91.0 6 10.0 0.0 1.6666666666666672 2.8867513459481287 -4.999999999999998 8.660254037844387 -3.3333333333333335 4.082155997157844e-16 -5.000000000000004 -8.660254037844384 1.6666666666666645 -2.8867513459481304
55.0 71.0 6 10.0 0.0 1.6666666666666672 2.8867513459481287 -4.999999999999998 8.660254037844387 -3.3333333333333335 4.082155997157844e-16 -5.000000000000004 -8.660254037844384 1.6666666666666645 -2.8867513459481304
48.0 81.0 12 10.0 0.0 2.886751345948129 1.6666666666666665 5.000000000000001 8.660254037844386 2.041077998578922e-16 3.3333333333333335 -4.999999999999998 8.660254037844387 -2.886751345948128 1.6666666666666679 -10.0 1.2246467991473533e-15 -2.8867513459481295 -1.6666666666666659 -5.000000000000004 -8.660254037844384 -6.123233995736766e-16 -3.3333333333333335 4.999999999999993 -8.66025403784439 2.886751345948128 -1.6666666666666683
69.0 44.0 8 10.0 0.0 2.3570226039551585 2.3570226039551585 6.123233995736766e-16 10.0 -2.3570226039551585 2.3570226039551585 -10.0 1.2246467991473533e-15 -2.357022603955159 -2.3570226039551585 -1.8369701987210296e-15 -10.0 2.357022603955158 -2.357022603955159
107.0 111.0 8 10.0 0.0 2.3570226039551585 2.3570226039551585 6.123233995736766e-16 10.0 -2.3570226039551585 2.3570226039551585 -10.0 1.2246467991473533e-15 -2.357022603955159 -2.3570226039551585 -1.8369701987210296e-15 -10.0 2.357022603955158 -2.357022603955159
82.0 119.0 8 10.0 0.0 2.3570226039551585 2.3570226039551585 6.123233995736766e-16 10.0 -2.3570226039551585 2.3570226039551585 -10.0 1.2246467991473533e-15 -2.357022603955159 -2.3570226039551585 -1.8369701987210296e-15 -10.0 2.357022603955158 -2.357022603955159
68.0 70.0 6 10.0 0.0 1.6666666666666672 2.8867513459481287 -4.999999999999998 8.660254037844387 -3.3333333333333335 4.082155997157844e-16 -5.000000000000004 -8.660254037844384 1.6666666666666645 -2.8867513459481304
84.0 66.0 10 10.0 0.0 2.696723314583158 1.9592841743082439 3.0901699437494745 9.510565162951535 -1.0300566479164912 3.170188387650512 -8.090169943749473 5.877852522924733 -3.3333333333333335 4.082155997157844e-16 -8.090169943749476 -5.87785252292473 -1.0300566479164919 -3.1701883876505117 3.0901699437494723 -9.510565162951536 2.6967233145831577 -1.9592841743082445
48.0 100.0 6 10.0 0.0 1.6666666666666672 2.8867513459481287 -4.999999999999998 8.660254037844387 -3.3333333333333335 4.082155997157844e-16 -5.000000000000004 -8.660254037844384 1.6666666666666645 -2.8867513459481304
44.0 75.0 12 10.0 0.0 2.886751345948129 1.6666666666666665 5.000000000000001 8.660254037844386 2.041077998578922e-16 3.3333333333333335 -4.999999999999998 8.660254037844387 -2.886751345948128 1.6666666666666679 -10.0 1.2246467991473533e-15 -2.8867513459481295 -1.6666666666666659 -5.000000000000004 -8.660254037844384 -6.123233995736766e-16 -3.3333333333333335 4.999999999999993 -8.66025403784439 2.886751345948128 -1.6666666666666683
97.0 51.0 8 10.0 0.0 2.3570226039551585 2.3570226039551585 6.123233995736766e-16 10.0 -2.3570226039551585 2.3570226039551585 -10.0 1.2246467991473533e-15 -2.357022603955159 -2.3570226039551585 -1.8369701987210296e-15 -10.0 2.357022603955158 -2.357022603955159
68.0 80.0 10 10.0 0.0 2.696723314583158 1.9592841743082439 3.0901699437494745 9.510565162951535 -1.0300566479164912 3.170188387650512 -8.090169943749473 5.877852522924733 -3.3333333333333335 4.082155997157844e-16 -8.090169943749476 -5.87785252292473 -1.0300566479164919 -3.1701883876505117 3.0901699437494723 -9.510565162951536 2.6967233145831577 -1.9592841743082445
116.0 44.0 6 10.0 0.0 1.6666666666666672 2.8867513459481287 -4.999999999999998 8.660254037844387 -3.3333333333333335 4.082155997157844e-16 -5.000000000000004 -8.660254037844384 1.6666666666666645 -2.8867513459481304
75.0 73.0 12 10.0 0.0 2.886751345948129 1.6666666666666665 5.000000000000001 8.660254037844386 2.041077998578922e-16 3.3333333333333335 -4.999999999999998 8.660254037844387 -2.886751345948128 1.6666666666666679 -10.0 1.2246467991473533e-15 -2.8867513459481295 -1.6666666666666659 -5.000000000000004 -8.660254037844384 -6.123233995736766e-16 -3.3333333333333335 4.999999999999993 -8.66025403784439 2.886751345948128 -1.6666666666666683
136.0 73.0 12 10.0 0.0 2.886751345948129 1.6666666666666665 5.000000000000001 8.660254037844386 2.041077998578922e-16 3.3333333333333335 -4.999999999999998 8.660254037844387 -2.886751345948128 1.6666666666666679 -10.0 1.2246467991473533e-15 -2.8867513459481295 -1.6666666666666659 -5.000000000000004 -8.660254037844384 -6.123233995736766e-16 -3.3333333333333335 4.999999999999993 -8.66025403784439 2.886751345948128 -1.6666666666666683
112.0 72.0 6 10.0 0.0 1.6666666666666672 2.8867513459481287 -4.999999999999998 8.660254037844387 -3.3333333333333335 4.082155997157844e-16 -5.000000000000004 -8.660254037844384 1.6666666666666645 -2.8867513459481304
126.0 36.0 12 10.0 0.0 2.886751345948129 1.6666666666666665 5.000000000000001 8.660254037844386 2.041077998578922e-16 3.3333333333333335 -4.999999999999998 8.660254037844387 -2.886751345948128 1.6666666666666679 -10.0 1.2246467991473533e-15 -2.8867513459481295 -1.6666666666666659 -5.000000000000004 -8.660254037844384 -6.123233995736766e-16 -3.3333333333333335 4.999999999999993 -8.66025403784439 2.886751345948128 -1.6666666666666683
79.0 143.0 12 10.0 0.0 2.886751345948129 1.6666666666666665 5.000000000000001 8.660254037844386 2.041077998578922e-16 3.3333333333333335 -4.999999999999998 8.660254037844387 -2.886751345948128 1.6666666666666679 -10.0 1.2246467991473533e-15 -2.8867513459481295 -1.6666666666666659 -5.000000000000004 -8.660254037844384 -6.123233995736766e-16 -3.3333333333333335 4.999999999999993 -8.66025403784439 2.886751345948128 -1.6666666666666683
147.0 110.0 6 10.0 0.0 1.6666666666666672 2.8867513459481287 -4.999999999999998 8.660254037844387 -3.3333333333333335 4.082155997157844e-16 -5.000000000000004 -8.660254037844384 1.6666666666666645 -2.8867513459481304
137.0 88.0 6 10.0 0.0 1.6666666666666672 2.8867513459481287 -4.999999999999998 8.660254037844387 -3.3333333333333335 4.082155997157844e-16 -5.000000000000004 -8.660254037844384 1.6666666666666645 -2.8867513459481304
91.0 25.0 12 10.0 0.0 2.886751345948129 1.6666666666666665 5.000000000000001 8.660254037844386 2.041077998578922e-16 3.3333333333333335 -4.999999999999998 8.660254037844387 -2.886751345948128 1.6666666666666679 -10.0 1.2246467991473533e-15 -2.8867513459481295 -1.6666666666666659 -5.000000000000004 -8.660254037844384 -6.123233995736766e-16 -3.3333333333333335 4.999999999999993 -8.66025403784439 2.886751345948128 -1.6666666666666683
161.0 70.0 10 10.0 0.0 2.696723314583158 1.9592841743082439 3.0901699437494745 9.510565162951535 -1.0300566479164912 3.170188387650512 -8.090169943749473 5.877852522924733 -3.3333333333333335 4.082155997157844e-16 -8.090169943749476 -5.87785252292473 -1.0300566479164919 -3.1701883876505117 3.0901699437494723 -9.510565162951536 2.6967233145831577 -1.9592841743082445
79.0 101.0 12 10.0 0.0 2.886751345948129 1.6666666666666665 5.000000000000001 8.660254037844386 2.041077998578922e-16 3.3333333333333335 -4.999999999999998 8.660254037844387 -2.886751345948128 1.6666666666666679 -10.0 1.2246467991473533e-15 -2.8867513459481295 -1.6666666666666659 -5.000000000000004 -8.660254037844384 -6.123233995736766e-16 -3.3333333333333335 4.999999999999993 -8.66025403784439 2.886751345948128 -1.6666666666666683
109.0 114.0 12 10.0 0.0 2.886751345948129 1.6666666666666665 5.000000000000001 8.660254037844386 2.041077998578922e-16 3.3333333333333335 -4.999999999999998 8.660254037844387 -2.886751345948128 1.6666666666666679 -10.0 1.2246467991473533e-15 -2.8867513459481295 -1.6666666666666659 -5.000000000000004 -8.660254037844384 -6.123233995736766e-16 -3.3333333333333335 4.999999999999993 -8.66025403784439 2.886751345948128 -1.6666666666666683
46.0 62.0 6 10.0 0.0 1.6666666666666672 2.8867513459481287 -4.999999999999998 8.660254037844387 -3.3333333333333335 4.082155997157844e-16 -5.000000000000004 -8.660254037844384 1.6666666666666645 -2.8867513459481304
71.0 102.0 8 10.0 0.0 2.3570226039551585 2.3570226039551585 6.123233995736766e-16 10.0 -2.3570226039551585 2.3570226039551585 -10.0 1.2246467991473533e-15 -2.357022603955159 -2.3570226039551585 -1.8369701987210296e-15 -10.0 2.357022603955158 -2.357022603955159
94.0 76.0 6 10.0 0.0 1.6666666666666672 2.8867513459481287 -4.999999999999998 8.660254037844387 -3.3333333333333335 4.082155997157844e-16 -5.000000000000004 -8.660254037844384 1.6666666666666645 -2.8867513459481304
104.0 91.0 10 10.0 0.0 2.696723314583158 1.9592841743082439 3.0901699437494745 9.510565162951535 -1.0300566479164912 3.170188387650512 -8.090169943749473 5.877852522924733 -3.3333333333333335 4.082155997157844e-16 -8.090169943749476 -5.87785252292473 -1.0300566479164919 -3.1701883876505117 3.0901699437494723 -9.510565162951536 2.6967233145831577 -1.9592841743082445
44.0 90.0 10 10.0 0.0 2.696723314583158 1.9592841743082439 3.0901699437494745 9.510565162951535 -1.0300566479164912 3.170188387650512 -8.090169943749473 5.877852522924733 -3.3333333333333335 4.082155997157844e-16 -8.090169943749476 -5.87785252292473 -1.0300566479164919 -3.1701883876505117 3.0901699437494723 -9.510565162951536 2.6967233145831577 -1.9592841743082445
95.0 70.0 6 10.0 0.0 1.6666666666666672 2.8867513459481287 -4.999999999999998 8.660254037844387 -3.3333333333333335 4.082155997157844e-16 -5.000000000000004 -8.660254037844384 1.6666666666666645 -2.8867513459481304
128.0 111.0 8 10.0 0.0 2.3570226039551585 2.3570226039551585 6.123233995736766e-16 10.0 -2.3570226039551585 2.3570226039551585 -10.0 1.2246467991473533e-15 -2.357022603955159 -2.3570226039551585 -1.8369701987210296e-15 -10.0 2.357022603955158 -2.357022603955159
76.0 85.0 6 10.0 0.0 1.6666666666666672 2.8867513459481287 -4.999999999999998 8.660254037844387 -3.3333333333333335 4.082155997157844e-16 -5.000000000000004 -8.660254037844384 1.6666666666666645 -2.8867513459481304
62.0 66.0 10 10.0 0.0 2.696723314583158 1.9592841743082439 3.0901699437494745 9.510565162951535 -1.0300566479164912 3.170188387650512 -8.090169943749473 5.877852522924733 -3.3333333333333335 4.082155997157844e-16 -8.090169943749476 -5.87785252292473 -1.0300566479164919 -3.1701883876505117 3.0901699437494723 -9.510565162951536 2.6967233145831577 -1.9592841743082445
109.0 123.0 8 10.0 0.0 2.3570226039551585 2.3570226039551585 6.123233995736766e-16 10.0 -2.3570226039551585 2.3570226039551585 -10.0 1.2246467991473533e-15 -2.357022603955159 -2.3570226039551585 -1.8369701987210296e-15 -10.0 2.357022603955158 -2.357022603955159
63.0 45.0 8 10.0 0.0 2.3570226039551585 2.3570226039551585 6.123233995736766e-16 10.0 -2.3570226039551585 2.3570226039551585 -10.0 1.2246467991473533e-15 -2.357022603955159 -2.3570226039551585 -1.8369701987210296e-15 -10.0 2.357022603955158 -2.357022603955159
62.0 115.0 12 10.0 0.0 2.886751345948129 1.6666666666666665 5.000000000000001 8.660254037844386 2.041077998578922e-16 3.3333333333333335 -4.999999999999998 8.660254037844387 -2.886751345948128 1.6666666666666679 -10.0 1.2246467991473533e-15 -2.8867513459481295 -1.6666666666666659 -5.000000000000004 -8.660254037844384 -6.123233995736766e-16 -3.3333333333333335 4.999999999999993 -8.66025403784439 2.886751345948128 -1.6666666666666683
92.0 131.0 8 10.0 0.0 2.3570226039551585 2.3570226039551585 6.123233995736766e-16 10.0 -2.3570226039551585 2.3570226039551585 -10.0 1.2246467991473533e-15 -2.357022603955159 -2.3570226039551585 -1.8369701987210296e-15 -10.0 2.357022603955158 -2.357022603955159
120.0 77.0 10 10.0 0.0 2.696723314583158 1.9592841743082439 3.0901699437494745 9.510565162951535 -1.0300566479164912 3.170188387650512 -8.090169943749473 5.877852522924733 -3.3333333333333335 4.082155997157844e-16 -8.090169943749476 -5.87785252292473 -1.0300566479164919 -3.1701883876505117 3.0901699437494723 -9.510565162951536 2.6967233145831577 -1.9592841743082445
25.0 78.0 6 10.0 0.0 1.6666666666666672 2.8867513459481287 -4.999999999999998 8.660254037844387 -3.3333333333333335 4.082155997157844e-16 -5.000000000000004 -8.660254037844384 1.6666666666666645 -2.8867513459481304
78.0 94.0 8 10.0 0.0 2.3570226039551585 2.3570226039551585 6.123233995736766e-16 10.0 -2.3570226039551585 2.3570226039551585 -10.0 1.2246467991473533e-15 -2.357022603955159 -2.3570226039551585 -1.8369701987210296e-15 -10.0 2.357022603955158 -2.357022603955159
75.0 50.0 6 10.0 0.0 1.6666666666666672 2.8867513459481287 -4.999999999999998 8.660254037844387 -3.3333333333333335 4.082155997157844e-16 -5.000000000000004 -8.660254037844384 1.6666666666666645 -2.8867513459481304
93.0 113.0 10 10.0 0.0 2.696723314583158 1.9592841743082439 3.0901699437494745 9.510565162951535 -1.0300566479164912 3.170188387650512 -8.090169943749473 5.877852522924733 -3.3333333333333335 4.082155997157844e-16 -8.090169943749476 -5.87785252292473 -1.0300566479164919 -3.1701883876505117 3.0901699437494723 -9.510565162951536 2.6967233145831577 -1.9592841743082445
122.0 107.0 10 10.0 0.0 2.696723314583158 1.9592841743082439 3.0901699437494745 9.510565162951535 -1.0300566479164912 3.170188387650512 -8.090169943749473 5.877852522924733 -3.3333333333333335 4.082155997157844e-16 -8.090169943749476 -5.87785252292473 -1.0300566479164919 -3.1701883876505117 3.0901699437494723 -9.510565162951536 2.6967233145831577 -1.9592841743082445
117.0 157.0 10 10.0 0.0 2.696723314583158 1.9592841743082439 3.0901699437494745 9.510565162951535 -1.0300566479164912 3.170188387650512 -8.090169943749473 5.877852522924733 -3.3333333333333335 4.082155997157844e-16 -8.090169943749476 -5.87785252292473 -1.0300566479164919 -3.1701883876505117 3.0901699437494723 -9.510565162951536 2.6967233145831577 -1.9592841743082445
78.0 27.0 10 10.0 0.0 2.696723314583158 1.9592841743082439 3.0901699437494745 9.510565162951535 -1.0300566479164912 3.170188387650512 -8.090169943749473 5.877852522924733 -3.3333333333333335 4.082155997157844e-16 -8.090169943749476 -5.87785252292473 -1.0300566479164919 -3.1701883876505117 3.0901699437494723 -9.510565162951536 2.6967233145831577 -1.9592841743082445
64.0 108.0 6 10.0 0.0 1.6666666666666672 2.8867513459481287 -4.999999999999998 8.660254037844387 -3.3333333333333335 4.082155997157844e-16 -5.000000000000004 -8.660254037844384 1.6666666666666645 -2.8867513459481304
131.0 64.0 6 10.0 0.0 1.6666666666666672 2.8867513459481287 -4.999999999999998 8.660254037844387 -3.3333333333333335 4.082155997157844e-16 -5.000000000000004 -8.660254037844384 1.6666666666666645 -2.8867513459481304
84.0 75.0 6 10.0 0.0 1.6666666666666672 2.8867513459481287 -4.999999999999998 8.660254037844387 -3.3333333333333335 4.082155997157844e-16 -5.000000000000004 -8.660254037844384 1.6666666666666645 -2.8867513459481304
96.0 89.0 6 10.0 0.0 1.6666666666666672 2.8867513459481287 -4.999999999999998 8.660254037844387 -3.3333333333333335 4.082155997157844e-16 -5.000000000000004 -8.660254037844384 1.6666666666666645 -2.8867513459481304
103.0 70.0 12 10.0 0.0 2.886751345948129 1.6666666666666665 5.000000000000001 8.660254037844386 2.041077998578922e-16 3.3333333333333335 -4.999999999999998 8.660254037844387 -2.886751345948128 1.6666666666666679 -10.0 1.2246467991473533e-15 -2.8867513459481295 -1.6666666666666659 -5.000000000000004 -8.660254037844384 -6.123233995736766e-16 -3.3333333333333335 4.999999999999993 -8.66025403784439 2.886751345948128 -1.6666666666666683
87.0 52.0 12 10.0 0.0 2.886751345948129 1.6666666666666665 5.000000000000001 8.660254037844386 2.041077998578922e-16 3.3333333333333335 -4.999999999999998 8.660254037844387 -2.886751345948128 1.6666666666666679 -10.0 1.2246467991473533e-15 -2.8867513459481295 -1.6666666666666659 -5.000000000000004 -8.660254037844384 -6.123233995736766e-16 -3.3333333333333335 4.999999999999993 -8.66025403784439 2.886751345948128 -1.6666666666666683
128.0 76.0 8 10.0 0.0 2.3570226039551585 2.3570226039551585 6.123233995736766e-16 10.0 -2.3570226039551585 2.3570226039551585 -10.0 1.2246467991473533e-15 -2.357022603955159 -2.3570226039551585 -1.8369701987210296e-15 -10.0 2.357022603955158 -2.357022603955159
102.0 48.0 8 10.0 0.0 2.3570226039551585 2.3570226039551585 6.123233995736766e-16 10.0 -2.3570226039551585 2.3570226039551585 -10.0 1.2246467991473533e-15 -2.357022603955159 -2.3570226039551585 -1.8369701987210296e-15 -10.0 2.357022603955158 -2.357022603955159
108.0 75.0 10 10.0 0.0 2.696723314583158 1.9592841743082439 3.0901699437494745 9.510565162951535 -1.0300566479164912 3.170188387650512 -8.090169943749473 5.877852522924733 -3.3333333333333335 4.082155997157844e-16 -8.090169943749476 -5.87785252292473 -1.0300566479164919 -3.1701883876505117 3.0901699437494723 -9.510565162951536 2.6967233145831577 -1.9592841743082445
57.0 95.0 12 10.0 0.0 2.886751345948129 1.6666666666666665 5.000000000000001 8.660254037844386 2.041077998578922e-16 3.3333333333333335 -4.999999999999998 8.660254037844387 -2.886751345948128 1.6666666666666679 -10.0 1.2246467991473533e-15 -2.8867513459481295 -1.6666666666666659 -5.000000000000004 -8.660254037844384 -6.123233995736766e-16 -3.3333333333333335 4.999999999999993 -8.66025403784439 2.886751345948128 -1.6666666666666683
84.0 98.0 12 10.0 0.0 2.886751345948129 1.6666666666666665 5.000000000000001 8.660254037844386 2.041077998578922e-16 3.3333333333333335 -4.999999999999998 8.660254037844387 -2.886751345948128 1.6666666666666679 -10.0 1.2246467991473533e-15 -2.8867513459481295 -1.6666666666666659 -5.000000000000004 -8.660254037844384 -6.123233995736766e-16 -3.3333333333333335 4.999999999999993 -8.66025403784439 2.886751345948128 -1.6666666666666683
75.0 106.0 12 10.0 0.0 2.886751345948129 1.6666666666666665 5.000000000000001 8.660254037844386 2.041077998578922e-16 3.3333333333333335 -4.999999999999998 8.660254037844387 -2.886751345948128 1.6666666666666679 -10.0 1.2246467991473533e-15 -2.8867513459481295 -1.6666666666666659 -5.000000000000004 -8.660254037844384 -6.123233995736766e-16 -3.3333333333333335 4.999999999999993 -8.66025403784439 2.886751345948128 -1.6666666666666683
122.0 87.0 10 10.0 0.0 2.696723314583158 1.9592841743082439 3.0901699437494745 9.510565162951535 -1.0300566479164912 3.170188387650512 -8.090169943749473 5.877852522924733 -3.3333333333333335 4.082155997157844e-16 -8.090169943749476 -5.87785252292473 -1.0300566479164919 -3.1701883876505117 3.0901699437494723 -9.510565162951536 2.6967233145831577 -1.9592841743082445
67.0 74.0 6 10.0 0.0 1.6666666666666672 2.8867513459481287 -4.999999999999998 8.660254037844387 -3.3333333333333335 4.082155997157844e-16 -5.000000000000004 -8.660254037844384 1.6666666666666645 -2.8867513459481304
34.0 102.0 8 10.0 0.0 2.3570226039551585 2.3570226039551585 6.123233995736766e-16 10.0 -2.3570226039551585 2.3570226039551585 -10.0 1.2246467991473533e-15 -2.357022603955159 -2.3570226039551585 -1.8369701987210296e-15 -10.0 2.357022603955158 -2.357022603955159
112.0 52.0 10 10.0 0.0 2.696723314583158 1.9592841743082439 3.0901699437494745 9.510565162951535 -1.0300566479164912 3.170188387650512 -8.090169943749473 5.877852522924733 -3.3333333333333335 4.082155997157844e-16 -8.090169943749476 -5.87785252292473 -1.0300566479164919 -3.1701883876505117 3.0901699437494723 -9.510565162951536 2.6967233145831577 -1.9592841743082445
115.0 110.0 10 10.0 0.0 2.696723314583158 1.9592841743082439 3.0901699437494745 9.510565162951535 -1.0300566479164912 3.170188387650512 -8.090169943749473 5.877852522924733 -3.3333333333333335 4.082155997157844e-16 -8.090169943749476 -5.87785252292473 -1.0300566479164919 -3.1701883876505117 3.0901699437494723 -9.510565162951536 2.6967233145831577 -1.9592841743082445
27.0 27.0 6 10.0 0.0 1.6666666666666672 2.8867513459481287 -4.999999999999998 8.660254037844387 -3.3333333333333335 4.082155997157844e-16 -5.000000000000004 -8.660254037844384 1.6666666666666645 -2.8867513459481304
73.0 63.0 8 10.0 0.0 2.3570226039551585 2.3570226039551585 6.123233995736766e-16 10.0 -2.3570226039551585 2.3570226039551585 -10.0 1.2246467991473533e-15 -2.357022603955159 -2.3570226039551585 -1.8369701987210296e-15 -10.0 2.357022603955158 -2.357022603955159
49.0 91.0 10 10.0 0.0 2.696723314583158 1.9592841743082439 3.0901699437494745 9.510565162951535 -1.0300566479164912 3.170188387650512 -8.090169943749473 5.877852522924733 -3.3333333333333335 4.082155997157844e-16 -8.090169943749476 -5.87785252292473 -1.0300566479164919 -3.1701883876505117 3.0901699437494723 -9.510565162951536 2.6967233145831577 -1.9592841743082445
63.0 57.0 12 10.0 0.0 2.886751345948129 1.6666666666666665 5.000000000000001 8.660254037844386 2.041077998578922e-16 3.3333333333333335 -4.999999999999998 8.660254037844387 -2.886751345948128 1.6666666666666679 -10.0 1.2246467991473533e-15 -2.8867513459481295 -1.6666666666666659 -5.000000000000004 -8.660254037844384 -6.123233995736766e-16 -3.3333333333333335 4.999999999999993 -8.66025403784439 2.886751345948128 -1.6666666666666683
46.0 51.0 8 10.0 0.0 2.3570226039551585 2.3570226039551585 6.123233995736766e-16 10.0 -2.3570226039551585 2.3570226039551585 -10.0 1.2246467991473533e-15 -2.357022603955159 -2.3570226039551585 -1.8369701987210296e-15 -10.0 2.357022603955158 -2.357022603955159
133.0 92.0 8 10.0 0.0 2.3570226039551585 2.3570226039551585 6.123233995736766e-16 10.0 -2.3570226039551585 2.3570226039551585 -10.0 1.2246467991473533e-15 -2.357022603955159 -2.3570226039551585 -1.8369701987210296e-15 -10.0 2.357022603955158 -2.357022603955159
105.0 63.0 6 10.0 0.0 1.6666666666666672 2.8867513459481287 -4.999999999999998 8.660254037844387 -3.3333333333333335 4.082155997157844e-16 -5.000000000000004 -8.660254037844384 1.6666666666666645 -2.8867513459481304
112.0 89.0 8 10.0 0.0 2.3570226039551585 2.3570226039551585 6.123233995736766e-16 10.0 -2.3570226039551585 2.3570226039551585 -10.0 1.2246467991473533e-15 -2.357022603955159 -2.3570226039551585 -1.8369701987210296e-15 -10.0 2.357022603955158 -2.357022603955159
95.0 108.0 12 10.0 0.0 2.886751345948129 1.6666666666666665 5.000000000000001 8.660254037844386 2.041077998578922e-16 3.3333333333333335 -4.999999999999998 8.660254037844387 -2.886751345948128 1.6666666666666679 -10.0 1.2246467991473533e-15 -2.8867513459481295 -1.6666666666666659 -5.000000000000004 -8.660254037844384 -6.123233995736766e-16 -3.3333333333333335 4.999999999999993 -8.66025403784439 2.886751345948128 -1.6666666666666683
89.0 82.0 10 10.0 0.0 2.696723314583158 1.9592841743082439 3.0901699437494745 9.510565162951535 -1.0300566479164912 3.170188387650512 -8.090169943749473 5.877852522924733 -3.3333333333333335 4.082155997157844e-16 -8.090169943749476 -5.87785252292473 -1.0300566479164919 -3.1701883876505117 3.0901699437494723 -9.510565162951536 2.6967233145831577 -1.9592841743082445
129.0 49.0 8 10.0 0.0 2.3570226039551585 2.3570226039551585 6.123233995736766e-16 10.0 -2.3570226039551585 2.3570226039551585 -10.0 1.2246467991473533e-15 -2.357022603955159 -2.3570226039551585 -1.8369701987210296e-15 -10.0 2.357022603955158 -2.357022603955159
93.0 44.0 10 10.0 0.0 2.696723314583158 1.9592841743082439 3.0901699437494745 9.510565162951535 -1.0300566479164912 3.170188387650512 -8.090169943749473 5.877852522924733 -3.3333333333333335 4.082155997157844e-16 -8.090169943749476 -5.87785252292473 -1.0300566479164919 -3.1701883876505117 3.0901699437494723 -9.510565162951536 2.6967233145831577 -1.9592841743082445
81.0 48.0 12 10.0 0.0 2.886751345948129 1.6666666666666665 5.000000000000001 8.660254037844386 2.041077998578922e-16 3.3333333333333335 -4.999999999999998 8.660254037844387 -2.886751345948128 1.6666666666666679 -10.0 1.2246467991473533e-15 -2.8867513459481295 -1.6666666666666659 -5.000000000000004 -8.660254037844384 -6.123233995736766e-16 -3.3333333333333335 4.999999999999993 -8.66025403784439 2.886751345948128 -1.6666666666666683
82.0 41.0 8 10.0 0.0 2.3570226039551585 2.3570226039551585 6.123233995736766e-16 10.0 -2.3570226039551585 2.3570226039551585 -10.0 1.2246467991473533e-15 -2.357022603955159 -2.3570226039551585 -1.8369701987210296e-15 -10.0 2.357022603955158 -2.357022603955159
117.0 141.0 12 10.0 0.0 2.886751345948129 1.6666666666666665 5.000000000000001 8.660254037844386 2.041077998578922e-16 3.3333333333333335 -4.999999999999998 8.660254037844387 -2.886751345948128 1.6666666666666679 -10.0 1.2246467991473533e-15 -2.8867513459481295 -1.6666666666666659 -5.000000000000004 -8.660254037844384 -6.123233995736766e-16 -3.3333333333333335 4.999999999999993 -8.66025403784439 2.886751345948128 -1.6666666666666683
104.0 52.0 8 10.0 0.0 2.3570226039551585 2.3570226039551585 6.123233995736766e-16 10.0 -2.3570226039551585 2.3570226039551585 -10.0 1.2246467991473533e-15 -2.357022603955159 -2.3570226039551585 -1.8369701987210296e-15 -10.0 2.357022603955158 -2.357022603955159
139.0 57.0 6 10.0 0.0 1.6666666666666672 2.8867513459481287 -4.999999999999998 8.660254037844387 -3.3333333333333335 4.082155997157844e-16 -5.000000000000004 -8.660254037844384 1.6666666666666645 -2.8867513459481304
93.0 98.0 6 10.0 0.0 1.6666666666666672 2.8867513459481287 -4.999999999999998 8.660254037844387 -3.3333333333333335 4.082155997157844e-16 -5.000000000000004 -8.660254037844384 1.6666666666666645 -2.8867513459481304
85.0 133.0 10 10.0 0.0 2.696723314583158 1.9592841743082439 3.0901699437494745 9.510565162951535 -1.0300566479164912 3.170188387650512 -8.090169943749473 5.877852522924733 -3.3333333333333335 4.082155997157844e-16 -8.090169943749476 -5.87785252292473 -1.0300566479164919 -3.1701883876505117 3.0901699437494723 -9.510565162951536 2.6967233145831577 -1.9592841743082445
55.0 117.0 6 10.0 0.0 1.6666666666666672 2.8867513459481287 -4.999999999999998 8.660254037844387 -3.3333333333333335 4.082155997157844e-16 -5.000000000000004 -8.660254037844384 1.6666666666666645 -2.8867513459481304
36.0 45.0 6 10.0 0.0 1.6666666666666672 2.8867513459481287 -4.999999999999998 8.660254037844387 -3.3333333333333335 4.082155997157844e-16 -5.000000000000004 -8.660254037844384 1.6666666666666645 -2.8867513459481304
43.0 115.0 8 10.0 0.0 2.3570226039551585 2.3570226039551585 6.123233995736766e-16 10.0 -2.3570226039551585 2.3570226039551585 -10.0 1.2246467991473533e-15 -2.357022603955159 -2.3570226039551585 -1.8369701987210296e-15 -10.0 2.357022603955158 -2.357022603955159
