200
313.0 268.0 8 10.0 0.0 2.3570226039551585 2.3570226039551585 6.123233995736766e-16 10.0 -2.3570226039551585 2.3570226039551585 -10.0 1.2246467991473533e-15 -2.357022603955159 -2.3570226039551585 -1.8369701987210296e-15 -10.0 2.357022603955158 -2.357022603955159
390.0 231.0 6 10.0 0.0 1.6666666666666672 2.8867513459481287 -4.999999999999998 8.660254037844387 -3.3333333333333335 4.082155997157844e-16 -5.000000000000004 -8.660254037844384 1.6666666666666645 -2.8867513459481304
298.0 212.0 6 10.0 0.0 1.6666666666666672 2.8867513459481287 -4.999999999999998 8.660254037844387 -3.3333333333333335 4.082155997157844e-16 -5.000000000000004 -8.660254037844384 1.6666666666666645 -2.8867513459481304
327.0 302.0 10 10.0 0.0 2.696723314583158 1.9592841743082439 3.0901699437494745 9.510565162951535 -1.0300566479164912 3.170188387650512 -8.090169943749473 5.877852522924733 -3.3333333333333335 4.082155997157844e-16 -8.090169943749476 -5.87785252292473 -1.0300566479164919 -3.1701883876505117 3.0901699437494723 -9.510565162951536 2.6967233145831577 -1.9592841743082445
246.0 321.0 8 10.0 0.0 2.3570226039551585 2.3570226039551585 6.123233995736766e-16 10.0 -2.3570226039551585 2.3570226039551585 -10.0 1.2246467991473533e-15 -2.357022603955159 -2.3570226039551585 -1.8369701987210296e-15 -10.0 2.357022603955158 -2.357022603955159
252.0 347.0 6 10.0 0.0 1.6666666666666672 2.8867513459481287 -4.999999999999998 8.660254037844387 -3.3333333333333335 4.082155997157844e-16 -5.000000000000004 -8.660254037844384 1.6666666666666645 -2.8867513459481304
180.0 310.0 6 10.0 0.0 1.6666666666666672 2.8867513459481287 -4.999999999999998 8.660254037844387 -3.3333333333333335 4.082155997157844e-16 -5.000000000000004 -8.660254037844384 1.6666666666666645 -2.8867513459481304
292.0 165.0 12 10.0 0.0 2.886751345948129 1.6666666666666665 5.000000000000001 8.660254037844386 2.041077998578922e-16 3.3333333333333335 -4.999999999999998 8.660254037844387 -2.886751345948128 1.6666666666666679 -10.0 1.2246467991473533e-15 -2.8867513459481295 -1.6666666666666659 -5.000000000000004 -8.660254037844384 -6.123233995736766e-16 -3.3333333333333335 4.999999999999993 -8.66025403784439 2.886751345948128 -1.6666666666666683
128.0 317.0 6 10.0 0.0 1.6666666666666672 2.8867513459481287 -4.999999999999998 8.660254037844387 -3.3333333333333335 4.082155997157844e-16 -5.000000000000004 -8.660254037844384 1.6666666666666645 -2.8867513459481304
212.0 391.0 12 10.0 0.0 2.886751345948129 1.6666666666666665 5.000000000000001 8.660254037844386 2.041077998578922e-16 3.3333333333333335 -4.999999999999998 8.660254037844387 -2.886751345948128 1.6666666666666679 -10.0 1.2246467991473533e-15 -2.8867513459481295 -1.6666666666666659 -5.000000000000004 -8.660254037844384 -6.123233995736766e-16 -3.3333333333333335 4.999999999999993 -8.66025403784439 2.886751345948128 -1.6666666666666683
173.0 454.0 6 10.0 0.0 1.6666666666666672 2.8867513459481287 -4.999999999999998 8.660254037844387 -3.3333333333333335 4.082155997157844e-16 -5.000000000000004 -8.660254037844384 1.6666666666666645 -2.8867513459481304
396.0 196.0 6 10.0 0.0 1.6666666666666672 2.8867513459481287 -4.999999999999998 8.660254037844387 -3.3333333333333335 4.082155997157844e-16 -5.000000000000004 -8.660254037844384 1.6666666666666645 -2.8867513459481304
163.0 482.0 8 10.0 0.0 2.3570226039551585 2.3570226039551585 6.123233995736766e-16 10.0 -2.3570226039551585 2.3570226039551585 -10.0 1.2246467991473533e-15 -2.357022603955159 -2.3570226039551585 -1.8369701987210296e-15 -10.0 2.357022603955158 -2.357022603955159
158.0 498.0 10 10.0 0.0 2.696723314583158 1.9592841743082439 3.0901699437494745 9.510565162951535 -1.0300566479164912 3.170188387650512 -8.090169943749473 5.877852522924733 -3.3333333333333335 4.082155997157844e-16 -8.090169943749476 -5.87785252292473 -1.0300566479164919 -3.1701883876505117 3.0901699437494723 -9.510565162951536 2.6967233145831577 -1.9592841743082445
315.0 239.0 6 10.0 0.0 1.6666666666666672 2.8867513459481287 -4.999999999999998 8.660254037844387 -3.3333333333333335 4.082155997157844e-16 -5.000000000000004 -8.660254037844384 1.6666666666666645 -2.8867513459481304
281.0 125.0 8 10.0 0.0 2.3570226039551585 2.3570226039551585 6.123233995736766e-16 10.0 -2.3570226039551585 2.3570226039551585 -10.0 1.2246467991473533e-15 -2.357022603955159 -2.3570226039551585 -1.8369701987210296e-15 -10.0 2.357022603955158 -2.357022603955159
342.0 330.0 12 10.0 0.0 2.886751345948129 1.6666666666666665 5.000000000000001 8.660254037844386 2.041077998578922e-16 3.3333333333333335 -4.999999999999998 8.660254037844387 -2.886751345948128 1.6666666666666679 -10.0 1.2246467991473533e-15 -2.8867513459481295 -1.6666666666666659 -5.000000000000004 -8.660254037844384 -6.123233995736766e-16 -3.3333333333333335 4.999999999999993 -8.66025403784439 2.886751345948128 -1.6666666666666683
162.0 281.0 6 10.0 0.0 1.6666666666666672 2.8867513459481287 -4.999999999999998 8.660254037844387 -3.3333333333333335 4.082155997157844e-16 -5.000000000000004 -8.660254037844384 1.6666666666666645 -2.8867513459481304
220.0 310.0 8 10.0 0.0 2.3570226039551585 2.3570226039551585 6.123233995736766e-16 10.0 -2.3570226039551585 2.3570226039551585 -10.0 1.2246467991473533e-15 -2.357022603955159 -2.3570226039551585 -1.8369701987210296e-15 -10.0 2.357022603955158 -2.357022603955159
340.0 286.0 10 10.0 0.0 2.696723314583158 1.9592841743082439 3.0901699437494745 9.510565162951535 -1.0300566479164912 3.170188387650512 -8.090169943749473 5.877852522924733 -3.3333333333333335 4.082155997157844e-16 -8.090169943749476 -5.87785252292473 -1.0300566479164919 -3.1701883876505117 3.0901699437494723 -9.510565162951536 2.6967233145831577 -1.9592841743082445
136.0 285.0 6 10.0 0.0 1.6666666666666672 2.8867513459481287 -4.999999999999998 8.660254037844387 -3.3333333333333335 4.082155997157844e-16 -5.000000000000004 -8.660254037844384 1.6666666666666645 -2.8867513459481304
284.0 251.0 8 10.0 0.0 2.3570226039551585 2.3570226039551585 6.123233995736766e-16 10.0 -2.3570226039551585 2.3570226039551585 -10.0 1.2246467991473533e-15 -2.357022603955159 -2.3570226039551585 -1.8369701987210296e-15 -10.0 2.357022603955158 -2.357022603955159
252.0 367.0 6 10.0 0.0 1.6666666666666672 2.8867513459481287 -4.999999999999998 8.660254037844387 -3.3333333333333335 4.082155997157844e-16 -5.000000000000004 -8.660254037844384 1.6666666666666645 -2.8867513459481304
140.0 469.0 8 10.0 0.0 2.3570226039551585 2.3570226039551585 6.123233995736766e-16 10.0 -2.3570226039551585 2.3570226039551585 -10.0 1.2246467991473533e-15 -2.357022603955159 -2.3570226039551585 -1.8369701987210296e-15 -10.0 2.357022603955158 -2.357022603955159
364.0 349.0 10 10.0 0.0 2.696723314583158 1.9592841743082439 3.0901699437494745 9.510565162951535 -1.0300566479164912 3.170188387650512 -8.090169943749473 5.877852522924733 -3.3333333333333335 4.082155997157844e-16 -8.090169943749476 -5.87785252292473 -1.0300566479164919 -3.1701883876505117 3.0901699437494723 -9.510565162951536 2.6967233145831577 -1.9592841743082445
268.0 229.0 12 10.0 0.0 2.886751345948129 1.6666666666666665 5.000000000000001 8.660254037844386 2.041077998578922e-16 3.3333333333333335 -4.999999999999998 8.660254037844387 -2.886751345948128 1.6666666666666679 -10.0 1.2246467991473533e-15 -2.8867513459481295 -1.6666666666666659 -5.000000000000004 -8.660254037844384 -6.123233995736766e-16 -3.3333333333333335 4.999999999999993 -8.66025403784439 2.886751345948128 -1.6666666666666683
366.0 297.0 6 10.0 0.0 1.6666666666666672 2.8867513459481287 -4.999999999999998 8.660254037844387 -3.3333333333333335 4.082155997157844e-16 -5.000000000000004 -8.660254037844384 1.6666666666666645 -2.8867513459481304
272.0 180.0 8 10.0 0.0 2.3570226039551585 2.3570226039551585 6.123233995736766e-16 10.0 -2.3570226039551585 2.3570226039551585 -10.0 1.2246467991473533e-15 -2.357022603955159 -2.3570226039551585 -1.8369701987210296e-15 -10.0 2.357022603955158 -2.357022603955159
442.0 180.0 6 10.0 0.0 1.6666666666666672 2.8867513459481287 -4.999999999999998 8.660254037844387 -3.3333333333333335 4.082155997157844e-16 -5.000000000000004 -8.660254037844384 1.6666666666666645 -2.8867513459481304
146.0 478.0 12 10.0 0.0 2.886751345948129 1.6666666666666665 5.000000000000001 8.660254037844386 2.041077998578922e-16 3.3333333333333335 -4.999999999999998 8.660254037844387 -2.886751345948128 1.6666666666666679 -10.0 1.2246467991473533e-15 -2.8867513459481295 -1.6666666666666659 -5.000000000000004 -8.660254037844384 -6.123233995736766e-16 -3.3333333333333335 4.999999999999993 -8.66025403784439 2.886751345948128 -1.6666666666666683
341.0 257.0 10 10.0 0.0 2.696723314583158 1.9592841743082439 3.0901699437494745 9.510565162951535 -1.0300566479164912 3.170188387650512 -8.090169943749473 5.877852522924733 -3.3333333333333335 4.082155997157844e-16 -8.090169943749476 -5.87785252292473 -1.0300566479164919 -3.1701883876505117 3.0901699437494723 -9.510565162951536 2.6967233145831577 -1.9592841743082445
233.0 429.0 12 10.0 0.0 2.886751345948129 1.6666666666666665 5.000000000000001 8.660254037844386 2.041077998578922e-16 3.3333333333333335 -4.999999999999998 8.660254037844387 -2.886751345948128 1.6666666666666679 -10.0 1.2246467991473533e-15 -2.8867513459481295 -1.6666666666666659 -5.000000000000004 -8.660254037844384 -6.123233995736766e-16 -3.3333333333333335 4.999999999999993 -8.66025403784439 2.886751345948128 -1.6666666666666683
462.0 152.0 12 10.0 0.0 2.886751345948129 1.6666666666666665 5.000000000000001 8.660254037844386 2.041077998578922e-16 3.3333333333333335 -4.999999999999998 8.660254037844387 -2.886751345948128 1.6666666666666679 -10.0 1.2246467991473533e-15 -2.8867513459481295 -1.6666666666666659 -5.000000000000004 -8.660254037844384 -6.123233995736766e-16 -3.3333333333333335 4.999999999999993 -8.66025403784439 2.886751345948128 -1.6666666666666683
88.0 322.0 8 10.0 0.0 2.3570226039551585 2.3570226039551585 6.123233995736766e-16 10.0 -2.3570226039551585 2.3570226039551585 -10.0 1.2246467991473533e-15 -2.357022603955159 -2.3570226039551585 -1.8369701987210296e-15 -10.0 2.357022603955158 -2.357022603955159
450.0 244.0 6 10.0 0.0 1.6666666666666672 2.8867513459481287 -4.999999999999998 8.660254037844387 -3.3333333333333335 4.082155997157844e-16 -5.000000000000004 -8.660254037844384 1.6666666666666645 -2.8867513459481304
178.0 491.0 6 10.0 0.0 1.6666666666666672 2.8867513459481287 -4.999999999999998 8.660254037844387 -3.3333333333333335 4.082155997157844e-16 -5.000000000000004 -8.660254037844384 1.6666666666666645 -2.8867513459481304
139.0 501.0 10 10.0 0.0 2.696723314583158 1.9592841743082439 3.0901699437494745 9.510565162951535 -1.0300566479164912 3.170188387650512 -8.090169943749473 5.877852522924733 -3.3333333333333335 4.082155997157844e-16 -8.090169943749476 -5.87785252292473 -1.0300566479164919 -3.1701883876505117 3.0901699437494723 -9.510565162951536 2.6967233145831577 -1.9592841743082445
94.0 266.0 6 10.0 0.0 1.6666666666666672 2.8867513459481287 -4.999999999999998 8.660254037844387 -3.3333333333333335 4.082155997157844e-16 -5.000000000000004 -8.660254037844384 1.6666666666666645 -2.8867513459481304
301.0 294.0 10 10.0 0.0 2.696723314583158 1.9592841743082439 3.0901699437494745 9.510565162951535 -1.0300566479164912 3.170188387650512 -8.090169943749473 5.877852522924733 -3.3333333333333335 4.082155997157844e-16 -8.090169943749476 -5.87785252292473 -1.0300566479164919 -3.1701883876505117 3.0901699437494723 -9.510565162951536 2.6967233145831577 -1.9592841743082445
306.0 139.0 10 10.0 0.0 2.696723314583158 1.9592841743082439 3.0901699437494745 9.510565162951535 -1.0300566479164912 3.170188387650512 -8.090169943749473 5.877852522924733 -3.3333333333333335 4.082155997157844e-16 -8.090169943749476 -5.87785252292473 -1.0300566479164919 -3.1701883876505117 3.0901699437494723 -9.510565162951536 2.6967233145831577 -1.9592841743082445
164.0 336.0 6 10.0 0.0 1.6666666666666672 2.8867513459481287 -4.999999999999998 8.660254037844387 -3.3333333333333335 4.082155997157844e-16 -5.000000000000004 -8.660254037844384 1.6666666666666645 -2.8867513459481304
110.0 543.0 12 10.0 0.0 2.886751345948129 1.6666666666666665 5.000000000000001 8.660254037844386 2.041077998578922e-16 3.3333333333333335 -4.999999999999998 8.660254037844387 -2.886751345948128 1.6666666666666679 -10.0 1.2246467991473533e-15 -2.8867513459481295 -1.6666666666666659 -5.000000000000004 -8.660254037844384 -6.123233995736766e-16 -3.3333333333333335 4.999999999999993 -8.66025403784439 2.886751345948128 -1.6666666666666683
153.0 479.0 8 10.0 0.0 2.3570226039551585 2.3570226039551585 6.123233995736766e-16 10.0 -2.3570226039551585 2.3570226039551585 -10.0 1.2246467991473533e-15 -2.357022603955159 -2.3570226039551585 -1.8369701987210296e-15 -10.0 2.357022603955158 -2.357022603955159
173.0 283.0 12 10.0 0.0 2.886751345948129 1.6666666666666665 5.000000000000001 8.660254037844386 2.041077998578922e-16 3.3333333333333335 -4.999999999999998 8.660254037844387 -2.886751345948128 1.6666666666666679 -10.0 1.2246467991473533e-15 -2.8867513459481295 -1.6666666666666659 -5.000000000000004 -8.660254037844384 -6.123233995736766e-16 -3.3333333333333335 4.999999999999993 -8.66025403784439 2.886751345948128 -1.6666666666666683
418.0 218.0 8 10.0 0.0 2.3570226039551585 2.3570226039551585 6.123233995736766e-16 10.0 -2.3570226039551585 2.3570226039551585 -10.0 1.2246467991473533e-15 -2.357022603955159 -2.3570226039551585 -1.8369701987210296e-15 -10.0 2.357022603955158 -2.357022603955159
310.0 182.0 12 10.0 0.0 2.886751345948129 1.6666666666666665 5.000000000000001 8.660254037844386 2.041077998578922e-16 3.3333333333333335 -4.999999999999998 8.660254037844387 -2.886751345948128 1.6666666666666679 -10.0 1.2246467991473533e-15 -2.8867513459481295 -1.6666666666666659 -5.000000000000004 -8.660254037844384 -6.123233995736766e-16 -3.3333333333333335 4.999999999999993 -8.66025403784439 2.886751345948128 -1.6666666666666683
416.0 251.0 8 10.0 0.0 2.3570226039551585 2.3570226039551585 6.123233995736766e-16 10.0 -2.3570226039551585 2.3570226039551585 -10.0 1.2246467991473533e-15 -2.357022603955159 -2.3570226039551585 -1.8369701987210296e-15 -10.0 2.357022603955158 -2.357022603955159
267.0 344.0 6 10.0 0.0 1.6666666666666672 2.8867513459481287 -4.999999999999998 8.660254037844387 -3.3333333333333335 4.082155997157844e-16 -5.000000000000004 -8.660254037844384 1.6666666666666645 -2.8867513459481304
485.0 141.0 8 10.0 0.0 2.3570226039551585 2.3570226039551585 6.123233995736766e-16 10.0 -2.3570226039551585 2.3570226039551585 -10.0 1.2246467991473533e-15 -2.357022603955159 -2.3570226039551585 -1.8369701987210296e-15 -10.0 2.357022603955158 -2.357022603955159
486.0 160.0 6 10.0 0.0 1.6666666666666672 2.8867513459481287 -4.999999999999998 8.660254037844387 -3.3333333333333335 4.082155997157844e-16 -5.000000000000004 -8.660254037844384 1.6666666666666645 -2.8867513459481304
155.0 310.0 12 10.0 0.0 2.886751345948129 1.6666666666666665 5.000000000000001 8.660254037844386 2.041077998578922e-16 3.3333333333333335 -4.999999999999998 8.660254037844387 -2.886751345948128 1.6666666666666679 -10.0 1.2246467991473533e-15 -2.8867513459481295 -1.6666666666666659 -5.000000000000004 -8.660254037844384 -6.123233995736766e-16 -3.3333333333333335 4.999999999999993 -8.66025403784439 2.886751345948128 -1.6666666666666683
480.0 266.0 10 10.0 0.0 2.696723314583158 1.9592841743082439 3.0901699437494745 9.510565162951535 -1.0300566479164912 3.170188387650512 -8.090169943749473 5.877852522924733 -3.3333333333333335 4.082155997157844e-16 -8.090169943749476 -5.87785252292473 -1.0300566479164919 -3.1701883876505117 3.0901699437494723 -9.510565162951536 2.6967233145831577 -1.9592841743082445
507.0 138.0 12 10.0 0.0 2.886751345948129 1.6666666666666665 5.000000000000001 8.660254037844386 2.041077998578922e-16 3.3333333333333335 -4.999999999999998 8.660254037844387 -2.886751345948128 1.6666666666666679 -10.0 1.2246467991473533e-15 -2.8867513459481295 -1.6666666666666659 -5.000000000000004 -8.660254037844384 -6.123233995736766e-16 -3.3333333333333335 4.999999999999993 -8.66025403784439 2.886751345948128 -1.6666666666666683
253.0 161.0 10 10.0 0.0 2.696723314583158 1.9592841743082439 3.0901699437494745 9.510565162951535 -1.0300566479164912 3.170188387650512 -8.090169943749473 5.877852522924733 -3.3333333333333335 4.082155997157844e-16 -8.090169943749476 -5.87785252292473 -1.0300566479164919 -3.1701883876505117 3.0901699437494723 -9.510565162951536 2.6967233145831577 -1.9592841743082445
507.0 278.0 10 10.0 0.0 2.696723314583158 1.9592841743082439 3.0901699437494745 9.510565162951535 -1.0300566479164912 3.170188387650512 -8.090169943749473 5.877852522924733 -3.3333333333333335 4.082155997157844e-16 -8.090169943749476 -5.87785252292473 -1.0300566479164919 -3.1701883876505117 3.0901699437494723 -9.510565162951536 2.6967233145831577 -1.9592841743082445
247.0 152.0 6 10.0 0.0 1.6666666666666672 2.8867513459481287 -4.999999999999998 8.660254037844387 -3.3333333333333335 4.082155997157844e-16 -5.000000000000004 -8.660254037844384 1.6666666666666645 -2.8867513459481304
247.0 464.0 10 10.0 0.0 2.696723314583158 1.9592841743082439 3.0901699437494745 9.510565162951535 -1.0300566479164912 3.170188387650512 -8.090169943749473 5.877852522924733 -3.3333333333333335 4.082155997157844e-16 -8.090169943749476 -5.87785252292473 -1.0300566479164919 -3.1701883876505117 3.0901699437494723 -9.510565162951536 2.6967233145831577 -1.9592841743082445
254.0 490.0 8 10.0 0.0 2.3570226039551585 2.3570226039551585 6.123233995736766e-16 10.0 -2.3570226039551585 2.3570226039551585 -10.0 1.2246467991473533e-15 -2.357022603955159 -2.3570226039551585 -1.8369701987210296e-15 -10.0 2.357022603955158 -2.357022603955159
258.0 256.0 8 10.0 0.0 2.3570226039551585 2.3570226039551585 6.123233995736766e-16 10.0 -2.3570226039551585 2.3570226039551585 -10.0 1.2246467991473533e-15 -2.357022603955159 -2.3570226039551585 -1.8369701987210296e-15 -10.0 2.357022603955158 -2.357022603955159
62.0 264.0 10 10.0 0.0 2.696723314583158 1.9592841743082439 3.0901699437494745 9.510565162951535 -1.0300566479164912 3.170188387650512 -8.090169943749473 5.877852522924733 -3.3333333333333335 4.082155997157844e-16 -8.090169943749476 -5.87785252292473 -1.0300566479164919 -3.1701883876505117 3.0901699437494723 -9.510565162951536 2.6967233145831577 -1.9592841743082445
507.0 113.0 12 10.0 0.0 2.886751345948129 1.6666666666666665 5.000000000000001 8.660254037844386 2.041077998578922e-16 3.3333333333333335 -4.999999999999998 8.660254037844387 -2.886751345948128 1.6666666666666679 -10.0 1.2246467991473533e-15 -2.8867513459481295 -1.6666666666666659 -5.000000000000004 -8.660254037844384 -6.123233995736766e-16 -3.3333333333333335 4.999999999999993 -8.66025403784439 2.886751345948128 -1.6666666666666683
504.0 253.0 6 10.0 0.0 1.6666666666666672 2.8867513459481287 -4.999999999999998 8.660254037844387 -3.3333333333333335 4.082155997157844e-16 -5.000000000000004 -8.660254037844384 1.6666666666666645 -2.8867513459481304
260.0 516.0 10 10.0 0.0 2.696723314583158 1.9592841743082439 3.0901699437494745 9.510565162951535 -1.0300566479164912 3.170188387650512 -8.090169943749473 5.877852522924733 -3.3333333333333335 4.082155997157844e-16 -8.090169943749476 -5.87785252292473 -1.0300566479164919 -3.1701883876505117 3.0901699437494723 -9.510565162951536 2.6967233145831577 -1.9592841743082445
67.0 251.0 10 10.0 0.0 2.696723314583158 1.9592841743082439 3.0901699437494745 9.510565162951535 -1.0300566479164912 3.170188387650512 -8.090169943749473 5.877852522924733 -3.3333333333333335 4.082155997157844e-16 -8.090169943749476 -5.87785252292473 -1.0300566479164919 -3.1701883876505117 3.0901699437494723 -9.510565162951536 2.6967233145831577 -1.9592841743082445
523.0 288.0 8 10.0 0.0 2.3570226039551585 2.3570226039551585 6.123233995736766e-16 10.0 -2.3570226039551585 2.3570226039551585 -10.0 1.2246467991473533e-15 -2.357022603955159 -2.3570226039551585 -1.8369701987210296e-15 -10.0 2.357022603955158 -2.357022603955159
526.0 107.0 6 10.0 0.0 1.6666666666666672 2.8867513459481287 -4.999999999999998 8.660254037844387 -3.3333333333333335 4.082155997157844e-16 -5.000000000000004 -8.660254037844384 1.6666666666666645 -2.8867513459481304
89.0 569.0 8 10.0 0.0 2.3570226039551585 2.3570226039551585 6.123233995736766e-16 10.0 -2.3570226039551585 2.3570226039551585 -10.0 1.2246467991473533e-15 -2.357022603955159 -2.3570226039551585 -1.8369701987210296e-15 -10.0 2.357022603955158 -2.357022603955159
32.0 263.0 10 10.0 0.0 2.696723314583158 1.9592841743082439 3.0901699437494745 9.510565162951535 -1.0300566479164912 3.170188387650512 -8.090169943749473 5.877852522924733 -3.3333333333333335 4.082155997157844e-16 -8.090169943749476 -5.87785252292473 -1.0300566479164919 -3.1701883876505117 3.0901699437494723 -9.510565162951536 2.6967233145831577 -1.9592841743082445
455.0 137.0 12 10.0 0.0 2.886751345948129 1.6666666666666665 5.000000000000001 8.660254037844386 2.041077998578922e-16 3.3333333333333335 -4.999999999999998 8.660254037844387 -2.886751345948128 1.6666666666666679 -10.0 1.2246467991473533e-15 -2.8867513459481295 -1.6666666666666659 -5.000000000000004 -8.660254037844384 -6.123233995736766e-16 -3.3333333333333335 4.999999999999993 -8.66025403784439 2.886751345948128 -1.6666666666666683
483.0 241.0 12 10.0 0.0 2.886751345948129 1.6666666666666665 5.000000000000001 8.660254037844386 2.041077998578922e-16 3.3333333333333335 -4.999999999999998 8.660254037844387 -2.886751345948128 1.6666666666666679 -10.0 1.2246467991473533e-15 -2.8867513459481295 -1.6666666666666659 -5.000000000000004 -8.660254037844384 -6.123233995736766e-16 -3.3333333333333335 4.999999999999993 -8.66025403784439 2.886751345948128 -1.6666666666666683
561.0 76.0 12 10.0 0.0 2.886751345948129 1.6666666666666665 5.000000000000001 8.660254037844386 2.041077998578922e-16 3.3333333333333335 -4.999999999999998 8.660254037844387 -2.886751345948128 1.6666666666666679 -10.0 1.2246467991473533e-15 -2.8867513459481295 -1.6666666666666659 -5.000000000000004 -8.660254037844384 -6.123233995736766e-16 -3.3333333333333335 4.999999999999993 -8.66025403784439 2.886751345948128 -1.6666666666666683
257.0 234.0 8 10.0 0.0 2.3570226039551585 2.3570226039551585 6.123233995736766e-16 10.0 -2.3570226039551585 2.3570226039551585 -10.0 1.2246467991473533e-15 -2.357022603955159 -2.3570226039551585 -1.8369701987210296e-15 -10.0 2.357022603955158 -2.357022603955159
551.0 253.0 10 10.0 0.0 2.696723314583158 1.9592841743082439 3.0901699437494745 9.510565162951535 -1.0300566479164912 3.170188387650512 -8.090169943749473 5.877852522924733 -3.3333333333333335 4.082155997157844e-16 -8.090169943749476 -5.87785252292473 -1.0300566479164919 -3.1701883876505117 3.0901699437494723 -9.510565162951536 2.6967233145831577 -1.9592841743082445
238.0 456.0 12 10.0 0.0 2.886751345948129 1.6666666666666665 5.000000000000001 8.660254037844386 2.041077998578922e-16 3.3333333333333335 -4.999999999999998 8.660254037844387 -2.886751345948128 1.6666666666666679 -10.0 1.2246467991473533e-15 -2.8867513459481295 -1.6666666666666659 -5.000000000000004 -8.660254037844384 -6.123233995736766e-16 -3.3333333333333335 4.999999999999993 -8.66025403784439 2.886751345948128 -1.6666666666666683
352.0 231.0 10 10.0 0.0 2.696723314583158 1.9592841743082439 3.0901699437494745 9.510565162951535 -1.0300566479164912 3.170188387650512 -8.090169943749473 5.877852522924733 -3.3333333333333335 4.082155997157844e-16 -8.090169943749476 -5.87785252292473 -1.0300566479164919 -3.1701883876505117 3.0901699437494723 -9.510565162951536 2.6967233145831577 -1.9592841743082445
502.0 223.0 12 10.0 0.0 2.886751345948129 1.6666666666666665 5.000000000000001 8.660254037844386 2.041077998578922e-16 3.3333333333333335 -4.999999999999998 8.660254037844387 -2.886751345948128 1.6666666666666679 -10.0 1.2246467991473533e-15 -2.8867513459481295 -1.6666666666666659 -5.000000000000004 -8.660254037844384 -6.123233995736766e-16 -3.3333333333333335 4.999999999999993 -8.66025403784439 2.886751345948128 -1.6666666666666683
445.0 206.0 8 10.0 0.0 2.3570226039551585 2.3570226039551585 6.123233995736766e-16 10.0 -2.3570226039551585 2.3570226039551585 -10.0 1.2246467991473533e-15 -2.357022603955159 -2.3570226039551585 -1.8369701987210296e-15 -10.0 2.357022603955158 -2.357022603955159
538.0 268.0 8 10.0 0.0 2.3570226039551585 2.3570226039551585 6.123233995736766e-16 10.0 -2.3570226039551585 2.3570226039551585 -10.0 1.2246467991473533e-15 -2.357022603955159 -2.3570226039551585 -1.8369701987210296e-15 -10.0 2.357022603955158 -2.357022603955159
225.0 341.0 8 10.0 0.0 2.3570226039551585 2.3570226039551585 6.123233995736766e-16 10.0 -2.3570226039551585 2.3570226039551585 -10.0 1.2246467991473533e-15 -2.357022603955159 -2.3570226039551585 -1.8369701987210296e-15 -10.0 2.357022603955158 -2.357022603955159
435.0 271.0 10 10.0 0.0 2.696723314583158 1.9592841743082439 3.0901699437494745 9.510565162951535 -1.0300566479164912 3.170188387650512 -8.090169943749473 5.877852522924733 -3.3333333333333335 4.082155997157844e-16 -8.090169943749476 -5.87785252292473 -1.0300566479164919 -3.1701883876505117 3.0901699437494723 -9.510565162951536 2.6967233145831577 -1.9592841743082445
588.0 257.0 8 10.0 0.0 2.3570226039551585 2.3570226039551585 6.123233995736766e-16 10.0 -2.3570226039551585 2.3570226039551585 -10.0 1.2246467991473533e-15 -2.357022603955159 -2.3570226039551585 -1.8369701987210296e-15 -10.0 2.357022603955158 -2.357022603955159
480.0 134.0 10 10.0 0.0 2.696723314583158 1.9592841743082439 3.0901699437494745 9.510565162951535 -1.0300566479164912 3.170188387650512 -8.090169943749473 5.877852522924733 -3.3333333333333335 4.082155997157844e-16 -8.090169943749476 -5.87785252292473 -1.0300566479164919 -3.1701883876505117 3.0901699437494723 -9.510565162951536 2.6967233145831577 -1.9592841743082445
88.0 582.0 12 10.0 0.0 2.886751345948129 1.6666666666666665 5.000000000000001 8.660254037844386 2.041077998578922e-16 3.3333333333333335 -4.999999999999998 8.660254037844387 -2.886751345948128 1.6666666666666679 -10.0 1.2246467991473533e-15 -2.8867513459481295 -1.6666666666666659 -5.000000000000004 -8.660254037844384 -6.123233995736766e-16 -3.3333333333333335 4.999999999999993 -8.66025403784439 2.886751345948128 -1.6666666666666683
513.0 170.0 12 10.0 0.0 2.886751345948129 1.6666666666666665 5.000000000000001 8.660254037844386 2.041077998578922e-16 3.3333333333333335 -4.999999999999998 8.660254037844387 -2.886751345948128 1.6666666666666679 -10.0 1.2246467991473533e-15 -2.8867513459481295 -1.6666666666666659 -5.000000000000004 -8.660254037844384 -6.123233995736766e-16 -3.3333333333333335 4.999999999999993 -8.66025403784439 2.886751345948128 -1.6666666666666683
586.0 53.0 10 10.0 0.0 2.696723314583158 1.9592841743082439 3.0901699437494745 9.510565162951535 -1.0300566479164912 3.170188387650512 -8.090169943749473 5.877852522924733 -3.3333333333333335 4.082155997157844e-16 -8.090169943749476 -5.87785252292473 -1.0300566479164919 -3.1701883876505117 3.0901699437494723 -9.510565162951536 2.6967233145831577 -1.9592841743082445
70.0 611.0 6 10.0 0.0 1.6666666666666672 2.8867513459481287 -4.999999999999998 8.660254037844387 -3.3333333333333335 4.082155997157844e-16 -5.000000000000004 -8.660254037844384 1.6666666666666645 -2.8867513459481304
366.0 285.0 10 10.0 0.0 2.696723314583158 1.9592841743082439 3.0901699437494745 9.510565162951535 -1.0300566479164912 3.170188387650512 -8.090169943749473 5.877852522924733 -3.3333333333333335 4.082155997157844e-16 -8.090169943749476 -5.87785252292473 -1.0300566479164919 -3.1701883876505117 3.0901699437494723 -9.510565162951536 2.6967233145831577 -1.9592841743082445
517.0 151.0 12 10.0 0.0 2.886751345948129 1.6666666666666665 5.000000000000001 8.660254037844386 2.041077998578922e-16 3.3333333333333335 -4.999999999999998 8.660254037844387 -2.886751345948128 1.6666666666666679 -10.0 1.2246467991473533e-15 -2.8867513459481295 -1.6666666666666659 -5.000000000000004 -8.660254037844384 -6.123233995736766e-16 -3.3333333333333335 4.999999999999993 -8.66025403784439 2.886751345948128 -1.6666666666666683
586.0 64.0 8 10.0 0.0 2.3570226039551585 2.3570226039551585 6.123233995736766e-16 10.0 -2.3570226039551585 2.3570226039551585 -10.0 1.2246467991473533e-15 -2.357022603955159 -2.3570226039551585 -1.8369701987210296e-15 -10.0 2.357022603955158 -2.357022603955159
349.0 320.0 12 10.0 0.0 2.886751345948129 1.6666666666666665 5.000000000000001 8.660254037844386 2.041077998578922e-16 3.3333333333333335 -4.999999999999998 8.660254037844387 -2.886751345948128 1.6666666666666679 -10.0 1.2246467991473533e-15 -2.8867513459481295 -1.6666666666666659 -5.000000000000004 -8.660254037844384 -6.123233995736766e-16 -3.3333333333333335 4.999999999999993 -8.66025403784439 2.886751345948128 -1.6666666666666683
210.0 423.0 10 10.0 0.0 2.696723314583158 1.9592841743082439 3.0901699437494745 9.510565162951535 -1.0300566479164912 3.170188387650512 -8.090169943749473 5.877852522924733 -3.3333333333333335 4.082155997157844e-16 -8.090169943749476 -5.87785252292473 -1.0300566479164919 -3.1701883876505117 3.0901699437494723 -9.510565162951536 2.6967233145831577 -1.9592841743082445
99.0 337.0 10 10.0 0.0 2.696723314583158 1.9592841743082439 3.0901699437494745 9.510565162951535 -1.0300566479164912 3.170188387650512 -8.090169943749473 5.877852522924733 -3.3333333333333335 4.082155997157844e-16 -8.090169943749476 -5.87785252292473 -1.0300566479164919 -3.1701883876505117 3.0901699437494723 -9.510565162951536 2.6967233145831577 -1.9592841743082445
95.0 303.0 10 10.0 0.0 2.696723314583158 1.9592841743082439 3.0901699437494745 9.510565162951535 -1.0300566479164912 3.170188387650512 -8.090169943749473 5.877852522924733 -3.3333333333333335 4.082155997157844e-16 -8.090169943749476 -5.87785252292473 -1.0300566479164919 -3.1701883876505117 3.0901699437494723 -9.510565162951536 2.6967233145831577 -1.9592841743082445
475.0 104.0 10 10.0 0.0 2.696723314583158 1.9592841743082439 3.0901699437494745 9.510565162951535 -1.0300566479164912 3.170188387650512 -8.090169943749473 5.877852522924733 -3.3333333333333335 4.082155997157844e-16 -8.090169943749476 -5.87785252292473 -1.0300566479164919 -3.1701883876505117 3.0901699437494723 -9.510565162951536 2.6967233145831577 -1.9592841743082445
233.0 137.0 12 10.0 0.0 2.886751345948129 1.6666666666666665 5.000000000000001 8.660254037844386 2.041077998578922e-16 3.3333333333333335 -4.999999999999998 8.660254037844387 -2.886751345948128 1.6666666666666679 -10.0 1.2246467991473533e-15 -2.8867513459481295 -1.6666666666666659 -5.000000000000004 -8.660254037844384 -6.123233995736766e-16 -3.3333333333333335 4.999999999999993 -8.66025403784439 2.886751345948128 -1.6666666666666683
251.0 452.0 10 10.0 0.0 2.696723314583158 1.9592841743082439 3.0901699437494745 9.510565162951535 -1.0300566479164912 3.170188387650512 -8.090169943749473 5.877852522924733 -3.3333333333333335 4.082155997157844e-16 -8.090169943749476 -5.87785252292473 -1.0300566479164919 -3.1701883876505117 3.0901699437494723 -9.510565162951536 2.6967233145831577 -1.9592841743082445
581.0 238.0 12 10.0 0.0 2.886751345948129 1.6666666666666665 5.000000000000001 8.660254037844386 2.041077998578922e-16 3.3333333333333335 -4.999999999999998 8.660254037844387 -2.886751345948128 1.6666666666666679 -10.0 1.2246467991473533e-15 -2.8867513459481295 -1.6666666666666659 -5.000000000000004 -8.660254037844384 -6.123233995736766e-16 -3.3333333333333335 4.999999999999993 -8.66025403784439 2.886751345948128 -1.6666666666666683
183.0 407.0 12 10.0 0.0 2.886751345948129 1.6666666666666665 5.000000000000001 8.660254037844386 2.041077998578922e-16 3.3333333333333335 -4.999999999999998 8.660254037844387 -2.886751345948128 1.6666666666666679 -10.0 1.2246467991473533e-15 -2.8867513459481295 -1.6666666666666659 -5.000000000000004 -8.660254037844384 -6.123233995736766e-16 -3.3333333333333335 4.999999999999993 -8.66025403784439 2.886751345948128 -1.6666666666666683
293.0 96.0 6 10.0 0.0 1.6666666666666672 2.8867513459481287 -4.999999999999998 8.660254037844387 -3.3333333333333335 4.082155997157844e-16 -5.000000000000004 -8.660254037844384 1.6666666666666645 -2.8867513459481304
151.0 323.0 12 10.0 0.0 2.886751345948129 1.6666666666666665 5.000000000000001 8.660254037844386 2.041077998578922e-16 3.3333333333333335 -4.999999999999998 8.660254037844387 -2.886751345948128 1.6666666666666679 -10.0 1.2246467991473533e-15 -2.8867513459481295 -1.6666666666666659 -5.000000000000004 -8.660254037844384 -6.123233995736766e-16 -3.3333333333333335 4.999999999999993 -8.66025403784439 2.886751345948128 -1.6666666666666683
202.0 448.0 12 10.0 0.0 2.886751345948129 1.6666666666666665 5.000000000000001 8.660254037844386 2.041077998578922e-16 3.3333333333333335 -4.999999999999998 8.660254037844387 -2.886751345948128 1.6666666666666679 -10.0 1.2246467991473533e-15 -2.8867513459481295 -1.6666666666666659 -5.000000000000004 -8.660254037844384 -6.123233995736766e-16 -3.3333333333333335 4.999999999999993 -8.66025403784439 2.886751345948128 -1.6666666666666683
564.0 269.0 12 10.0 0.0 2.886751345948129 1.6666666666666665 5.000000000000001 8.660254037844386 2.041077998578922e-16 3.3333333333333335 -4.999999999999998 8.660254037844387 -2.886751345948128 1.6666666666666679 -10.0 1.2246467991473533e-15 -2.8867513459481295 -1.6666666666666659 -5.000000000000004 -8.660254037844384 -6.123233995736766e-16 -3.3333333333333335 4.999999999999993 -8.66025403784439 2.886751345948128 -1.6666666666666683
66.0 600.0 6 10.0 0.0 1.6666666666666672 2.8867513459481287 -4.999999999999998 8.660254037844387 -3.3333333333333335 4.082155997157844e-16 -5.000000000000004 -8.660254037844384 1.6666666666666645 -2.8867513459481304
548.0 86.0 12 10.0 0.0 2.886751345948129 1.6666666666666665 5.000000000000001 8.660254037844386 2.041077998578922e-16 3.3333333333333335 -4.999999999999998 8.660254037844387 -2.886751345948128 1.6666666666666679 -10.0 1.2246467991473533e-15 -2.8867513459481295 -1.6666666666666659 -5.000000000000004 -8.660254037844384 -6.123233995736766e-16 -3.3333333333333335 4.999999999999993 -8.66025403784439 2.886751345948128 -1.6666666666666683
414.0 174.0 12 10.0 0.0 2.886751345948129 1.6666666666666665 5.000000000000001 8.660254037844386 2.041077998578922e-16 3.3333333333333335 -4.999999999999998 8.660254037844387 -2.886751345948128 1.6666666666666679 -10.0 1.2246467991473533e-15 -2.8867513459481295 -1.6666666666666659 -5.000000000000004 -8.660254037844384 -6.123233995736766e-16 -3.3333333333333335 4.999999999999993 -8.66025403784439 2.886751345948128 -1.6666666666666683
522.0 141.0 8 10.0 0.0 2.3570226039551585 2.3570226039551585 6.123233995736766e-16 10.0 -2.3570226039551585 2.3570226039551585 -10.0 1.2246467991473533e-15 -2.357022603955159 -2.3570226039551585 -1.8369701987210296e-15 -10.0 2.357022603955158 -2.357022603955159
382.0 304.0 6 10.0 0.0 1.6666666666666672 2.8867513459481287 -4.999999999999998 8.660254037844387 -3.3333333333333335 4.082155997157844e-16 -5.000000000000004 -8.660254037844384 1.6666666666666645 -2.8867513459481304
103.0 313.0 12 10.0 0.0 2.886751345948129 1.6666666666666665 5.000000000000001 8.660254037844386 2.041077998578922e-16 3.3333333333333335 -4.999999999999998 8.660254037844387 -2.886751345948128 1.6666666666666679 -10.0 1.2246467991473533e-15 -2.8867513459481295 -1.6666666666666659 -5.000000000000004 -8.660254037844384 -6.123233995736766e-16 -3.3333333333333335 4.999999999999993 -8.66025403784439 2.886751345948128 -1.6666666666666683
301.0 186.0 10 10.0 0.0 2.696723314583158 1.9592841743082439 3.0901699437494745 9.510565162951535 -1.0300566479164912 3.170188387650512 -8.090169943749473 5.877852522924733 -3.3333333333333335 4.082155997157844e-16 -8.090169943749476 -5.87785252292473 -1.0300566479164919 -3.1701883876505117 3.0901699437494723 -9.510565162951536 2.6967233145831577 -1.9592841743082445
368.0 331.0 8 10.0 0.0 2.3570226039551585 2.3570226039551585 6.123233995736766e-16 10.0 -2.3570226039551585 2.3570226039551585 -10.0 1.2246467991473533e-15 -2.357022603955159 -2.3570226039551585 -1.8369701987210296e-15 -10.0 2.357022603955158 -2.357022603955159
374.0 368.0 6 10.0 0.0 1.6666666666666672 2.8867513459481287 -4.999999999999998 8.660254037844387 -3.3333333333333335 4.082155997157844e-16 -5.000000000000004 -8.660254037844384 1.6666666666666645 -2.8867513459481304
239.0 214.0 6 10.0 0.0 1.6666666666666672 2.8867513459481287 -4.999999999999998 8.660254037844387 -3.3333333333333335 4.082155997157844e-16 -5.000000000000004 -8.660254037844384 1.6666666666666645 -2.8867513459481304
147.0 535.0 10 10.0 0.0 2.696723314583158 1.9592841743082439 3.0901699437494745 9.510565162951535 -1.0300566479164912 3.170188387650512 -8.090169943749473 5.877852522924733 -3.3333333333333335 4.082155997157844e-16 -8.090169943749476 -5.87785252292473 -1.0300566479164919 -3.1701883876505117 3.0901699437494723 -9.510565162951536 2.6967233145831577 -1.9592841743082445
524.0 97.0 10 10.0 0.0 2.696723314583158 1.9592841743082439 3.0901699437494745 9.510565162951535 -1.0300566479164912 3.170188387650512 -8.090169943749473 5.877852522924733 -3.3333333333333335 4.082155997157844e-16 -8.090169943749476 -5.87785252292473 -1.0300566479164919 -3.1701883876505117 3.0901699437494723 -9.510565162951536 2.6967233145831577 -1.9592841743082445
592.0 54.0 6 10.0 0.0 1.6666666666666672 2.8867513459481287 -4.999999999999998 8.660254037844387 -3.3333333333333335 4.082155997157844e-16 -5.000000000000004 -8.660254037844384 1.6666666666666645 -2.8867513459481304
617.0 261.0 10 10.0 0.0 2.696723314583158 1.9592841743082439 3.0901699437494745 9.510565162951535 -1.0300566479164912 3.170188387650512 -8.090169943749473 5.877852522924733 -3.3333333333333335 4.082155997157844e-16 -8.090169943749476 -5.87785252292473 -1.0300566479164919 -3.1701883876505117 3.0901699437494723 -9.510565162951536 2.6967233145831577 -1.9592841743082445
256.0 106.0 12 10.0 0.0 2.886751345948129 1.6666666666666665 5.000000000000001 8.660254037844386 2.041077998578922e-16 3.3333333333333335 -4.999999999999998 8.660254037844387 -2.886751345948128 1.6666666666666679 -10.0 1.2246467991473533e-15 -2.8867513459481295 -1.6666666666666659 -5.000000000000004 -8.660254037844384 -6.123233995736766e-16 -3.3333333333333335 4.999999999999993 -8.66025403784439 2.886751345948128 -1.6666666666666683
581.0 263.0 10 10.0 0.0 2.696723314583158 1.9592841743082439 3.0901699437494745 9.510565162951535 -1.0300566479164912 3.170188387650512 -8.090169943749473 5.877852522924733 -3.3333333333333335 4.082155997157844e-16 -8.090169943749476 -5.87785252292473 -1.0300566479164919 -3.1701883876505117 3.0901699437494723 -9.510565162951536 2.6967233145831577 -1.9592841743082445
191.0 469.0 8 10.0 0.0 2.3570226039551585 2.3570226039551585 6.123233995736766e-16 10.0 -2.3570226039551585 2.3570226039551585 -10.0 1.2246467991473533e-15 -2.357022603955159 -2.3570226039551585 -1.8369701987210296e-15 -10.0 2.357022603955158 -2.357022603955159
55.0 316.0 6 10.0 0.0 1.6666666666666672 2.8867513459481287 -4.999999999999998 8.660254037844387 -3.3333333333333335 4.082155997157844e-16 -5.000000000000004 -8.660254037844384 1.6666666666666645 -2.8867513459481304
141.0 269.0 6 10.0 0.0 1.6666666666666672 2.8867513459481287 -4.999999999999998 8.660254037844387 -3.3333333333333335 4.082155997157844e-16 -5.000000000000004 -8.660254037844384 1.6666666666666645 -2.8867513459481304
113.0 526.0 6 10.0 0.0 1.6666666666666672 2.8867513459481287 -4.999999999999998 8.660254037844387 -3.3333333333333335 4.082155997157844e-16 -5.000000000000004 -8.660254037844384 1.6666666666666645 -2.8867513459481304
324.0 164.0 8 10.0 0.0 2.3570226039551585 2.3570226039551585 6.123233995736766e-16 10.0 -2.3570226039551585 2.3570226039551585 -10.0 1.2246467991473533e-15 -2.357022603955159 -2.3570226039551585 -1.8369701987210296e-15 -10.0 2.357022603955158 -2.357022603955159
607.0 269.0 12 10.0 0.0 2.886751345948129 1.6666666666666665 5.000000000000001 8.660254037844386 2.041077998578922e-16 3.3333333333333335 -4.999999999999998 8.660254037844387 -2.886751345948128 1.6666666666666679 -10.0 1.2246467991473533e-15 -2.8867513459481295 -1.6666666666666659 -5.000000000000004 -8.660254037844384 -6.123233995736766e-16 -3.3333333333333335 4.999999999999993 -8.66025403784439 2.886751345948128 -1.6666666666666683
614.0 37.0 6 10.0 0.0 1.6666666666666672 2.8867513459481287 -4.999999999999998 8.660254037844387 -3.3333333333333335 4.082155997157844e-16 -5.000000000000004 -8.660254037844384 1.6666666666666645 -2.8867513459481304
182.0 520.0 10 10.0 0.0 2.696723314583158 1.9592841743082439 3.0901699437494745 9.510565162951535 -1.0300566479164912 3.170188387650512 -8.090169943749473 5.877852522924733 -3.3333333333333335 4.082155997157844e-16 -8.090169943749476 -5.87785252292473 -1.0300566479164919 -3.1701883876505117 3.0901699437494723 -9.510565162951536 2.6967233145831577 -1.9592841743082445
567.0 279.0 10 10.0 0.0 2.696723314583158 1.9592841743082439 3.0901699437494745 9.510565162951535 -1.0300566479164912 3.170188387650512 -8.090169943749473 5.877852522924733 -3.3333333333333335 4.082155997157844e-16 -8.090169943749476 -5.87785252292473 -1.0300566479164919 -3.1701883876505117 3.0901699437494723 -9.510565162951536 2.6967233145831577 -1.9592841743082445
232.0 383.0 8 10.0 0.0 2.3570226039551585 2.3570226039551585 6.123233995736766e-16 10.0 -2.3570226039551585 2.3570226039551585 -10.0 1.2246467991473533e-15 -2.357022603955159 -2.3570226039551585 -1.8369701987210296e-15 -10.0 2.357022603955158 -2.357022603955159
238.0 127.0 6 10.0 0.0 1.6666666666666672 2.8867513459481287 -4.999999999999998 8.660254037844387 -3.3333333333333335 4.082155997157844e-16 -5.000000000000004 -8.660254037844384 1.6666666666666645 -2.8867513459481304
589.0 287.0 6 10.0 0.0 1.6666666666666672 2.8867513459481287 -4.999999999999998 8.660254037844387 -3.3333333333333335 4.082155997157844e-16 -5.000000000000004 -8.660254037844384 1.6666666666666645 -2.8867513459481304
459.0 186.0 8 10.0 0.0 2.3570226039551585 2.3570226039551585 6.123233995736766e-16 10.0 -2.3570226039551585 2.3570226039551585 -10.0 1.2246467991473533e-15 -2.357022603955159 -2.3570226039551585 -1.8369701987210296e-15 -10.0 2.357022603955158 -2.357022603955159
73.0 256.0 10 10.0 0.0 2.696723314583158 1.9592841743082439 3.0901699437494745 9.510565162951535 -1.0300566479164912 3.170188387650512 -8.090169943749473 5.877852522924733 -3.3333333333333335 4.082155997157844e-16 -8.090169943749476 -5.87785252292473 -1.0300566479164919 -3.1701883876505117 3.0901699437494723 -9.510565162951536 2.6967233145831577 -1.9592841743082445
154.0 292.0 8 10.0 0.0 2.3570226039551585 2.3570226039551585 6.123233995736766e-16 10.0 -2.3570226039551585 2.3570226039551585 -10.0 1.2246467991473533e-15 -2.357022603955159 -2.3570226039551585 -1.8369701987210296e-15 -10.0 2.357022603955158 -2.357022603955159
241.0 479.0 10 10.0 0.0 2.696723314583158 1.9592841743082439 3.0901699437494745 9.510565162951535 -1.0300566479164912 3.170188387650512 -8.090169943749473 5.877852522924733 -3.3333333333333335 4.082155997157844e-16 -8.090169943749476 -5.87785252292473 -1.0300566479164919 -3.1701883876505117 3.0901699437494723 -9.510565162951536 2.6967233145831577 -1.9592841743082445
383.0 387.0 12 10.0 0.0 2.886751345948129 1.6666666666666665 5.000000000000001 8.660254037844386 2.041077998578922e-16 3.3333333333333335 -4.999999999999998 8.660254037844387 -2.886751345948128 1.6666666666666679 -10.0 1.2246467991473533e-15 -2.8867513459481295 -1.6666666666666659 -5.000000000000004 -8.660254037844384 -6.123233995736766e-16 -3.3333333333333335 4.999999999999993 -8.66025403784439 2.886751345948128 -1.6666666666666683
129.0 304.0 12 10.0 0.0 2.886751345948129 1.6666666666666665 5.000000000000001 8.660254037844386 2.041077998578922e-16 3.3333333333333335 -4.999999999999998 8.660254037844387 -2.886751345948128 1.6666666666666679 -10.0 1.2246467991473533e-15 -2.8867513459481295 -1.6666666666666659 -5.000000000000004 -8.660254037844384 -6.123233995736766e-16 -3.3333333333333335 4.999999999999993 -8.66025403784439 2.886751345948128 -1.6666666666666683
226.0 204.0 6 10.0 0.0 1.6666666666666672 2.8867513459481287 -4.999999999999998 8.660254037844387 -3.3333333333333335 4.082155997157844e-16 -5.000000000000004 -8.660254037844384 1.6666666666666645 -2.8867513459481304
334.0 220.0 6 10.0 0.0 1.6666666666666672 2.8867513459481287 -4.999999999999998 8.660254037844387 -3.3333333333333335 4.082155997157844e-16 -5.000000000000004 -8.660254037844384 1.6666666666666645 -2.8867513459481304
61.0 336.0 6 10.0 0.0 1.6666666666666672 2.8867513459481287 -4.999999999999998 8.660254037844387 -3.3333333333333335 4.082155997157844e-16 -5.000000000000004 -8.660254037844384 1.6666666666666645 -2.8867513459481304
248.0 166.0 12 10.0 0.0 2.886751345948129 1.6666666666666665 5.000000000000001 8.660254037844386 2.041077998578922e-16 3.3333333333333335 -4.999999999999998 8.660254037844387 -2.886751345948128 1.6666666666666679 -10.0 1.2246467991473533e-15 -2.8867513459481295 -1.6666666666666659 -5.000000000000004 -8.660254037844384 -6.123233995736766e-16 -3.3333333333333335 4.999999999999993 -8.66025403784439 2.886751345948128 -1.6666666666666683
549.0 126.0 8 10.0 0.0 2.3570226039551585 2.3570226039551585 6.123233995736766e-16 10.0 -2.3570226039551585 2.3570226039551585 -10.0 1.2246467991473533e-15 -2.357022603955159 -2.3570226039551585 -1.8369701987210296e-15 -10.0 2.357022603955158 -2.357022603955159
578.0 56.0 8 10.0 0.0 2.3570226039551585 2.3570226039551585 6.123233995736766e-16 10.0 -2.3570226039551585 2.3570226039551585 -10.0 1.2246467991473533e-15 -2.357022603955159 -2.3570226039551585 -1.8369701987210296e-15 -10.0 2.357022603955158 -2.357022603955159
63.0 257.0 6 10.0 0.0 1.6666666666666672 2.8867513459481287 -4.999999999999998 8.660254037844387 -3.3333333333333335 4.082155997157844e-16 -5.000000000000004 -8.660254037844384 1.6666666666666645 -2.8867513459481304
241.0 236.0 6 10.0 0.0 1.6666666666666672 2.8867513459481287 -4.999999999999998 8.660254037844387 -3.3333333333333335 4.082155997157844e-16 -5.000000000000004 -8.660254037844384 1.6666666666666645 -2.8867513459481304
210.0 489.0 10 10.0 0.0 2.696723314583158 1.9592841743082439 3.0901699437494745 9.510565162951535 -1.0300566479164912 3.170188387650512 -8.090169943749473 5.877852522924733 -3.3333333333333335 4.082155997157844e-16 -8.090169943749476 -5.87785252292473 -1.0300566479164919 -3.1701883876505117 3.0901699437494723 -9.510565162951536 2.6967233145831577 -1.9592841743082445
145.0 458.0 8 10.0 0.0 2.3570226039551585 2.3570226039551585 6.123233995736766e-16 10.0 -2.3570226039551585 2.3570226039551585 -10.0 1.2246467991473533e-15 -2.357022603955159 -2.3570226039551585 -1.8369701987210296e-15 -10.0 2.357022603955158 -2.357022603955159
109.0 344.0 10 10.0 0.0 2.696723314583158 1.9592841743082439 3.0901699437494745 9.510565162951535 -1.0300566479164912 3.170188387650512 -8.090169943749473 5.877852522924733 -3.3333333333333335 4.082155997157844e-16 -8.090169943749476 -5.87785252292473 -1.0300566479164919 -3.1701883876505117 3.0901699437494723 -9.510565162951536 2.6967233145831577 -1.9592841743082445
58.0 629.0 6 10.0 0.0 1.6666666666666672 2.8867513459481287 -4.999999999999998 8.660254037844387 -3.3333333333333335 4.082155997157844e-16 -5.000000000000004 -8.660254037844384 1.6666666666666645 -2.8867513459481304
139.0 521.0 12 10.0 0.0 2.886751345948129 1.6666666666666665 5.000000000000001 8.660254037844386 2.041077998578922e-16 3.3333333333333335 -4.999999999999998 8.660254037844387 -2.886751345948128 1.6666666666666679 -10.0 1.2246467991473533e-15 -2.8867513459481295 -1.6666666666666659 -5.000000000000004 -8.660254037844384 -6.123233995736766e-16 -3.3333333333333335 4.999999999999993 -8.66025403784439 2.886751345948128 -1.6666666666666683
112.0 270.0 8 10.0 0.0 2.3570226039551585 2.3570226039551585 6.123233995736766e-16 10.0 -2.3570226039551585 2.3570226039551585 -10.0 1.2246467991473533e-15 -2.357022603955159 -2.3570226039551585 -1.8369701987210296e-15 -10.0 2.357022603955158 -2.357022603955159
81.0 610.0 8 10.0 0.0 2.3570226039551585 2.3570226039551585 6.123233995736766e-16 10.0 -2.3570226039551585 2.3570226039551585 -10.0 1.2246467991473533e-15 -2.357022603955159 -2.3570226039551585 -1.8369701987210296e-15 -10.0 2.357022603955158 -2.357022603955159
455.0 282.0 10 10.0 0.0 2.696723314583158 1.9592841743082439 3.0901699437494745 9.510565162951535 -1.0300566479164912 3.170188387650512 -8.090169943749473 5.877852522924733 -3.3333333333333335 4.082155997157844e-16 -8.090169943749476 -5.87785252292473 -1.0300566479164919 -3.1701883876505117 3.0901699437494723 -9.510565162951536 2.6967233145831577 -1.9592841743082445
155.0 413.0 6 10.0 0.0 1.6666666666666672 2.8867513459481287 -4.999999999999998 8.660254037844387 -3.3333333333333335 4.082155997157844e-16 -5.000000000000004 -8.660254037844384 1.6666666666666645 -2.8867513459481304
74.0 353.0 8 10.0 0.0 2.3570226039551585 2.3570226039551585 6.123233995736766e-16 10.0 -2.3570226039551585 2.3570226039551585 -10.0 1.2246467991473533e-15 -2.357022603955159 -2.3570226039551585 -1.8369701987210296e-15 -10.0 2.357022603955158 -2.357022603955159
400.0 166.0 6 10.0 0.0 1.6666666666666672 2.8867513459481287 -4.999999999999998 8.660254037844387 -3.3333333333333335 4.082155997157844e-16 -5.000000000000004 -8.660254037844384 1.6666666666666645 -2.8867513459481304
94.0 542.0 6 10.0 0.0 1.6666666666666672 2.8867513459481287 -4.999999999999998 8.660254037844387 -3.3333333333333335 4.082155997157844e-16 -5.000000000000004 -8.660254037844384 1.6666666666666645 -2.8867513459481304
262.0 467.0 12 10.0 0.0 2.886751345948129 1.6666666666666665 5.000000000000001 8.660254037844386 2.041077998578922e-16 3.3333333333333335 -4.999999999999998 8.660254037844387 -2.886751345948128 1.6666666666666679 -10.0 1.2246467991473533e-15 -2.8867513459481295 -1.6666666666666659 -5.000000000000004 -8.660254037844384 -6.123233995736766e-16 -3.3333333333333335 4.999999999999993 -8.66025403784439 2.886751345948128 -1.6666666666666683
409.0 142.0 6 10.0 0.0 1.6666666666666672 2.8867513459481287 -4.999999999999998 8.660254037844387 -3.3333333333333335 4.082155997157844e-16 -5.000000000000004 -8.660254037844384 1.6666666666666645 -2.8867513459481304
267.0 97.0 6 10.0 0.0 1.6666666666666672 2.8867513459481287 -4.999999999999998 8.660254037844387 -3.3333333333333335 4.082155997157844e-16 -5.000000000000004 -8.660254037844384 1.6666666666666645 -2.8867513459481304
116.0 486.0 12 10.0 0.0 2.886751345948129 1.6666666666666665 5.000000000000001 8.660254037844386 2.041077998578922e-16 3.3333333333333335 -4.999999999999998 8.660254037844387 -2.886751345948128 1.6666666666666679 -10.0 1.2246467991473533e-15 -2.8867513459481295 -1.6666666666666659 -5.000000000000004 -8.660254037844384 -6.123233995736766e-16 -3.3333333333333335 4.999999999999993 -8.66025403784439 2.886751345948128 -1.6666666666666683
125.0 497.0 8 10.0 0.0 2.3570226039551585 2.3570226039551585 6.123233995736766e-16 10.0 -2.3570226039551585 2.3570226039551585 -10.0 1.2246467991473533e-15 -2.357022603955159 -2.3570226039551585 -1.8369701987210296e-15 -10.0 2.357022603955158 -2.357022603955159
443.0 261.0 12 10.0 0.0 2.886751345948129 1.6666666666666665 5.000000000000001 8.660254037844386 2.041077998578922e-16 3.3333333333333335 -4.999999999999998 8.660254037844387 -2.886751345948128 1.6666666666666679 -10.0 1.2246467991473533e-15 -2.8867513459481295 -1.6666666666666659 -5.000000000000004 -8.660254037844384 -6.123233995736766e-16 -3.3333333333333335 4.999999999999993 -8.66025403784439 2.886751345948128 -1.6666666666666683
601.0 38.0 12 10.0 0.0 2.886751345948129 1.6666666666666665 5.000000000000001 8.660254037844386 2.041077998578922e-16 3.3333333333333335 -4.999999999999998 8.660254037844387 -2.886751345948128 1.6666666666666679 -10.0 1.2246467991473533e-15 -2.8867513459481295 -1.6666666666666659 -5.000000000000004 -8.660254037844384 -6.123233995736766e-16 -3.3333333333333335 4.999999999999993 -8.66025403784439 2.886751345948128 -1.6666666666666683
618.0 254.0 6 10.0 0.0 1.6666666666666672 2.8867513459481287 -4.999999999999998 8.660254037844387 -3.3333333333333335 4.082155997157844e-16 -5.000000000000004 -8.660254037844384 1.6666666666666645 -2.8867513459481304
185.0 546.0 10 10.0 0.0 2.696723314583158 1.9592841743082439 3.0901699437494745 9.510565162951535 -1.0300566479164912 3.170188387650512 -8.090169943749473 5.877852522924733 -3.3333333333333335 4.082155997157844e-16 -8.090169943749476 -5.87785252292473 -1.0300566479164919 -3.1701883876505117 3.0901699437494723 -9.510565162951536 2.6967233145831577 -1.9592841743082445
608.0 226.0 10 10.0 0.0 2.696723314583158 1.9592841743082439 3.0901699437494745 9.510565162951535 -1.0300566479164912 3.170188387650512 -8.090169943749473 5.877852522924733 -3.3333333333333335 4.082155997157844e-16 -8.090169943749476 -5.87785252292473 -1.0300566479164919 -3.1701883876505117 3.0901699437494723 -9.510565162951536 2.6967233145831577 -1.9592841743082445
263.0 156.0 10 10.0 0.0 2.696723314583158 1.9592841743082439 3.0901699437494745 9.510565162951535 -1.0300566479164912 3.170188387650512 -8.090169943749473 5.877852522924733 -3.3333333333333335 4.082155997157844e-16 -8.090169943749476 -5.87785252292473 -1.0300566479164919 -3.1701883876505117 3.0901699437494723 -9.510565162951536 2.6967233145831577 -1.9592841743082445
484.0 77.0 10 10.0 0.0 2.696723314583158 1.9592841743082439 3.0901699437494745 9.510565162951535 -1.0300566479164912 3.170188387650512 -8.090169943749473 5.877852522924733 -3.3333333333333335 4.082155997157844e-16 -8.090169943749476 -5.87785252292473 -1.0300566479164919 -3.1701883876505117 3.0901699437494723 -9.510565162951536 2.6967233145831577 -1.9592841743082445
273.0 193.0 6 10.0 0.0 1.6666666666666672 2.8867513459481287 -4.999999999999998 8.660254037844387 -3.3333333333333335 4.082155997157844e-16 -5.000000000000004 -8.660254037844384 1.6666666666666645 -2.8867513459481304
494.0 78.0 6 10.0 0.0 1.6666666666666672 2.8867513459481287 -4.999999999999998 8.660254037844387 -3.3333333333333335 4.082155997157844e-16 -5.000000000000004 -8.660254037844384 1.6666666666666645 -2.8867513459481304
136.0 346.0 10 10.0 0.0 2.696723314583158 1.9592841743082439 3.0901699437494745 9.510565162951535 -1.0300566479164912 3.170188387650512 -8.090169943749473 5.877852522924733 -3.3333333333333335 4.082155997157844e-16 -8.090169943749476 -5.87785252292473 -1.0300566479164919 -3.1701883876505117 3.0901699437494723 -9.510565162951536 2.6967233145831577 -1.9592841743082445
50.0 235.0 10 10.0 0.0 2.696723314583158 1.9592841743082439 3.0901699437494745 9.510565162951535 -1.0300566479164912 3.170188387650512 -8.090169943749473 5.877852522924733 -3.3333333333333335 4.082155997157844e-16 -8.090169943749476 -5.87785252292473 -1.0300566479164919 -3.1701883876505117 3.0901699437494723 -9.510565162951536 2.6967233145831577 -1.9592841743082445
36.0 251.0 8 10.0 0.0 2.3570226039551585 2.3570226039551585 6.123233995736766e-16 10.0 -2.3570226039551585 2.3570226039551585 -10.0 1.2246467991473533e-15 -2.357022603955159 -2.3570226039551585 -1.8369701987210296e-15 -10.0 2.357022603955158 -2.357022603955159
542.0 136.0 8 10.0 0.0 2.3570226039551585 2.3570226039551585 6.123233995736766e-16 10.0 -2.3570226039551585 2.3570226039551585 -10.0 1.2246467991473533e-15 -2.357022603955159 -2.3570226039551585 -1.8369701987210296e-15 -10.0 2.357022603955158 -2.357022603955159
502.0 53.0 6 10.0 0.0 1.6666666666666672 2.8867513459481287 -4.999999999999998 8.660254037844387 -3.3333333333333335 4.082155997157844e-16 -5.000000000000004 -8.660254037844384 1.6666666666666645 -2.8867513459481304
574.0 117.0 12 10.0 0.0 2.886751345948129 1.6666666666666665 5.000000000000001 8.660254037844386 2.041077998578922e-16 3.3333333333333335 -4.999999999999998 8.660254037844387 -2.886751345948128 1.6666666666666679 -10.0 1.2246467991473533e-15 -2.8867513459481295 -1.6666666666666659 -5.000000000000004 -8.660254037844384 -6.123233995736766e-16 -3.3333333333333335 4.999999999999993 -8.66025403784439 2.886751345948128 -1.6666666666666683
298.0 67.0 8 10.0 0.0 2.3570226039551585 2.3570226039551585 6.123233995736766e-16 10.0 -2.3570226039551585 2.3570226039551585 -10.0 1.2246467991473533e-15 -2.357022603955159 -2.3570226039551585 -1.8369701987210296e-15 -10.0 2.357022603955158 -2.357022603955159
495.0 88.0 12 10.0 0.0 2.886751345948129 1.6666666666666665 5.000000000000001 8.660254037844386 2.041077998578922e-16 3.3333333333333335 -4.999999999999998 8.660254037844387 -2.886751345948128 1.6666666666666679 -10.0 1.2246467991473533e-15 -2.8867513459481295 -1.6666666666666659 -5.000000000000004 -8.660254037844384 -6.123233995736766e-16 -3.3333333333333335 4.999999999999993 -8.66025403784439 2.886751345948128 -1.6666666666666683
166.0 427.0 6 10.0 0.0 1.6666666666666672 2.8867513459481287 -4.999999999999998 8.660254037844387 -3.3333333333333335 4.082155997157844e-16 -5.000000000000004 -8.660254037844384 1.6666666666666645 -2.8867513459481304
560.0 278.0 6 10.0 0.0 1.6666666666666672 2.8867513459481287 -4.999999999999998 8.660254037844387 -3.3333333333333335 4.082155997157844e-16 -5.000000000000004 -8.660254037844384 1.6666666666666645 -2.8867513459481304
506.0 246.0 6 10.0 0.0 1.6666666666666672 2.8867513459481287 -4.999999999999998 8.660254037844387 -3.3333333333333335 4.082155997157844e-16 -5.000000000000004 -8.660254037844384 1.6666666666666645 -2.8867513459481304
137.0 566.0 8 10.0 0.0 2.3570226039551585 2.3570226039551585 6.123233995736766e-16 10.0 -2.3570226039551585 2.3570226039551585 -10.0 1.2246467991473533e-15 -2.357022603955159 -2.3570226039551585 -1.8369701987210296e-15 -10.0 2.357022603955158 -2.357022603955159
74.0 604.0 8 10.0 0.0 2.3570226039551585 2.3570226039551585 6.123233995736766e-16 10.0 -2.3570226039551585 2.3570226039551585 -10.0 1.2246467991473533e-15 -2.357022603955159 -2.3570226039551585 -1.8369701987210296e-15 -10.0 2.357022603955158 -2.357022603955159
135.0 556.0 8 10.0 0.0 2.3570226039551585 2.3570226039551585 6.123233995736766e-16 10.0 -2.3570226039551585 2.3570226039551585 -10.0 1.2246467991473533e-15 -2.357022603955159 -2.3570226039551585 -1.8369701987210296e-15 -10.0 2.357022603955158 -2.357022603955159
147.0 525.0 6 10.0 0.0 1.6666666666666672 2.8867513459481287 -4.999999999999998 8.660254037844387 -3.3333333333333335 4.082155997157844e-16 -5.000000000000004 -8.660254037844384 1.6666666666666645 -2.8867513459481304
451.0 152.0 12 10.0 0.0 2.886751345948129 1.6666666666666665 5.000000000000001 8.660254037844386 2.041077998578922e-16 3.3333333333333335 -4.999999999999998 8.660254037844387 -2.886751345948128 1.6666666666666679 -10.0 1.2246467991473533e-15 -2.8867513459481295 -1.6666666666666659 -5.000000000000004 -8.660254037844384 -6.123233995736766e-16 -3.3333333333333335 4.999999999999993 -8.66025403784439 2.886751345948128 -1.6666666666666683
462.0 266.0 10 10.0 0.0 2.696723314583158 1.9592841743082439 3.0901699437494745 9.510565162951535 -1.0300566479164912 3.170188387650512 -8.090169943749473 5.877852522924733 -3.3333333333333335 4.082155997157844e-16 -8.090169943749476 -5.87785252292473 -1.0300566479164919 -3.1701883876505117 3.0901699437494723 -9.510565162951536 2.6967233145831577 -1.9592841743082445
266.0 541.0 6 10.0 0.0 1.6666666666666672 2.8867513459481287 -4.999999999999998 8.660254037844387 -3.3333333333333335 4.082155997157844e-16 -5.000000000000004 -8.660254037844384 1.6666666666666645 -2.8867513459481304
505.0 271.0 8 10.0 0.0 2.3570226039551585 2.3570226039551585 6.123233995736766e-16 10.0 -2.3570226039551585 2.3570226039551585 -10.0 1.2246467991473533e-15 -2.357022603955159 -2.3570226039551585 -1.8369701987210296e-15 -10.0 2.357022603955158 -2.357022603955159
140.0 431.0 12 10.0 0.0 2.886751345948129 1.6666666666666665 5.000000000000001 8.660254037844386 2.041077998578922e-16 3.3333333333333335 -4.999999999999998 8.660254037844387 -2.886751345948128 1.6666666666666679 -10.0 1.2246467991473533e-15 -2.8867513459481295 -1.6666666666666659 -5.000000000000004 -8.660254037844384 -6.123233995736766e-16 -3.3333333333333335 4.999999999999993 -8.66025403784439 2.886751345948128 -1.6666666666666683
256.0 69.0 12 10.0 0.0 2.886751345948129 1.6666666666666665 5.000000000000001 8.660254037844386 2.041077998578922e-16 3.3333333333333335 -4.999999999999998 8.660254037844387 -2.886751345948128 1.6666666666666679 -10.0 1.2246467991473533e-15 -2.8867513459481295 -1.6666666666666659 -5.000000000000004 -8.660254037844384 -6.123233995736766e-16 -3.3333333333333335 4.999999999999993 -8.66025403784439 2.886751345948128 -1.6666666666666683
104.0 296.0 12 10.0 0.0 2.886751345948129 1.6666666666666665 5.000000000000001 8.660254037844386 2.041077998578922e-16 3.3333333333333335 -4.999999999999998 8.660254037844387 -2.886751345948128 1.6666666666666679 -10.0 1.2246467991473533e-15 -2.8867513459481295 -1.6666666666666659 -5.000000000000004 -8.660254037844384 -6.123233995736766e-16 -3.3333333333333335 4.999999999999993 -8.66025403784439 2.886751345948128 -1.6666666666666683
475.0 180.0 10 10.0 0.0 2.696723314583158 1.9592841743082439 3.0901699437494745 9.510565162951535 -1.0300566479164912 3.170188387650512 -8.090169943749473 5.877852522924733 -3.3333333333333335 4.082155997157844e-16 -8.090169943749476 -5.87785252292473 -1.0300566479164919 -3.1701883876505117 3.0901699437494723 -9.510565162951536 2.6967233145831577 -1.9592841743082445
245.0 79.0 12 10.0 0.0 2.886751345948129 1.6666666666666665 5.000000000000001 8.660254037844386 2.041077998578922e-16 3.3333333333333335 -4.999999999999998 8.660254037844387 -2.886751345948128 1.6666666666666679 -10.0 1.2246467991473533e-15 -2.8867513459481295 -1.6666666666666659 -5.000000000000004 -8.660254037844384 -6.123233995736766e-16 -3.3333333333333335 4.999999999999993 -8.66025403784439 2.886751345948128 -1.6666666666666683
67.0 298.0 12 10.0 0.0 2.886751345948129 1.6666666666666665 5.000000000000001 8.660254037844386 2.041077998578922e-16 3.3333333333333335 -4.999999999999998 8.660254037844387 -2.886751345948128 1.6666666666666679 -10.0 1.2246467991473533e-15 -2.8867513459481295 -1.6666666666666659 -5.000000000000004 -8.660254037844384 -6.123233995736766e-16 -3.3333333333333335 4.999999999999993 -8.66025403784439 2.886751345948128 -1.6666666666666683
422.0 148.0 6 10.0 0.0 1.6666666666666672 2.8867513459481287 -4.999999999999998 8.660254037844387 -3.3333333333333335 4.082155997157844e-16 -5.000000000000004 -8.660254037844384 1.6666666666666645 -2.8867513459481304
135.0 593.0 10 10.0 0.0 2.696723314583158 1.9592841743082439 3.0901699437494745 9.510565162951535 -1.0300566479164912 3.170188387650512 -8.090169943749473 5.877852522924733 -3.3333333333333335 4.082155997157844e-16 -8.090169943749476 -5.87785252292473 -1.0300566479164919 -3.1701883876505117 3.0901699437494723 -9.510565162951536 2.6967233145831577 -1.9592841743082445
633.0 25.0 12 10.0 0.0 2.886751345948129 1.6666666666666665 5.000000000000001 8.660254037844386 2.041077998578922e-16 3.3333333333333335 -4.999999999999998 8.660254037844387 -2.886751345948128 1.6666666666666679 -10.0 1.2246467991473533e-15 -2.8867513459481295 -1.6666666666666659 -5.000000000000004 -8.660254037844384 -6.123233995736766e-16 -3.3333333333333335 4.999999999999993 -8.66025403784439 2.886751345948128 -1.6666666666666683
74.0 583.0 6 10.0 0.0 1.6666666666666672 2.8867513459481287 -4.999999999999998 8.660254037844387 -3.3333333333333335 4.082155997157844e-16 -5.000000000000004 -8.660254037844384 1.6666666666666645 -2.8867513459481304
25.0 316.0 6 10.0 0.0 1.6666666666666672 2.8867513459481287 -4.999999999999998 8.660254037844387 -3.3333333333333335 4.082155997157844e-16 -5.000000000000004 -8.660254037844384 1.6666666666666645 -2.8867513459481304
