200
506.0 160.0 6 10.0 0.0 1.6666666666666672 2.8867513459481287 -4.999999999999998 8.660254037844387 -3.3333333333333335 4.082155997157844e-16 -5.000000000000004 -8.660254037844384 1.6666666666666645 -2.8867513459481304
447.0 200.0 8 10.0 0.0 2.3570226039551585 2.3570226039551585 6.123233995736766e-16 10.0 -2.3570226039551585 2.3570226039551585 -10.0 1.2246467991473533e-15 -2.357022603955159 -2.3570226039551585 -1.8369701987210296e-15 -10.0 2.357022603955158 -2.357022603955159
370.0 233.0 10 10.0 0.0 2.696723314583158 1.9592841743082439 3.0901699437494745 9.510565162951535 -1.0300566479164912 3.170188387650512 -8.090169943749473 5.877852522924733 -3.3333333333333335 4.082155997157844e-16 -8.090169943749476 -5.87785252292473 -1.0300566479164919 -3.1701883876505117 3.0901699437494723 -9.510565162951536 2.6967233145831577 -1.9592841743082445
295.0 266.0 12 10.0 0.0 2.886751345948129 1.6666666666666665 5.000000000000001 8.660254037844386 2.041077998578922e-16 3.3333333333333335 -4.999999999999998 8.660254037844387 -2.886751345948128 1.6666666666666679 -10.0 1.2246467991473533e-15 -2.8867513459481295 -1.6666666666666659 -5.000000000000004 -8.660254037844384 -6.123233995736766e-16 -3.3333333333333335 4.999999999999993 -8.66025403784439 2.886751345948128 -1.6666666666666683
251.0 334.0 6 10.0 0.0 1.6666666666666672 2.8867513459481287 -4.999999999999998 8.660254037844387 -3.3333333333333335 4.082155997157844e-16 -5.000000000000004 -8.660254037844384 1.6666666666666645 -2.8867513459481304
560.0 128.0 10 10.0 0.0 2.696723314583158 1.9592841743082439 3.0901699437494745 9.510565162951535 -1.0300566479164912 3.170188387650512 -8.090169943749473 5.877852522924733 -3.3333333333333335 4.082155997157844e-16 -8.090169943749476 -5.87785252292473 -1.0300566479164919 -3.1701883876505117 3.0901699437494723 -9.510565162951536 2.6967233145831577 -1.9592841743082445
403.0 229.0 10 10.0 0.0 2.696723314583158 1.9592841743082439 3.0901699437494745 9.510565162951535 -1.0300566479164912 3.170188387650512 -8.090169943749473 5.877852522924733 -3.3333333333333335 4.082155997157844e-16 -8.090169943749476 -5.87785252292473 -1.0300566479164919 -3.1701883876505117 3.0901699437494723 -9.510565162951536 2.6967233145831577 -1.9592841743082445
243.0 360.0 8 10.0 0.0 2.3570226039551585 2.3570226039551585 6.123233995736766e-16 10.0 -2.3570226039551585 2.3570226039551585 -10.0 1.2246467991473533e-15 -2.357022603955159 -2.3570226039551585 -1.8369701987210296e-15 -10.0 2.357022603955158 -2.357022603955159
206.0 399.0 6 10.0 0.0 1.6666666666666672 2.8867513459481287 -4.999999999999998 8.660254037844387 -3.3333333333333335 4.082155997157844e-16 -5.000000000000004 -8.660254037844384 1.6666666666666645 -2.8867513459481304
228.0 435.0 10 10.0 0.0 2.696723314583158 1.9592841743082439 3.0901699437494745 9.510565162951535 -1.0300566479164912 3.170188387650512 -8.090169943749473 5.877852522924733 -3.3333333333333335 4.082155997157844e-16 -8.090169943749476 -5.87785252292473 -1.0300566479164919 -3.1701883876505117 3.0901699437494723 -9.510565162951536 2.6967233145831577 -1.9592841743082445
430.0 234.0 6 10.0 0.0 1.6666666666666672 2.8867513459481287 -4.999999999999998 8.660254037844387 -3.3333333333333335 4.082155997157844e-16 -5.000000000000004 -8.660254037844384 1.6666666666666645 -2.8867513459481304
429.0 249.0 12 10.0 0.0 2.886751345948129 1.6666666666666665 5.000000000000001 8.660254037844386 2.041077998578922e-16 3.3333333333333335 -4.999999999999998 8.660254037844387 -2.886751345948128 1.6666666666666679 -10.0 1.2246467991473533e-15 -2.8867513459481295 -1.6666666666666659 -5.000000000000004 -8.660254037844384 -6.123233995736766e-16 -3.3333333333333335 4.999999999999993 -8.66025403784439 2.886751345948128 -1.6666666666666683
158.0 452.0 6 10.0 0.0 1.6666666666666672 2.8867513459481287 -4.999999999999998 8.660254037844387 -3.3333333333333335 4.082155997157844e-16 -5.000000000000004 -8.660254037844384 1.6666666666666645 -2.8867513459481304
135.0 500.0 12 10.0 0.0 2.886751345948129 1.6666666666666665 5.000000000000001 8.660254037844386 2.041077998578922e-16 3.3333333333333335 -4.999999999999998 8.660254037844387 -2.886751345948128 1.6666666666666679 -10.0 1.2246467991473533e-15 -2.8867513459481295 -1.6666666666666659 -5.000000000000004 -8.660254037844384 -6.123233995736766e-16 -3.3333333333333335 4.999999999999993 -8.66025403784439 2.886751345948128 -1.6666666666666683
124.0 492.0 10 10.0 0.0 2.696723314583158 1.9592841743082439 3.0901699437494745 9.510565162951535 -1.0300566479164912 3.170188387650512 -8.090169943749473 5.877852522924733 -3.3333333333333335 4.082155997157844e-16 -8.090169943749476 -5.87785252292473 -1.0300566479164919 -3.1701883876505117 3.0901699437494723 -9.510565162951536 2.6967233145831577 -1.9592841743082445
164.0 401.0 6 10.0 0.0 1.6666666666666672 2.8867513459481287 -4.999999999999998 8.660254037844387 -3.3333333333333335 4.082155997157844e-16 -5.000000000000004 -8.660254037844384 1.6666666666666645 -2.8867513459481304
191.0 423.0 10 10.0 0.0 2.696723314583158 1.9592841743082439 3.0901699437494745 9.510565162951535 -1.0300566479164912 3.170188387650512 -8.090169943749473 5.877852522924733 -3.3333333333333335 4.082155997157844e-16 -8.090169943749476 -5.87785252292473 -1.0300566479164919 -3.1701883876505117 3.0901699437494723 -9.510565162951536 2.6967233145831577 -1.9592841743082445
202.0 444.0 8 10.0 0.0 2.3570226039551585 2.3570226039551585 6.123233995736766e-16 10.0 -2.3570226039551585 2.3570226039551585 -10.0 1.2246467991473533e-15 -2.357022603955159 -2.3570226039551585 -1.8369701987210296e-15 -10.0 2.357022603955158 -2.357022603955159
600.0 94.0 10 10.0 0.0 2.696723314583158 1.9592841743082439 3.0901699437494745 9.510565162951535 -1.0300566479164912 3.170188387650512 -8.090169943749473 5.877852522924733 -3.3333333333333335 4.082155997157844e-16 -8.090169943749476 -5.87785252292473 -1.0300566479164919 -3.1701883876505117 3.0901699437494723 -9.510565162951536 2.6967233145831577 -1.9592841743082445
240.0 224.0 8 10.0 0.0 2.3570226039551585 2.3570226039551585 6.123233995736766e-16 10.0 -2.3570226039551585 2.3570226039551585 -10.0 1.2246467991473533e-15 -2.357022603955159 -2.3570226039551585 -1.8369701987210296e-15 -10.0 2.357022603955158 -2.357022603955159
127.0 401.0 8 10.0 0.0 2.3570226039551585 2.3570226039551585 6.123233995736766e-16 10.0 -2.3570226039551585 2.3570226039551585 -10.0 1.2246467991473533e-15 -2.357022603955159 -2.3570226039551585 -1.8369701987210296e-15 -10.0 2.357022603955158 -2.357022603955159
202.0 484.0 6 10.0 0.0 1.6666666666666672 2.8867513459481287 -4.999999999999998 8.660254037844387 -3.3333333333333335 4.082155997157844e-16 -5.000000000000004 -8.660254037844384 1.6666666666666645 -2.8867513459481304
393.0 198.0 6 10.0 0.0 1.6666666666666672 2.8867513459481287 -4.999999999999998 8.660254037844387 -3.3333333333333335 4.082155997157844e-16 -5.000000000000004 -8.660254037844384 1.6666666666666645 -2.8867513459481304
458.0 254.0 8 10.0 0.0 2.3570226039551585 2.3570226039551585 6.123233995736766e-16 10.0 -2.3570226039551585 2.3570226039551585 -10.0 1.2246467991473533e-15 -2.357022603955159 -2.3570226039551585 -1.8369701987210296e-15 -10.0 2.357022603955158 -2.357022603955159
178.0 402.0 8 10.0 0.0 2.3570226039551585 2.3570226039551585 6.123233995736766e-16 10.0 -2.3570226039551585 2.3570226039551585 -10.0 1.2246467991473533e-15 -2.357022603955159 -2.3570226039551585 -1.8369701987210296e-15 -10.0 2.357022603955158 -2.357022603955159
639.0 72.0 6 10.0 0.0 1.6666666666666672 2.8867513459481287 -4.999999999999998 8.660254037844387 -3.3333333333333335 4.082155997157844e-16 -5.000000000000004 -8.660254037844384 1.6666666666666645 -2.8867513459481304
116.0 464.0 12 10.0 0.0 2.886751345948129 1.6666666666666665 5.000000000000001 8.660254037844386 2.041077998578922e-16 3.3333333333333335 -4.999999999999998 8.660254037844387 -2.886751345948128 1.6666666666666679 -10.0 1.2246467991473533e-15 -2.8867513459481295 -1.6666666666666659 -5.000000000000004 -8.660254037844384 -6.123233995736766e-16 -3.3333333333333335 4.999999999999993 -8.66025403784439 2.886751345948128 -1.6666666666666683
601.0 125.0 8 10.0 0.0 2.3570226039551585 2.3570226039551585 6.123233995736766e-16 10.0 -2.3570226039551585 2.3570226039551585 -10.0 1.2246467991473533e-15 -2.357022603955159 -2.3570226039551585 -1.8369701987210296e-15 -10.0 2.357022603955158 -2.357022603955159
235.0 181.0 6 10.0 0.0 1.6666666666666672 2.8867513459481287 -4.999999999999998 8.660254037844387 -3.3333333333333335 4.082155997157844e-16 -5.000000000000004 -8.660254037844384 1.6666666666666645 -2.8867513459481304
115.0 543.0 8 10.0 0.0 2.3570226039551585 2.3570226039551585 6.123233995736766e-16 10.0 -2.3570226039551585 2.3570226039551585 -10.0 1.2246467991473533e-15 -2.357022603955159 -2.3570226039551585 -1.8369701987210296e-15 -10.0 2.357022603955158 -2.357022603955159
224.0 461.0 10 10.0 0.0 2.696723314583158 1.9592841743082439 3.0901699437494745 9.510565162951535 -1.0300566479164912 3.170188387650512 -8.090169943749473 5.877852522924733 -3.3333333333333335 4.082155997157844e-16 -8.090169943749476 -5.87785252292473 -1.0300566479164919 -3.1701883876505117 3.0901699437494723 -9.510565162951536 2.6967233145831577 -1.9592841743082445
196.0 217.0 10 10.0 0.0 2.696723314583158 1.9592841743082439 3.0901699437494745 9.510565162951535 -1.0300566479164912 3.170188387650512 -8.090169943749473 5.877852522924733 -3.3333333333333335 4.082155997157844e-16 -8.090169943749476 -5.87785252292473 -1.0300566479164919 -3.1701883876505117 3.0901699437494723 -9.510565162951536 2.6967233145831577 -1.9592841743082445
502.0 205.0 6 10.0 0.0 1.6666666666666672 2.8867513459481287 -4.999999999999998 8.660254037844387 -3.3333333333333335 4.082155997157844e-16 -5.000000000000004 -8.660254037844384 1.6666666666666645 -2.8867513459481304
583.0 102.0 6 10.0 0.0 1.6666666666666672 2.8867513459481287 -4.999999999999998 8.660254037844387 -3.3333333333333335 4.082155997157844e-16 -5.000000000000004 -8.660254037844384 1.6666666666666645 -2.8867513459481304
191.0 514.0 10 10.0 0.0 2.696723314583158 1.9592841743082439 3.0901699437494745 9.510565162951535 -1.0300566479164912 3.170188387650512 -8.090169943749473 5.877852522924733 -3.3333333333333335 4.082155997157844e-16 -8.090169943749476 -5.87785252292473 -1.0300566479164919 -3.1701883876505117 3.0901699437494723 -9.510565162951536 2.6967233145831577 -1.9592841743082445
412.0 202.0 6 10.0 0.0 1.6666666666666672 2.8867513459481287 -4.999999999999998 8.660254037844387 -3.3333333333333335 4.082155997157844e-16 -5.000000000000004 -8.660254037844384 1.6666666666666645 -2.8867513459481304
477.0 195.0 10 10.0 0.0 2.696723314583158 1.9592841743082439 3.0901699437494745 9.510565162951535 -1.0300566479164912 3.170188387650512 -8.090169943749473 5.877852522924733 -3.3333333333333335 4.082155997157844e-16 -8.090169943749476 -5.87785252292473 -1.0300566479164919 -3.1701883876505117 3.0901699437494723 -9.510565162951536 2.6967233145831577 -1.9592841743082445
95.0 504.0 12 10.0 0.0 2.886751345948129 1.6666666666666665 5.000000000000001 8.660254037844386 2.041077998578922e-16 3.3333333333333335 -4.999999999999998 8.660254037844387 -2.886751345948128 1.6666666666666679 -10.0 1.2246467991473533e-15 -2.8867513459481295 -1.6666666666666659 -5.000000000000004 -8.660254037844384 -6.123233995736766e-16 -3.3333333333333335 4.999999999999993 -8.66025403784439 2.886751345948128 -1.6666666666666683
102.0 575.0 10 10.0 0.0 2.696723314583158 1.9592841743082439 3.0901699437494745 9.510565162951535 -1.0300566479164912 3.170188387650512 -8.090169943749473 5.877852522924733 -3.3333333333333335 4.082155997157844e-16 -8.090169943749476 -5.87785252292473 -1.0300566479164919 -3.1701883876505117 3.0901699437494723 -9.510565162951536 2.6967233145831577 -1.9592841743082445
252.0 456.0 6 10.0 0.0 1.6666666666666672 2.8867513459481287 -4.999999999999998 8.660254037844387 -3.3333333333333335 4.082155997157844e-16 -5.000000000000004 -8.660254037844384 1.6666666666666645 -2.8867513459481304
402.0 258.0 6 10.0 0.0 1.6666666666666672 2.8867513459481287 -4.999999999999998 8.660254037844387 -3.3333333333333335 4.082155997157844e-16 -5.000000000000004 -8.660254037844384 1.6666666666666645 -2.8867513459481304
217.0 327.0 8 10.0 0.0 2.3570226039551585 2.3570226039551585 6.123233995736766e-16 10.0 -2.3570226039551585 2.3570226039551585 -10.0 1.2246467991473533e-15 -2.357022603955159 -2.3570226039551585 -1.8369701987210296e-15 -10.0 2.357022603955158 -2.357022603955159
281.0 354.0 6 10.0 0.0 1.6666666666666672 2.8867513459481287 -4.999999999999998 8.660254037844387 -3.3333333333333335 4.082155997157844e-16 -5.000000000000004 -8.660254037844384 1.6666666666666645 -2.8867513459481304
191.0 196.0 6 10.0 0.0 1.6666666666666672 2.8867513459481287 -4.999999999999998 8.660254037844387 -3.3333333333333335 4.082155997157844e-16 -5.000000000000004 -8.660254037844384 1.6666666666666645 -2.8867513459481304
93.0 523.0 10 10.0 0.0 2.696723314583158 1.9592841743082439 3.0901699437494745 9.510565162951535 -1.0300566479164912 3.170188387650512 -8.090169943749473 5.877852522924733 -3.3333333333333335 4.082155997157844e-16 -8.090169943749476 -5.87785252292473 -1.0300566479164919 -3.1701883876505117 3.0901699437494723 -9.510565162951536 2.6967233145831577 -1.9592841743082445
454.0 166.0 10 10.0 0.0 2.696723314583158 1.9592841743082439 3.0901699437494745 9.510565162951535 -1.0300566479164912 3.170188387650512 -8.090169943749473 5.877852522924733 -3.3333333333333335 4.082155997157844e-16 -8.090169943749476 -5.87785252292473 -1.0300566479164919 -3.1701883876505117 3.0901699437494723 -9.510565162951536 2.6967233145831577 -1.9592841743082445
270.0 462.0 6 10.0 0.0 1.6666666666666672 2.8867513459481287 -4.999999999999998 8.660254037844387 -3.3333333333333335 4.082155997157844e-16 -5.000000000000004 -8.660254037844384 1.6666666666666645 -2.8867513459481304
639.0 128.0 6 10.0 0.0 1.6666666666666672 2.8867513459481287 -4.999999999999998 8.660254037844387 -3.3333333333333335 4.082155997157844e-16 -5.000000000000004 -8.660254037844384 1.6666666666666645 -2.8867513459481304
224.0 191.0 6 10.0 0.0 1.6666666666666672 2.8867513459481287 -4.999999999999998 8.660254037844387 -3.3333333333333335 4.082155997157844e-16 -5.000000000000004 -8.660254037844384 1.6666666666666645 -2.8867513459481304
114.0 528.0 10 10.0 0.0 2.696723314583158 1.9592841743082439 3.0901699437494745 9.510565162951535 -1.0300566479164912 3.170188387650512 -8.090169943749473 5.877852522924733 -3.3333333333333335 4.082155997157844e-16 -8.090169943749476 -5.87785252292473 -1.0300566479164919 -3.1701883876505117 3.0901699437494723 -9.510565162951536 2.6967233145831577 -1.9592841743082445
78.0 475.0 10 10.0 0.0 2.696723314583158 1.9592841743082439 3.0901699437494745 9.510565162951535 -1.0300566479164912 3.170188387650512 -8.090169943749473 5.877852522924733 -3.3333333333333335 4.082155997157844e-16 -8.090169943749476 -5.87785252292473 -1.0300566479164919 -3.1701883876505117 3.0901699437494723 -9.510565162951536 2.6967233145831577 -1.9592841743082445
115.0 559.0 6 10.0 0.0 1.6666666666666672 2.8867513459481287 -4.999999999999998 8.660254037844387 -3.3333333333333335 4.082155997157844e-16 -5.000000000000004 -8.660254037844384 1.6666666666666645 -2.8867513459481304
620.0 65.0 10 10.0 0.0 2.696723314583158 1.9592841743082439 3.0901699437494745 9.510565162951535 -1.0300566479164912 3.170188387650512 -8.090169943749473 5.877852522924733 -3.3333333333333335 4.082155997157844e-16 -8.090169943749476 -5.87785252292473 -1.0300566479164919 -3.1701883876505117 3.0901699437494723 -9.510565162951536 2.6967233145831577 -1.9592841743082445
310.0 366.0 6 10.0 0.0 1.6666666666666672 2.8867513459481287 -4.999999999999998 8.660254037844387 -3.3333333333333335 4.082155997157844e-16 -5.000000000000004 -8.660254037844384 1.6666666666666645 -2.8867513459481304
610.0 101.0 10 10.0 0.0 2.696723314583158 1.9592841743082439 3.0901699437494745 9.510565162951535 -1.0300566479164912 3.170188387650512 -8.090169943749473 5.877852522924733 -3.3333333333333335 4.082155997157844e-16 -8.090169943749476 -5.87785252292473 -1.0300566479164919 -3.1701883876505117 3.0901699437494723 -9.510565162951536 2.6967233145831577 -1.9592841743082445
127.0 458.0 8 10.0 0.0 2.3570226039551585 2.3570226039551585 6.123233995736766e-16 10.0 -2.3570226039551585 2.3570226039551585 -10.0 1.2246467991473533e-15 -2.357022603955159 -2.3570226039551585 -1.8369701987210296e-15 -10.0 2.357022603955158 -2.357022603955159
201.0 516.0 8 10.0 0.0 2.3570226039551585 2.3570226039551585 6.123233995736766e-16 10.0 -2.3570226039551585 2.3570226039551585 -10.0 1.2246467991473533e-15 -2.357022603955159 -2.3570226039551585 -1.8369701987210296e-15 -10.0 2.357022603955158 -2.357022603955159
181.0 325.0 12 10.0 0.0 2.886751345948129 1.6666666666666665 5.000000000000001 8.660254037844386 2.041077998578922e-16 3.3333333333333335 -4.999999999999998 8.660254037844387 -2.886751345948128 1.6666666666666679 -10.0 1.2246467991473533e-15 -2.8867513459481295 -1.6666666666666659 -5.000000000000004 -8.660254037844384 -6.123233995736766e-16 -3.3333333333333335 4.999999999999993 -8.66025403784439 2.886751345948128 -1.6666666666666683
203.0 164.0 6 10.0 0.0 1.6666666666666672 2.8867513459481287 -4.999999999999998 8.660254037844387 -3.3333333333333335 4.082155997157844e-16 -5.000000000000004 -8.660254037844384 1.6666666666666645 -2.8867513459481304
165.0 226.0 12 10.0 0.0 2.886751345948129 1.6666666666666665 5.000000000000001 8.660254037844386 2.041077998578922e-16 3.3333333333333335 -4.999999999999998 8.660254037844387 -2.886751345948128 1.6666666666666679 -10.0 1.2246467991473533e-15 -2.8867513459481295 -1.6666666666666659 -5.000000000000004 -8.660254037844384 -6.123233995736766e-16 -3.3333333333333335 4.999999999999993 -8.66025403784439 2.886751345948128 -1.6666666666666683
84.0 551.0 10 10.0 0.0 2.696723314583158 1.9592841743082439 3.0901699437494745 9.510565162951535 -1.0300566479164912 3.170188387650512 -8.090169943749473 5.877852522924733 -3.3333333333333335 4.082155997157844e-16 -8.090169943749476 -5.87785252292473 -1.0300566479164919 -3.1701883876505117 3.0901699437494723 -9.510565162951536 2.6967233145831577 -1.9592841743082445
470.0 144.0 8 10.0 0.0 2.3570226039551585 2.3570226039551585 6.123233995736766e-16 10.0 -2.3570226039551585 2.3570226039551585 -10.0 1.2246467991473533e-15 -2.357022603955159 -2.3570226039551585 -1.8369701987210296e-15 -10.0 2.357022603955158 -2.357022603955159
216.0 147.0 6 10.0 0.0 1.6666666666666672 2.8867513459481287 -4.999999999999998 8.660254037844387 -3.3333333333333335 4.082155997157844e-16 -5.000000000000004 -8.660254037844384 1.6666666666666645 -2.8867513459481304
450.0 266.0 6 10.0 0.0 1.6666666666666672 2.8867513459481287 -4.999999999999998 8.660254037844387 -3.3333333333333335 4.082155997157844e-16 -5.000000000000004 -8.660254037844384 1.6666666666666645 -2.8867513459481304
296.0 380.0 12 10.0 0.0 2.886751345948129 1.6666666666666665 5.000000000000001 8.660254037844386 2.041077998578922e-16 3.3333333333333335 -4.999999999999998 8.660254037844387 -2.886751345948128 1.6666666666666679 -10.0 1.2246467991473533e-15 -2.8867513459481295 -1.6666666666666659 -5.000000000000004 -8.660254037844384 -6.123233995736766e-16 -3.3333333333333335 4.999999999999993 -8.66025403784439 2.886751345948128 -1.6666666666666683
144.0 169.0 8 10.0 0.0 2.3570226039551585 2.3570226039551585 6.123233995736766e-16 10.0 -2.3570226039551585 2.3570226039551585 -10.0 1.2246467991473533e-15 -2.357022603955159 -2.3570226039551585 -1.8369701987210296e-15 -10.0 2.357022603955158 -2.357022603955159
240.0 471.0 8 10.0 0.0 2.3570226039551585 2.3570226039551585 6.123233995736766e-16 10.0 -2.3570226039551585 2.3570226039551585 -10.0 1.2246467991473533e-15 -2.357022603955159 -2.3570226039551585 -1.8369701987210296e-15 -10.0 2.357022603955158 -2.357022603955159
271.0 351.0 8 10.0 0.0 2.3570226039551585 2.3570226039551585 6.123233995736766e-16 10.0 -2.3570226039551585 2.3570226039551585 -10.0 1.2246467991473533e-15 -2.357022603955159 -2.3570226039551585 -1.8369701987210296e-15 -10.0 2.357022603955158 -2.357022603955159
549.0 205.0 6 10.0 0.0 1.6666666666666672 2.8867513459481287 -4.999999999999998 8.660254037844387 -3.3333333333333335 4.082155997157844e-16 -5.000000000000004 -8.660254037844384 1.6666666666666645 -2.8867513459481304
137.0 407.0 6 10.0 0.0 1.6666666666666672 2.8867513459481287 -4.999999999999998 8.660254037844387 -3.3333333333333335 4.082155997157844e-16 -5.000000000000004 -8.660254037844384 1.6666666666666645 -2.8867513459481304
199.0 181.0 8 10.0 0.0 2.3570226039551585 2.3570226039551585 6.123233995736766e-16 10.0 -2.3570226039551585 2.3570226039551585 -10.0 1.2246467991473533e-15 -2.357022603955159 -2.3570226039551585 -1.8369701987210296e-15 -10.0 2.357022603955158 -2.357022603955159
107.0 159.0 10 10.0 0.0 2.696723314583158 1.9592841743082439 3.0901699437494745 9.510565162951535 -1.0300566479164912 3.170188387650512 -8.090169943749473 5.877852522924733 -3.3333333333333335 4.082155997157844e-16 -8.090169943749476 -5.87785252292473 -1.0300566479164919 -3.1701883876505117 3.0901699437494723 -9.510565162951536 2.6967233145831577 -1.9592841743082445
539.0 214.0 8 10.0 0.0 2.3570226039551585 2.3570226039551585 6.123233995736766e-16 10.0 -2.3570226039551585 2.3570226039551585 -10.0 1.2246467991473533e-15 -2.357022603955159 -2.3570226039551585 -1.8369701987210296e-15 -10.0 2.357022603955158 -2.357022603955159
157.0 207.0 8 10.0 0.0 2.3570226039551585 2.3570226039551585 6.123233995736766e-16 10.0 -2.3570226039551585 2.3570226039551585 -10.0 1.2246467991473533e-15 -2.357022603955159 -2.3570226039551585 -1.8369701987210296e-15 -10.0 2.357022603955158 -2.357022603955159
57.0 481.0 6 10.0 0.0 1.6666666666666672 2.8867513459481287 -4.999999999999998 8.660254037844387 -3.3333333333333335 4.082155997157844e-16 -5.000000000000004 -8.660254037844384 1.6666666666666645 -2.8867513459481304
185.0 145.0 10 10.0 0.0 2.696723314583158 1.9592841743082439 3.0901699437494745 9.510565162951535 -1.0300566479164912 3.170188387650512 -8.090169943749473 5.877852522924733 -3.3333333333333335 4.082155997157844e-16 -8.090169943749476 -5.87785252292473 -1.0300566479164919 -3.1701883876505117 3.0901699437494723 -9.510565162951536 2.6967233145831577 -1.9592841743082445
425.0 181.0 12 10.0 0.0 2.886751345948129 1.6666666666666665 5.000000000000001 8.660254037844386 2.041077998578922e-16 3.3333333333333335 -4.999999999999998 8.660254037844387 -2.886751345948128 1.6666666666666679 -10.0 1.2246467991473533e-15 -2.8867513459481295 -1.6666666666666659 -5.000000000000004 -8.660254037844384 -6.123233995736766e-16 -3.3333333333333335 4.999999999999993 -8.66025403784439 2.886751345948128 -1.6666666666666683
593.0 202.0 12 10.0 0.0 2.886751345948129 1.6666666666666665 5.000000000000001 8.660254037844386 2.041077998578922e-16 3.3333333333333335 -4.999999999999998 8.660254037844387 -2.886751345948128 1.6666666666666679 -10.0 1.2246467991473533e-15 -2.8867513459481295 -1.6666666666666659 -5.000000000000004 -8.660254037844384 -6.123233995736766e-16 -3.3333333333333335 4.999999999999993 -8.66025403784439 2.886751345948128 -1.6666666666666683
527.0 214.0 8 10.0 0.0 2.3570226039551585 2.3570226039551585 6.123233995736766e-16 10.0 -2.3570226039551585 2.3570226039551585 -10.0 1.2246467991473533e-15 -2.357022603955159 -2.3570226039551585 -1.8369701987210296e-15 -10.0 2.357022603955158 -2.357022603955159
143.0 480.0 8 10.0 0.0 2.3570226039551585 2.3570226039551585 6.123233995736766e-16 10.0 -2.3570226039551585 2.3570226039551585 -10.0 1.2246467991473533e-15 -2.357022603955159 -2.3570226039551585 -1.8369701987210296e-15 -10.0 2.357022603955158 -2.357022603955159
167.0 126.0 10 10.0 0.0 2.696723314583158 1.9592841743082439 3.0901699437494745 9.510565162951535 -1.0300566479164912 3.170188387650512 -8.090169943749473 5.877852522924733 -3.3333333333333335 4.082155997157844e-16 -8.090169943749476 -5.87785252292473 -1.0300566479164919 -3.1701883876505117 3.0901699437494723 -9.510565162951536 2.6967233145831577 -1.9592841743082445
548.0 154.0 10 10.0 0.0 2.696723314583158 1.9592841743082439 3.0901699437494745 9.510565162951535 -1.0300566479164912 3.170188387650512 -8.090169943749473 5.877852522924733 -3.3333333333333335 4.082155997157844e-16 -8.090169943749476 -5.87785252292473 -1.0300566479164919 -3.1701883876505117 3.0901699437494723 -9.510565162951536 2.6967233145831577 -1.9592841743082445
269.0 475.0 8 10.0 0.0 2.3570226039551585 2.3570226039551585 6.123233995736766e-16 10.0 -2.3570226039551585 2.3570226039551585 -10.0 1.2246467991473533e-15 -2.357022603955159 -2.3570226039551585 -1.8369701987210296e-15 -10.0 2.357022603955158 -2.357022603955159
523.0 134.0 8 10.0 0.0 2.3570226039551585 2.3570226039551585 6.123233995736766e-16 10.0 -2.3570226039551585 2.3570226039551585 -10.0 1.2246467991473533e-15 -2.357022603955159 -2.3570226039551585 -1.8369701987210296e-15 -10.0 2.357022603955158 -2.357022603955159
407.0 173.0 12 10.0 0.0 2.886751345948129 1.6666666666666665 5.000000000000001 8.660254037844386 2.041077998578922e-16 3.3333333333333335 -4.999999999999998 8.660254037844387 -2.886751345948128 1.6666666666666679 -10.0 1.2246467991473533e-15 -2.8867513459481295 -1.6666666666666659 -5.000000000000004 -8.660254037844384 -6.123233995736766e-16 -3.3333333333333335 4.999999999999993 -8.66025403784439 2.886751345948128 -1.6666666666666683
105.0 147.0 10 10.0 0.0 2.696723314583158 1.9592841743082439 3.0901699437494745 9.510565162951535 -1.0300566479164912 3.170188387650512 -8.090169943749473 5.877852522924733 -3.3333333333333335 4.082155997157844e-16 -8.090169943749476 -5.87785252292473 -1.0300566479164919 -3.1701883876505117 3.0901699437494723 -9.510565162951536 2.6967233145831577 -1.9592841743082445
71.0 550.0 10 10.0 0.0 2.696723314583158 1.9592841743082439 3.0901699437494745 9.510565162951535 -1.0300566479164912 3.170188387650512 -8.090169943749473 5.877852522924733 -3.3333333333333335 4.082155997157844e-16 -8.090169943749476 -5.87785252292473 -1.0300566479164919 -3.1701883876505117 3.0901699437494723 -9.510565162951536 2.6967233145831577 -1.9592841743082445
331.0 358.0 6 10.0 0.0 1.6666666666666672 2.8867513459481287 -4.999999999999998 8.660254037844387 -3.3333333333333335 4.082155997157844e-16 -5.000000000000004 -8.660254037844384 1.6666666666666645 -2.8867513459481304
626.0 193.0 12 10.0 0.0 2.886751345948129 1.6666666666666665 5.000000000000001 8.660254037844386 2.041077998578922e-16 3.3333333333333335 -4.999999999999998 8.660254037844387 -2.886751345948128 1.6666666666666679 -10.0 1.2246467991473533e-15 -2.8867513459481295 -1.6666666666666659 -5.000000000000004 -8.660254037844384 -6.123233995736766e-16 -3.3333333333333335 4.999999999999993 -8.66025403784439 2.886751345948128 -1.6666666666666683
227.0 155.0 8 10.0 0.0 2.3570226039551585 2.3570226039551585 6.123233995736766e-16 10.0 -2.3570226039551585 2.3570226039551585 -10.0 1.2246467991473533e-15 -2.357022603955159 -2.3570226039551585 -1.8369701987210296e-15 -10.0 2.357022603955158 -2.357022603955159
95.0 408.0 12 10.0 0.0 2.886751345948129 1.6666666666666665 5.000000000000001 8.660254037844386 2.041077998578922e-16 3.3333333333333335 -4.999999999999998 8.660254037844387 -2.886751345948128 1.6666666666666679 -10.0 1.2246467991473533e-15 -2.8867513459481295 -1.6666666666666659 -5.000000000000004 -8.660254037844384 -6.123233995736766e-16 -3.3333333333333335 4.999999999999993 -8.66025403784439 2.886751345948128 -1.6666666666666683
321.0 387.0 12 10.0 0.0 2.886751345948129 1.6666666666666665 5.000000000000001 8.660254037844386 2.041077998578922e-16 3.3333333333333335 -4.999999999999998 8.660254037844387 -2.886751345948128 1.6666666666666679 -10.0 1.2246467991473533e-15 -2.8867513459481295 -1.6666666666666659 -5.000000000000004 -8.660254037844384 -6.123233995736766e-16 -3.3333333333333335 4.999999999999993 -8.66025403784439 2.886751345948128 -1.6666666666666683
104.0 405.0 8 10.0 0.0 2.3570226039551585 2.3570226039551585 6.123233995736766e-16 10.0 -2.3570226039551585 2.3570226039551585 -10.0 1.2246467991473533e-15 -2.357022603955159 -2.3570226039551585 -1.8369701987210296e-15 -10.0 2.357022603955158 -2.357022603955159
193.0 507.0 8 10.0 0.0 2.3570226039551585 2.3570226039551585 6.123233995736766e-16 10.0 -2.3570226039551585 2.3570226039551585 -10.0 1.2246467991473533e-15 -2.357022603955159 -2.3570226039551585 -1.8369701987210296e-15 -10.0 2.357022603955158 -2.357022603955159
166.0 181.0 6 10.0 0.0 1.6666666666666672 2.8867513459481287 -4.999999999999998 8.660254037844387 -3.3333333333333335 4.082155997157844e-16 -5.000000000000004 -8.660254037844384 1.6666666666666645 -2.8867513459481304
195.0 471.0 6 10.0 0.0 1.6666666666666672 2.8867513459481287 -4.999999999999998 8.660254037844387 -3.3333333333333335 4.082155997157844e-16 -5.000000000000004 -8.660254037844384 1.6666666666666645 -2.8867513459481304
218.0 217.0 12 10.0 0.0 2.886751345948129 1.6666666666666665 5.000000000000001 8.660254037844386 2.041077998578922e-16 3.3333333333333335 -4.999999999999998 8.660254037844387 -2.886751345948128 1.6666666666666679 -10.0 1.2246467991473533e-15 -2.8867513459481295 -1.6666666666666659 -5.000000000000004 -8.660254037844384 -6.123233995736766e-16 -3.3333333333333335 4.999999999999993 -8.66025403784439 2.886751345948128 -1.6666666666666683
337.0 369.0 12 10.0 0.0 2.886751345948129 1.6666666666666665 5.000000000000001 8.660254037844386 2.041077998578922e-16 3.3333333333333335 -4.999999999999998 8.660254037844387 -2.886751345948128 1.6666666666666679 -10.0 1.2246467991473533e-15 -2.8867513459481295 -1.6666666666666659 -5.000000000000004 -8.660254037844384 -6.123233995736766e-16 -3.3333333333333335 4.999999999999993 -8.66025403784439 2.886751345948128 -1.6666666666666683
212.0 300.0 10 10.0 0.0 2.696723314583158 1.9592841743082439 3.0901699437494745 9.510565162951535 -1.0300566479164912 3.170188387650512 -8.090169943749473 5.877852522924733 -3.3333333333333335 4.082155997157844e-16 -8.090169943749476 -5.87785252292473 -1.0300566479164919 -3.1701883876505117 3.0901699437494723 -9.510565162951536 2.6967233145831577 -1.9592841743082445
187.0 296.0 8 10.0 0.0 2.3570226039551585 2.3570226039551585 6.123233995736766e-16 10.0 -2.3570226039551585 2.3570226039551585 -10.0 1.2246467991473533e-15 -2.357022603955159 -2.3570226039551585 -1.8369701987210296e-15 -10.0 2.357022603955158 -2.357022603955159
572.0 212.0 10 10.0 0.0 2.696723314583158 1.9592841743082439 3.0901699437494745 9.510565162951535 -1.0300566479164912 3.170188387650512 -8.090169943749473 5.877852522924733 -3.3333333333333335 4.082155997157844e-16 -8.090169943749476 -5.87785252292473 -1.0300566479164919 -3.1701883876505117 3.0901699437494723 -9.510565162951536 2.6967233145831577 -1.9592841743082445
520.0 122.0 6 10.0 0.0 1.6666666666666672 2.8867513459481287 -4.999999999999998 8.660254037844387 -3.3333333333333335 4.082155997157844e-16 -5.000000000000004 -8.660254037844384 1.6666666666666645 -2.8867513459481304
90.0 468.0 8 10.0 0.0 2.3570226039551585 2.3570226039551585 6.123233995736766e-16 10.0 -2.3570226039551585 2.3570226039551585 -10.0 1.2246467991473533e-15 -2.357022603955159 -2.3570226039551585 -1.8369701987210296e-15 -10.0 2.357022603955158 -2.357022603955159
670.0 76.0 10 10.0 0.0 2.696723314583158 1.9592841743082439 3.0901699437494745 9.510565162951535 -1.0300566479164912 3.170188387650512 -8.090169943749473 5.877852522924733 -3.3333333333333335 4.082155997157844e-16 -8.090169943749476 -5.87785252292473 -1.0300566479164919 -3.1701883876505117 3.0901699437494723 -9.510565162951536 2.6967233145831577 -1.9592841743082445
542.0 103.0 10 10.0 0.0 2.696723314583158 1.9592841743082439 3.0901699437494745 9.510565162951535 -1.0300566479164912 3.170188387650512 -8.090169943749473 5.877852522924733 -3.3333333333333335 4.082155997157844e-16 -8.090169943749476 -5.87785252292473 -1.0300566479164919 -3.1701883876505117 3.0901699437494723 -9.510565162951536 2.6967233145831577 -1.9592841743082445
248.0 502.0 6 10.0 0.0 1.6666666666666672 2.8867513459481287 -4.999999999999998 8.660254037844387 -3.3333333333333335 4.082155997157844e-16 -5.000000000000004 -8.660254037844384 1.6666666666666645 -2.8867513459481304
587.0 146.0 8 10.0 0.0 2.3570226039551585 2.3570226039551585 6.123233995736766e-16 10.0 -2.3570226039551585 2.3570226039551585 -10.0 1.2246467991473533e-15 -2.357022603955159 -2.3570226039551585 -1.8369701987210296e-15 -10.0 2.357022603955158 -2.357022603955159
634.0 48.0 12 10.0 0.0 2.886751345948129 1.6666666666666665 5.000000000000001 8.660254037844386 2.041077998578922e-16 3.3333333333333335 -4.999999999999998 8.660254037844387 -2.886751345948128 1.6666666666666679 -10.0 1.2246467991473533e-15 -2.8867513459481295 -1.6666666666666659 -5.000000000000004 -8.660254037844384 -6.123233995736766e-16 -3.3333333333333335 4.999999999999993 -8.66025403784439 2.886751345948128 -1.6666666666666683
80.0 153.0 8 10.0 0.0 2.3570226039551585 2.3570226039551585 6.123233995736766e-16 10.0 -2.3570226039551585 2.3570226039551585 -10.0 1.2246467991473533e-15 -2.357022603955159 -2.3570226039551585 -1.8369701987210296e-15 -10.0 2.357022603955158 -2.357022603955159
69.0 508.0 6 10.0 0.0 1.6666666666666672 2.8867513459481287 -4.999999999999998 8.660254037844387 -3.3333333333333335 4.082155997157844e-16 -5.000000000000004 -8.660254037844384 1.6666666666666645 -2.8867513459481304
306.0 350.0 8 10.0 0.0 2.3570226039551585 2.3570226039551585 6.123233995736766e-16 10.0 -2.3570226039551585 2.3570226039551585 -10.0 1.2246467991473533e-15 -2.357022603955159 -2.3570226039551585 -1.8369701987210296e-15 -10.0 2.357022603955158 -2.357022603955159
619.0 199.0 6 10.0 0.0 1.6666666666666672 2.8867513459481287 -4.999999999999998 8.660254037844387 -3.3333333333333335 4.082155997157844e-16 -5.000000000000004 -8.660254037844384 1.6666666666666645 -2.8867513459481304
117.0 585.0 12 10.0 0.0 2.886751345948129 1.6666666666666665 5.000000000000001 8.660254037844386 2.041077998578922e-16 3.3333333333333335 -4.999999999999998 8.660254037844387 -2.886751345948128 1.6666666666666679 -10.0 1.2246467991473533e-15 -2.8867513459481295 -1.6666666666666659 -5.000000000000004 -8.660254037844384 -6.123233995736766e-16 -3.3333333333333335 4.999999999999993 -8.66025403784439 2.886751345948128 -1.6666666666666683
131.0 206.0 10 10.0 0.0 2.696723314583158 1.9592841743082439 3.0901699437494745 9.510565162951535 -1.0300566479164912 3.170188387650512 -8.090169943749473 5.877852522924733 -3.3333333333333335 4.082155997157844e-16 -8.090169943749476 -5.87785252292473 -1.0300566479164919 -3.1701883876505117 3.0901699437494723 -9.510565162951536 2.6967233145831577 -1.9592841743082445
50.0 571.0 8 10.0 0.0 2.3570226039551585 2.3570226039551585 6.123233995736766e-16 10.0 -2.3570226039551585 2.3570226039551585 -10.0 1.2246467991473533e-15 -2.357022603955159 -2.3570226039551585 -1.8369701987210296e-15 -10.0 2.357022603955158 -2.357022603955159
502.0 195.0 10 10.0 0.0 2.696723314583158 1.9592841743082439 3.0901699437494745 9.510565162951535 -1.0300566479164912 3.170188387650512 -8.090169943749473 5.877852522924733 -3.3333333333333335 4.082155997157844e-16 -8.090169943749476 -5.87785252292473 -1.0300566479164919 -3.1701883876505117 3.0901699437494723 -9.510565162951536 2.6967233145831577 -1.9592841743082445
626.0 200.0 8 10.0 0.0 2.3570226039551585 2.3570226039551585 6.123233995736766e-16 10.0 -2.3570226039551585 2.3570226039551585 -10.0 1.2246467991473533e-15 -2.357022603955159 -2.3570226039551585 -1.8369701987210296e-15 -10.0 2.357022603955158 -2.357022603955159
620.0 73.0 12 10.0 0.0 2.886751345948129 1.6666666666666665 5.000000000000001 8.660254037844386 2.041077998578922e-16 3.3333333333333335 -4.999999999999998 8.660254037844387 -2.886751345948128 1.6666666666666679 -10.0 1.2246467991473533e-15 -2.8867513459481295 -1.6666666666666659 -5.000000000000004 -8.660254037844384 -6.123233995736766e-16 -3.3333333333333335 4.999999999999993 -8.66025403784439 2.886751345948128 -1.6666666666666683
658.0 43.0 10 10.0 0.0 2.696723314583158 1.9592841743082439 3.0901699437494745 9.510565162951535 -1.0300566479164912 3.170188387650512 -8.090169943749473 5.877852522924733 -3.3333333333333335 4.082155997157844e-16 -8.090169943749476 -5.87785252292473 -1.0300566479164919 -3.1701883876505117 3.0901699437494723 -9.510565162951536 2.6967233145831577 -1.9592841743082445
119.0 417.0 10 10.0 0.0 2.696723314583158 1.9592841743082439 3.0901699437494745 9.510565162951535 -1.0300566479164912 3.170188387650512 -8.090169943749473 5.877852522924733 -3.3333333333333335 4.082155997157844e-16 -8.090169943749476 -5.87785252292473 -1.0300566479164919 -3.1701883876505117 3.0901699437494723 -9.510565162951536 2.6967233145831577 -1.9592841743082445
672.0 63.0 12 10.0 0.0 2.886751345948129 1.6666666666666665 5.000000000000001 8.660254037844386 2.041077998578922e-16 3.3333333333333335 -4.999999999999998 8.660254037844387 -2.886751345948128 1.6666666666666679 -10.0 1.2246467991473533e-15 -2.8867513459481295 -1.6666666666666659 -5.000000000000004 -8.660254037844384 -6.123233995736766e-16 -3.3333333333333335 4.999999999999993 -8.66025403784439 2.886751345948128 -1.6666666666666683
565.0 214.0 12 10.0 0.0 2.886751345948129 1.6666666666666665 5.000000000000001 8.660254037844386 2.041077998578922e-16 3.3333333333333335 -4.999999999999998 8.660254037844387 -2.886751345948128 1.6666666666666679 -10.0 1.2246467991473533e-15 -2.8867513459481295 -1.6666666666666659 -5.000000000000004 -8.660254037844384 -6.123233995736766e-16 -3.3333333333333335 4.999999999999993 -8.66025403784439 2.886751345948128 -1.6666666666666683
194.0 539.0 8 10.0 0.0 2.3570226039551585 2.3570226039551585 6.123233995736766e-16 10.0 -2.3570226039551585 2.3570226039551585 -10.0 1.2246467991473533e-15 -2.357022603955159 -2.3570226039551585 -1.8369701987210296e-15 -10.0 2.357022603955158 -2.357022603955159
167.0 212.0 12 10.0 0.0 2.886751345948129 1.6666666666666665 5.000000000000001 8.660254037844386 2.041077998578922e-16 3.3333333333333335 -4.999999999999998 8.660254037844387 -2.886751345948128 1.6666666666666679 -10.0 1.2246467991473533e-15 -2.8867513459481295 -1.6666666666666659 -5.000000000000004 -8.660254037844384 -6.123233995736766e-16 -3.3333333333333335 4.999999999999993 -8.66025403784439 2.886751345948128 -1.6666666666666683
73.0 143.0 10 10.0 0.0 2.696723314583158 1.9592841743082439 3.0901699437494745 9.510565162951535 -1.0300566479164912 3.170188387650512 -8.090169943749473 5.877852522924733 -3.3333333333333335 4.082155997157844e-16 -8.090169943749476 -5.87785252292473 -1.0300566479164919 -3.1701883876505117 3.0901699437494723 -9.510565162951536 2.6967233145831577 -1.9592841743082445
480.0 256.0 10 10.0 0.0 2.696723314583158 1.9592841743082439 3.0901699437494745 9.510565162951535 -1.0300566479164912 3.170188387650512 -8.090169943749473 5.877852522924733 -3.3333333333333335 4.082155997157844e-16 -8.090169943749476 -5.87785252292473 -1.0300566479164919 -3.1701883876505117 3.0901699437494723 -9.510565162951536 2.6967233145831577 -1.9592841743082445
129.0 531.0 10 10.0 0.0 2.696723314583158 1.9592841743082439 3.0901699437494745 9.510565162951535 -1.0300566479164912 3.170188387650512 -8.090169943749473 5.877852522924733 -3.3333333333333335 4.082155997157844e-16 -8.090169943749476 -5.87785252292473 -1.0300566479164919 -3.1701883876505117 3.0901699437494723 -9.510565162951536 2.6967233145831577 -1.9592841743082445
533.0 98.0 6 10.0 0.0 1.6666666666666672 2.8867513459481287 -4.999999999999998 8.660254037844387 -3.3333333333333335 4.082155997157844e-16 -5.000000000000004 -8.660254037844384 1.6666666666666645 -2.8867513459481304
89.0 124.0 12 10.0 0.0 2.886751345948129 1.6666666666666665 5.000000000000001 8.660254037844386 2.041077998578922e-16 3.3333333333333335 -4.999999999999998 8.660254037844387 -2.886751345948128 1.6666666666666679 -10.0 1.2246467991473533e-15 -2.8867513459481295 -1.6666666666666659 -5.000000000000004 -8.660254037844384 -6.123233995736766e-16 -3.3333333333333335 4.999999999999993 -8.66025403784439 2.886751345948128 -1.6666666666666683
199.0 120.0 6 10.0 0.0 1.6666666666666672 2.8867513459481287 -4.999999999999998 8.660254037844387 -3.3333333333333335 4.082155997157844e-16 -5.000000000000004 -8.660254037844384 1.6666666666666645 -2.8867513459481304
208.0 125.0 6 10.0 0.0 1.6666666666666672 2.8867513459481287 -4.999999999999998 8.660254037844387 -3.3333333333333335 4.082155997157844e-16 -5.000000000000004 -8.660254037844384 1.6666666666666645 -2.8867513459481304
196.0 341.0 8 10.0 0.0 2.3570226039551585 2.3570226039551585 6.123233995736766e-16 10.0 -2.3570226039551585 2.3570226039551585 -10.0 1.2246467991473533e-15 -2.357022603955159 -2.3570226039551585 -1.8369701987210296e-15 -10.0 2.357022603955158 -2.357022603955159
103.0 567.0 10 10.0 0.0 2.696723314583158 1.9592841743082439 3.0901699437494745 9.510565162951535 -1.0300566479164912 3.170188387650512 -8.090169943749473 5.877852522924733 -3.3333333333333335 4.082155997157844e-16 -8.090169943749476 -5.87785252292473 -1.0300566479164919 -3.1701883876505117 3.0901699437494723 -9.510565162951536 2.6967233145831577 -1.9592841743082445
90.0 597.0 10 10.0 0.0 2.696723314583158 1.9592841743082439 3.0901699437494745 9.510565162951535 -1.0300566479164912 3.170188387650512 -8.090169943749473 5.877852522924733 -3.3333333333333335 4.082155997157844e-16 -8.090169943749476 -5.87785252292473 -1.0300566479164919 -3.1701883876505117 3.0901699437494723 -9.510565162951536 2.6967233145831577 -1.9592841743082445
665.0 137.0 10 10.0 0.0 2.696723314583158 1.9592841743082439 3.0901699437494745 9.510565162951535 -1.0300566479164912 3.170188387650512 -8.090169943749473 5.877852522924733 -3.3333333333333335 4.082155997157844e-16 -8.090169943749476 -5.87785252292473 -1.0300566479164919 -3.1701883876505117 3.0901699437494723 -9.510565162951536 2.6967233145831577 -1.9592841743082445
355.0 377.0 8 10.0 0.0 2.3570226039551585 2.3570226039551585 6.123233995736766e-16 10.0 -2.3570226039551585 2.3570226039551585 -10.0 1.2246467991473533e-15 -2.357022603955159 -2.3570226039551585 -1.8369701987210296e-15 -10.0 2.357022603955158 -2.357022603955159
209.0 543.0 12 10.0 0.0 2.886751345948129 1.6666666666666665 5.000000000000001 8.660254037844386 2.041077998578922e-16 3.3333333333333335 -4.999999999999998 8.660254037844387 -2.886751345948128 1.6666666666666679 -10.0 1.2246467991473533e-15 -2.8867513459481295 -1.6666666666666659 -5.000000000000004 -8.660254037844384 -6.123233995736766e-16 -3.3333333333333335 4.999999999999993 -8.66025403784439 2.886751345948128 -1.6666666666666683
369.0 383.0 10 10.0 0.0 2.696723314583158 1.9592841743082439 3.0901699437494745 9.510565162951535 -1.0300566479164912 3.170188387650512 -8.090169943749473 5.877852522924733 -3.3333333333333335 4.082155997157844e-16 -8.090169943749476 -5.87785252292473 -1.0300566479164919 -3.1701883876505117 3.0901699437494723 -9.510565162951536 2.6967233145831577 -1.9592841743082445
649.0 204.0 6 10.0 0.0 1.6666666666666672 2.8867513459481287 -4.999999999999998 8.660254037844387 -3.3333333333333335 4.082155997157844e-16 -5.000000000000004 -8.660254037844384 1.6666666666666645 -2.8867513459481304
158.0 324.0 8 10.0 0.0 2.3570226039551585 2.3570226039551585 6.123233995736766e-16 10.0 -2.3570226039551585 2.3570226039551585 -10.0 1.2246467991473533e-15 -2.357022603955159 -2.3570226039551585 -1.8369701987210296e-15 -10.0 2.357022603955158 -2.357022603955159
620.0 138.0 8 10.0 0.0 2.3570226039551585 2.3570226039551585 6.123233995736766e-16 10.0 -2.3570226039551585 2.3570226039551585 -10.0 1.2246467991473533e-15 -2.357022603955159 -2.3570226039551585 -1.8369701987210296e-15 -10.0 2.357022603955158 -2.357022603955159
49.0 489.0 12 10.0 0.0 2.886751345948129 1.6666666666666665 5.000000000000001 8.660254037844386 2.041077998578922e-16 3.3333333333333335 -4.999999999999998 8.660254037844387 -2.886751345948128 1.6666666666666679 -10.0 1.2246467991473533e-15 -2.8867513459481295 -1.6666666666666659 -5.000000000000004 -8.660254037844384 -6.123233995736766e-16 -3.3333333333333335 4.999999999999993 -8.66025403784439 2.886751345948128 -1.6666666666666683
545.0 120.0 12 10.0 0.0 2.886751345948129 1.6666666666666665 5.000000000000001 8.660254037844386 2.041077998578922e-16 3.3333333333333335 -4.999999999999998 8.660254037844387 -2.886751345948128 1.6666666666666679 -10.0 1.2246467991473533e-15 -2.8867513459481295 -1.6666666666666659 -5.000000000000004 -8.660254037844384 -6.123233995736766e-16 -3.3333333333333335 4.999999999999993 -8.66025403784439 2.886751345948128 -1.6666666666666683
671.0 126.0 8 10.0 0.0 2.3570226039551585 2.3570226039551585 6.123233995736766e-16 10.0 -2.3570226039551585 2.3570226039551585 -10.0 1.2246467991473533e-15 -2.357022603955159 -2.3570226039551585 -1.8369701987210296e-15 -10.0 2.357022603955158 -2.357022603955159
268.0 521.0 10 10.0 0.0 2.696723314583158 1.9592841743082439 3.0901699437494745 9.510565162951535 -1.0300566479164912 3.170188387650512 -8.090169943749473 5.877852522924733 -3.3333333333333335 4.082155997157844e-16 -8.090169943749476 -5.87785252292473 -1.0300566479164919 -3.1701883876505117 3.0901699437494723 -9.510565162951536 2.6967233145831577 -1.9592841743082445
427.0 275.0 6 10.0 0.0 1.6666666666666672 2.8867513459481287 -4.999999999999998 8.660254037844387 -3.3333333333333335 4.082155997157844e-16 -5.000000000000004 -8.660254037844384 1.6666666666666645 -2.8867513459481304
598.0 84.0 12 10.0 0.0 2.886751345948129 1.6666666666666665 5.000000000000001 8.660254037844386 2.041077998578922e-16 3.3333333333333335 -4.999999999999998 8.660254037844387 -2.886751345948128 1.6666666666666679 -10.0 1.2246467991473533e-15 -2.8867513459481295 -1.6666666666666659 -5.000000000000004 -8.660254037844384 -6.123233995736766e-16 -3.3333333333333335 4.999999999999993 -8.66025403784439 2.886751345948128 -1.6666666666666683
181.0 491.0 10 10.0 0.0 2.696723314583158 1.9592841743082439 3.0901699437494745 9.510565162951535 -1.0300566479164912 3.170188387650512 -8.090169943749473 5.877852522924733 -3.3333333333333335 4.082155997157844e-16 -8.090169943749476 -5.87785252292473 -1.0300566479164919 -3.1701883876505117 3.0901699437494723 -9.510565162951536 2.6967233145831577 -1.9592841743082445
95.0 577.0 12 10.0 0.0 2.886751345948129 1.6666666666666665 5.000000000000001 8.660254037844386 2.041077998578922e-16 3.3333333333333335 -4.999999999999998 8.660254037844387 -2.886751345948128 1.6666666666666679 -10.0 1.2246467991473533e-15 -2.8867513459481295 -1.6666666666666659 -5.000000000000004 -8.660254037844384 -6.123233995736766e-16 -3.3333333333333335 4.999999999999993 -8.66025403784439 2.886751345948128 -1.6666666666666683
140.0 505.0 8 10.0 0.0 2.3570226039551585 2.3570226039551585 6.123233995736766e-16 10.0 -2.3570226039551585 2.3570226039551585 -10.0 1.2246467991473533e-15 -2.357022603955159 -2.3570226039551585 -1.8369701987210296e-15 -10.0 2.357022603955158 -2.357022603955159
149.0 317.0 6 10.0 0.0 1.6666666666666672 2.8867513459481287 -4.999999999999998 8.660254037844387 -3.3333333333333335 4.082155997157844e-16 -5.000000000000004 -8.660254037844384 1.6666666666666645 -2.8867513459481304
123.0 209.0 8 10.0 0.0 2.3570226039551585 2.3570226039551585 6.123233995736766e-16 10.0 -2.3570226039551585 2.3570226039551585 -10.0 1.2246467991473533e-15 -2.357022603955159 -2.3570226039551585 -1.8369701987210296e-15 -10.0 2.357022603955158 -2.357022603955159
590.0 215.0 6 10.0 0.0 1.6666666666666672 2.8867513459481287 -4.999999999999998 8.660254037844387 -3.3333333333333335 4.082155997157844e-16 -5.000000000000004 -8.660254037844384 1.6666666666666645 -2.8867513459481304
335.0 404.0 8 10.0 0.0 2.3570226039551585 2.3570226039551585 6.123233995736766e-16 10.0 -2.3570226039551585 2.3570226039551585 -10.0 1.2246467991473533e-15 -2.357022603955159 -2.3570226039551585 -1.8369701987210296e-15 -10.0 2.357022603955158 -2.357022603955159
644.0 127.0 6 10.0 0.0 1.6666666666666672 2.8867513459481287 -4.999999999999998 8.660254037844387 -3.3333333333333335 4.082155997157844e-16 -5.000000000000004 -8.660254037844384 1.6666666666666645 -2.8867513459481304
197.0 233.0 6 10.0 0.0 1.6666666666666672 2.8867513459481287 -4.999999999999998 8.660254037844387 -3.3333333333333335 4.082155997157844e-16 -5.000000000000004 -8.660254037844384 1.6666666666666645 -2.8867513459481304
78.0 602.0 12 10.0 0.0 2.886751345948129 1.6666666666666665 5.000000000000001 8.660254037844386 2.041077998578922e-16 3.3333333333333335 -4.999999999999998 8.660254037844387 -2.886751345948128 1.6666666666666679 -10.0 1.2246467991473533e-15 -2.8867513459481295 -1.6666666666666659 -5.000000000000004 -8.660254037844384 -6.123233995736766e-16 -3.3333333333333335 4.999999999999993 -8.66025403784439 2.886751345948128 -1.6666666666666683
651.0 47.0 10 10.0 0.0 2.696723314583158 1.9592841743082439 3.0901699437494745 9.510565162951535 -1.0300566479164912 3.170188387650512 -8.090169943749473 5.877852522924733 -3.3333333333333335 4.082155997157844e-16 -8.090169943749476 -5.87785252292473 -1.0300566479164919 -3.1701883876505117 3.0901699437494723 -9.510565162951536 2.6967233145831577 -1.9592841743082445
245.0 196.0 12 10.0 0.0 2.886751345948129 1.6666666666666665 5.000000000000001 8.660254037844386 2.041077998578922e-16 3.3333333333333335 -4.999999999999998 8.660254037844387 -2.886751345948128 1.6666666666666679 -10.0 1.2246467991473533e-15 -2.8867513459481295 -1.6666666666666659 -5.000000000000004 -8.660254037844384 -6.123233995736766e-16 -3.3333333333333335 4.999999999999993 -8.66025403784439 2.886751345948128 -1.6666666666666683
73.0 411.0 6 10.0 0.0 1.6666666666666672 2.8867513459481287 -4.999999999999998 8.660254037844387 -3.3333333333333335 4.082155997157844e-16 -5.000000000000004 -8.660254037844384 1.6666666666666645 -2.8867513459481304
646.0 189.0 12 10.0 0.0 2.886751345948129 1.6666666666666665 5.000000000000001 8.660254037844386 2.041077998578922e-16 3.3333333333333335 -4.999999999999998 8.660254037844387 -2.886751345948128 1.6666666666666679 -10.0 1.2246467991473533e-15 -2.8867513459481295 -1.6666666666666659 -5.000000000000004 -8.660254037844384 -6.123233995736766e-16 -3.3333333333333335 4.999999999999993 -8.66025403784439 2.886751345948128 -1.6666666666666683
541.0 95.0 10 10.0 0.0 2.696723314583158 1.9592841743082439 3.0901699437494745 9.510565162951535 -1.0300566479164912 3.170188387650512 -8.090169943749473 5.877852522924733 -3.3333333333333335 4.082155997157844e-16 -8.090169943749476 -5.87785252292473 -1.0300566479164919 -3.1701883876505117 3.0901699437494723 -9.510565162951536 2.6967233145831577 -1.9592841743082445
51.0 416.0 6 10.0 0.0 1.6666666666666672 2.8867513459481287 -4.999999999999998 8.660254037844387 -3.3333333333333335 4.082155997157844e-16 -5.000000000000004 -8.660254037844384 1.6666666666666645 -2.8867513459481304
118.0 160.0 10 10.0 0.0 2.696723314583158 1.9592841743082439 3.0901699437494745 9.510565162951535 -1.0300566479164912 3.170188387650512 -8.090169943749473 5.877852522924733 -3.3333333333333335 4.082155997157844e-16 -8.090169943749476 -5.87785252292473 -1.0300566479164919 -3.1701883876505117 3.0901699437494723 -9.510565162951536 2.6967233145831577 -1.9592841743082445
183.0 282.0 12 10.0 0.0 2.886751345948129 1.6666666666666665 5.000000000000001 8.660254037844386 2.041077998578922e-16 3.3333333333333335 -4.999999999999998 8.660254037844387 -2.886751345948128 1.6666666666666679 -10.0 1.2246467991473533e-15 -2.8867513459481295 -1.6666666666666659 -5.000000000000004 -8.660254037844384 -6.123233995736766e-16 -3.3333333333333335 4.999999999999993 -8.66025403784439 2.886751345948128 -1.6666666666666683
159.0 312.0 12 10.0 0.0 2.886751345948129 1.6666666666666665 5.000000000000001 8.660254037844386 2.041077998578922e-16 3.3333333333333335 -4.999999999999998 8.660254037844387 -2.886751345948128 1.6666666666666679 -10.0 1.2246467991473533e-15 -2.8867513459481295 -1.6666666666666659 -5.000000000000004 -8.660254037844384 -6.123233995736766e-16 -3.3333333333333335 4.999999999999993 -8.66025403784439 2.886751345948128 -1.6666666666666683
219.0 166.0 10 10.0 0.0 2.696723314583158 1.9592841743082439 3.0901699437494745 9.510565162951535 -1.0300566479164912 3.170188387650512 -8.090169943749473 5.877852522924733 -3.3333333333333335 4.082155997157844e-16 -8.090169943749476 -5.87785252292473 -1.0300566479164919 -3.1701883876505117 3.0901699437494723 -9.510565162951536 2.6967233145831577 -1.9592841743082445
550.0 79.0 10 10.0 0.0 2.696723314583158 1.9592841743082439 3.0901699437494745 9.510565162951535 -1.0300566479164912 3.170188387650512 -8.090169943749473 5.877852522924733 -3.3333333333333335 4.082155997157844e-16 -8.090169943749476 -5.87785252292473 -1.0300566479164919 -3.1701883876505117 3.0901699437494723 -9.510565162951536 2.6967233145831577 -1.9592841743082445
238.0 154.0 10 10.0 0.0 2.696723314583158 1.9592841743082439 3.0901699437494745 9.510565162951535 -1.0300566479164912 3.170188387650512 -8.090169943749473 5.877852522924733 -3.3333333333333335 4.082155997157844e-16 -8.090169943749476 -5.87785252292473 -1.0300566479164919 -3.1701883876505117 3.0901699437494723 -9.510565162951536 2.6967233145831577 -1.9592841743082445
702.0 58.0 12 10.0 0.0 2.886751345948129 1.6666666666666665 5.000000000000001 8.660254037844386 2.041077998578922e-16 3.3333333333333335 -4.999999999999998 8.660254037844387 -2.886751345948128 1.6666666666666679 -10.0 1.2246467991473533e-15 -2.8867513459481295 -1.6666666666666659 -5.000000000000004 -8.660254037844384 -6.123233995736766e-16 -3.3333333333333335 4.999999999999993 -8.66025403784439 2.886751345948128 -1.6666666666666683
258.0 206.0 6 10.0 0.0 1.6666666666666672 2.8867513459481287 -4.999999999999998 8.660254037844387 -3.3333333333333335 4.082155997157844e-16 -5.000000000000004 -8.660254037844384 1.6666666666666645 -2.8867513459481304
79.0 162.0 6 10.0 0.0 1.6666666666666672 2.8867513459481287 -4.999999999999998 8.660254037844387 -3.3333333333333335 4.082155997157844e-16 -5.000000000000004 -8.660254037844384 1.6666666666666645 -2.8867513459481304
185.0 467.0 12 10.0 0.0 2.886751345948129 1.6666666666666665 5.000000000000001 8.660254037844386 2.041077998578922e-16 3.3333333333333335 -4.999999999999998 8.660254037844387 -2.886751345948128 1.6666666666666679 -10.0 1.2246467991473533e-15 -2.8867513459481295 -1.6666666666666659 -5.000000000000004 -8.660254037844384 -6.123233995736766e-16 -3.3333333333333335 4.999999999999993 -8.66025403784439 2.886751345948128 -1.6666666666666683
481.0 127.0 12 10.0 0.0 2.886751345948129 1.6666666666666665 5.000000000000001 8.660254037844386 2.041077998578922e-16 3.3333333333333335 -4.999999999999998 8.660254037844387 -2.886751345948128 1.6666666666666679 -10.0 1.2246467991473533e-15 -2.8867513459481295 -1.6666666666666659 -5.000000000000004 -8.660254037844384 -6.123233995736766e-16 -3.3333333333333335 4.999999999999993 -8.66025403784439 2.886751345948128 -1.6666666666666683
65.0 533.0 12 10.0 0.0 2.886751345948129 1.6666666666666665 5.000000000000001 8.660254037844386 2.041077998578922e-16 3.3333333333333335 -4.999999999999998 8.660254037844387 -2.886751345948128 1.6666666666666679 -10.0 1.2246467991473533e-15 -2.8867513459481295 -1.6666666666666659 -5.000000000000004 -8.660254037844384 -6.123233995736766e-16 -3.3333333333333335 4.999999999999993 -8.66025403784439 2.886751345948128 -1.6666666666666683
488.0 169.0 12 10.0 0.0 2.886751345948129 1.6666666666666665 5.000000000000001 8.660254037844386 2.041077998578922e-16 3.3333333333333335 -4.999999999999998 8.660254037844387 -2.886751345948128 1.6666666666666679 -10.0 1.2246467991473533e-15 -2.8867513459481295 -1.6666666666666659 -5.000000000000004 -8.660254037844384 -6.123233995736766e-16 -3.3333333333333335 4.999999999999993 -8.66025403784439 2.886751345948128 -1.6666666666666683
140.0 221.0 12 10.0 0.0 2.886751345948129 1.6666666666666665 5.000000000000001 8.660254037844386 2.041077998578922e-16 3.3333333333333335 -4.999999999999998 8.660254037844387 -2.886751345948128 1.6666666666666679 -10.0 1.2246467991473533e-15 -2.8867513459481295 -1.6666666666666659 -5.000000000000004 -8.660254037844384 -6.123233995736766e-16 -3.3333333333333335 4.999999999999993 -8.66025403784439 2.886751345948128 -1.6666666666666683
399.0 173.0 8 10.0 0.0 2.3570226039551585 2.3570226039551585 6.123233995736766e-16 10.0 -2.3570226039551585 2.3570226039551585 -10.0 1.2246467991473533e-15 -2.357022603955159 -2.3570226039551585 -1.8369701987210296e-15 -10.0 2.357022603955158 -2.357022603955159
129.0 314.0 12 10.0 0.0 2.886751345948129 1.6666666666666665 5.000000000000001 8.660254037844386 2.041077998578922e-16 3.3333333333333335 -4.999999999999998 8.660254037844387 -2.886751345948128 1.6666666666666679 -10.0 1.2246467991473533e-15 -2.8867513459481295 -1.6666666666666659 -5.000000000000004 -8.660254037844384 -6.123233995736766e-16 -3.3333333333333335 4.999999999999993 -8.66025403784439 2.886751345948128 -1.6666666666666683
533.0 146.0 10 10.0 0.0 2.696723314583158 1.9592841743082439 3.0901699437494745 9.510565162951535 -1.0300566479164912 3.170188387650512 -8.090169943749473 5.877852522924733 -3.3333333333333335 4.082155997157844e-16 -8.090169943749476 -5.87785252292473 -1.0300566479164919 -3.1701883876505117 3.0901699437494723 -9.510565162951536 2.6967233145831577 -1.9592841743082445
247.0 532.0 10 10.0 0.0 2.696723314583158 1.9592841743082439 3.0901699437494745 9.510565162951535 -1.0300566479164912 3.170188387650512 -8.090169943749473 5.877852522924733 -3.3333333333333335 4.082155997157844e-16 -8.090169943749476 -5.87785252292473 -1.0300566479164919 -3.1701883876505117 3.0901699437494723 -9.510565162951536 2.6967233145831577 -1.9592841743082445
104.0 206.0 12 10.0 0.0 2.886751345948129 1.6666666666666665 5.000000000000001 8.660254037844386 2.041077998578922e-16 3.3333333333333335 -4.999999999999998 8.660254037844387 -2.886751345948128 1.6666666666666679 -10.0 1.2246467991473533e-15 -2.8867513459481295 -1.6666666666666659 -5.000000000000004 -8.660254037844384 -6.123233995736766e-16 -3.3333333333333335 4.999999999999993 -8.66025403784439 2.886751345948128 -1.6666666666666683
534.0 200.0 8 10.0 0.0 2.3570226039551585 2.3570226039551585 6.123233995736766e-16 10.0 -2.3570226039551585 2.3570226039551585 -10.0 1.2246467991473533e-15 -2.357022603955159 -2.3570226039551585 -1.8369701987210296e-15 -10.0 2.357022603955158 -2.357022603955159
286.0 404.0 12 10.0 0.0 2.886751345948129 1.6666666666666665 5.000000000000001 8.660254037844386 2.041077998578922e-16 3.3333333333333335 -4.999999999999998 8.660254037844387 -2.886751345948128 1.6666666666666679 -10.0 1.2246467991473533e-15 -2.8867513459481295 -1.6666666666666659 -5.000000000000004 -8.660254037844384 -6.123233995736766e-16 -3.3333333333333335 4.999999999999993 -8.66025403784439 2.886751345948128 -1.6666666666666683
231.0 498.0 8 10.0 0.0 2.3570226039551585 2.3570226039551585 6.123233995736766e-16 10.0 -2.3570226039551585 2.3570226039551585 -10.0 1.2246467991473533e-15 -2.357022603955159 -2.3570226039551585 -1.8369701987210296e-15 -10.0 2.357022603955158 -2.357022603955159
25.0 502.0 12 10.0 0.0 2.886751345948129 1.6666666666666665 5.000000000000001 8.660254037844386 2.041077998578922e-16 3.3333333333333335 -4.999999999999998 8.660254037844387 -2.886751345948128 1.6666666666666679 -10.0 1.2246467991473533e-15 -2.8867513459481295 -1.6666666666666659 -5.000000000000004 -8.660254037844384 -6.123233995736766e-16 -3.3333333333333335 4.999999999999993 -8.66025403784439 2.886751345948128 -1.6666666666666683
63.0 623.0 8 10.0 0.0 2.3570226039551585 2.3570226039551585 6.123233995736766e-16 10.0 -2.3570226039551585 2.3570226039551585 -10.0 1.2246467991473533e-15 -2.357022603955159 -2.3570226039551585 -1.8369701987210296e-15 -10.0 2.357022603955158 -2.357022603955159
70.0 136.0 6 10.0 0.0 1.6666666666666672 2.8867513459481287 -4.999999999999998 8.660254037844387 -3.3333333333333335 4.082155997157844e-16 -5.000000000000004 -8.660254037844384 1.6666666666666645 -2.8867513459481304
184.0 97.0 12 10.0 0.0 2.886751345948129 1.6666666666666665 5.000000000000001 8.660254037844386 2.041077998578922e-16 3.3333333333333335 -4.999999999999998 8.660254037844387 -2.886751345948128 1.6666666666666679 -10.0 1.2246467991473533e-15 -2.8867513459481295 -1.6666666666666659 -5.000000000000004 -8.660254037844384 -6.123233995736766e-16 -3.3333333333333335 4.999999999999993 -8.66025403784439 2.886751345948128 -1.6666666666666683
438.0 204.0 12 10.0 0.0 2.886751345948129 1.6666666666666665 5.000000000000001 8.660254037844386 2.041077998578922e-16 3.3333333333333335 -4.999999999999998 8.660254037844387 -2.886751345948128 1.6666666666666679 -10.0 1.2246467991473533e-15 -2.8867513459481295 -1.6666666666666659 -5.000000000000004 -8.660254037844384 -6.123233995736766e-16 -3.3333333333333335 4.999999999999993 -8.66025403784439 2.886751345948128 -1.6666666666666683
475.0 274.0 12 10.0 0.0 2.886751345948129 1.6666666666666665 5.000000000000001 8.660254037844386 2.041077998578922e-16 3.3333333333333335 -4.999999999999998 8.660254037844387 -2.886751345948128 1.6666666666666679 -10.0 1.2246467991473533e-15 -2.8867513459481295 -1.6666666666666659 -5.000000000000004 -8.660254037844384 -6.123233995736766e-16 -3.3333333333333335 4.999999999999993 -8.66025403784439 2.886751345948128 -1.6666666666666683
45.0 118.0 8 10.0 0.0 2.3570226039551585 2.3570226039551585 6.123233995736766e-16 10.0 -2.3570226039551585 2.3570226039551585 -10.0 1.2246467991473533e-15 -2.357022603955159 -2.3570226039551585 -1.8369701987210296e-15 -10.0 2.357022603955158 -2.357022603955159
679.0 25.0 8 10.0 0.0 2.3570226039551585 2.3570226039551585 6.123233995736766e-16 10.0 -2.3570226039551585 2.3570226039551585 -10.0 1.2246467991473533e-15 -2.357022603955159 -2.3570226039551585 -1.8369701987210296e-15 -10.0 2.357022603955158 -2.357022603955159
45.0 128.0 6 10.0 0.0 1.6666666666666672 2.8867513459481287 -4.999999999999998 8.660254037844387 -3.3333333333333335 4.082155997157844e-16 -5.000000000000004 -8.660254037844384 1.6666666666666645 -2.8867513459481304
212.0 170.0 12 10.0 0.0 2.886751345948129 1.6666666666666665 5.000000000000001 8.660254037844386 2.041077998578922e-16 3.3333333333333335 -4.999999999999998 8.660254037844387 -2.886751345948128 1.6666666666666679 -10.0 1.2246467991473533e-15 -2.8867513459481295 -1.6666666666666659 -5.000000000000004 -8.660254037844384 -6.123233995736766e-16 -3.3333333333333335 4.999999999999993 -8.66025403784439 2.886751345948128 -1.6666666666666683
112.0 311.0 6 10.0 0.0 1.6666666666666672 2.8867513459481287 -4.999999999999998 8.660254037844387 -3.3333333333333335 4.082155997157844e-16 -5.000000000000004 -8.660254037844384 1.6666666666666645 -2.8867513459481304
169.0 75.0 8 10.0 0.0 2.3570226039551585 2.3570226039551585 6.123233995736766e-16 10.0 -2.3570226039551585 2.3570226039551585 -10.0 1.2246467991473533e-15 -2.357022603955159 -2.3570226039551585 -1.8369701987210296e-15 -10.0 2.357022603955158 -2.357022603955159
259.0 307.0 10 10.0 0.0 2.696723314583158 1.9592841743082439 3.0901699437494745 9.510565162951535 -1.0300566479164912 3.170188387650512 -8.090169943749473 5.877852522924733 -3.3333333333333335 4.082155997157844e-16 -8.090169943749476 -5.87785252292473 -1.0300566479164919 -3.1701883876505117 3.0901699437494723 -9.510565162951536 2.6967233145831577 -1.9592841743082445
497.0 216.0 10 10.0 0.0 2.696723314583158 1.9592841743082439 3.0901699437494745 9.510565162951535 -1.0300566479164912 3.170188387650512 -8.090169943749473 5.877852522924733 -3.3333333333333335 4.082155997157844e-16 -8.090169943749476 -5.87785252292473 -1.0300566479164919 -3.1701883876505117 3.0901699437494723 -9.510565162951536 2.6967233145831577 -1.9592841743082445
668.0 116.0 12 10.0 0.0 2.886751345948129 1.6666666666666665 5.000000000000001 8.660254037844386 2.041077998578922e-16 3.3333333333333335 -4.999999999999998 8.660254037844387 -2.886751345948128 1.6666666666666679 -10.0 1.2246467991473533e-15 -2.8867513459481295 -1.6666666666666659 -5.000000000000004 -8.660254037844384 -6.123233995736766e-16 -3.3333333333333335 4.999999999999993 -8.66025403784439 2.886751345948128 -1.6666666666666683
