50
64.0 66.0 8 10.0 0.0 2.3570226039551585 2.3570226039551585 6.123233995736766e-16 10.0 -2.3570226039551585 2.3570226039551585 -10.0 1.2246467991473533e-15 -2.357022603955159 -2.3570226039551585 -1.8369701987210296e-15 -10.0 2.357022603955158 -2.357022603955159
51.0 74.0 10 10.0 0.0 2.696723314583158 1.9592841743082439 3.0901699437494745 9.510565162951535 -1.0300566479164912 3.170188387650512 -8.090169943749473 5.877852522924733 -3.3333333333333335 4.082155997157844e-16 -8.090169943749476 -5.87785252292473 -1.0300566479164919 -3.1701883876505117 3.0901699437494723 -9.510565162951536 2.6967233145831577 -1.9592841743082445
77.0 83.0 10 10.0 0.0 2.696723314583158 1.9592841743082439 3.0901699437494745 9.510565162951535 -1.0300566479164912 3.170188387650512 -8.090169943749473 5.877852522924733 -3.3333333333333335 4.082155997157844e-16 -8.090169943749476 -5.87785252292473 -1.0300566479164919 -3.1701883876505117 3.0901699437494723 -9.510565162951536 2.6967233145831577 -1.9592841743082445
54.0 52.0 12 10.0 0.0 2.886751345948129 1.6666666666666665 5.000000000000001 8.660254037844386 2.041077998578922e-16 3.3333333333333335 -4.999999999999998 8.660254037844387 -2.886751345948128 1.6666666666666679 -10.0 1.2246467991473533e-15 -2.8867513459481295 -1.6666666666666659 -5.000000000000004 -8.660254037844384 -6.123233995736766e-16 -3.3333333333333335 4.999999999999993 -8.66025403784439 2.886751345948128 -1.6666666666666683
65.0 55.0 6 10.0 0.0 1.6666666666666672 2.8867513459481287 -4.999999999999998 8.660254037844387 -3.3333333333333335 4.082155997157844e-16 -5.000000000000004 -8.660254037844384 1.6666666666666645 -2.8867513459481304
79.0 78.0 12 10.0 0.0 2.886751345948129 1.6666666666666665 5.000000000000001 8.660254037844386 2.041077998578922e-16 3.3333333333333335 -4.999999999999998 8.660254037844387 -2.886751345948128 1.6666666666666679 -10.0 1.2246467991473533e-15 -2.8867513459481295 -1.6666666666666659 -5.000000000000004 -8.660254037844384 -6.123233995736766e-16 -3.3333333333333335 4.999999999999993 -8.66025403784439 2.886751345948128 -1.6666666666666683
88.0 45.0 10 10.0 0.0 2.696723314583158 1.9592841743082439 3.0901699437494745 9.510565162951535 -1.0300566479164912 3.170188387650512 -8.090169943749473 5.877852522924733 -3.3333333333333335 4.082155997157844e-16 -8.090169943749476 -5.87785252292473 -1.0300566479164919 -3.1701883876505117 3.0901699437494723 -9.510565162951536 2.6967233145831577 -1.9592841743082445
82.0 71.0 8 10.0 0.0 2.3570226039551585 2.3570226039551585 6.123233995736766e-16 10.0 -2.3570226039551585 2.3570226039551585 -10.0 1.2246467991473533e-15 -2.357022603955159 -2.3570226039551585 -1.8369701987210296e-15 -10.0 2.357022603955158 -2.357022603955159
98.0 64.0 10 10.0 0.0 2.696723314583158 1.9592841743082439 3.0901699437494745 9.510565162951535 -1.0300566479164912 3.170188387650512 -8.090169943749473 5.877852522924733 -3.3333333333333335 4.082155997157844e-16 -8.090169943749476 -5.87785252292473 -1.0300566479164919 -3.1701883876505117 3.0901699437494723 -9.510565162951536 2.6967233145831577 -1.9592841743082445
72.0 84.0 12 10.0 0.0 2.886751345948129 1.6666666666666665 5.000000000000001 8.660254037844386 2.041077998578922e-16 3.3333333333333335 -4.999999999999998 8.660254037844387 -2.886751345948128 1.6666666666666679 -10.0 1.2246467991473533e-15 -2.8867513459481295 -1.6666666666666659 -5.000000000000004 -8.660254037844384 -6.123233995736766e-16 -3.3333333333333335 4.999999999999993 -8.66025403784439 2.886751345948128 -1.6666666666666683
47.0 66.0 6 10.0 0.0 1.6666666666666672 2.8867513459481287 -4.999999999999998 8.660254037844387 -3.3333333333333335 4.082155997157844e-16 -5.000000000000004 -8.660254037844384 1.6666666666666645 -2.8867513459481304
68.0 47.0 6 10.0 0.0 1.6666666666666672 2.8867513459481287 -4.999999999999998 8.660254037844387 -3.3333333333333335 4.082155997157844e-16 -5.000000000000004 -8.660254037844384 1.6666666666666645 -2.8867513459481304
73.0 59.0 6 10.0 0.0 1.6666666666666672 2.8867513459481287 -4.999999999999998 8.660254037844387 -3.3333333333333335 4.082155997157844e-16 -5.000000000000004 -8.660254037844384 1.6666666666666645 -2.8867513459481304
101.0 95.0 12 10.0 0.0 2.886751345948129 1.6666666666666665 5.000000000000001 8.660254037844386 2.041077998578922e-16 3.3333333333333335 -4.999999999999998 8.660254037844387 -2.886751345948128 1.6666666666666679 -10.0 1.2246467991473533e-15 -2.8867513459481295 -1.6666666666666659 -5.000000000000004 -8.660254037844384 -6.123233995736766e-16 -3.3333333333333335 4.999999999999993 -8.66025403784439 2.886751345948128 -1.6666666666666683
67.0 28.0 6 10.0 0.0 1.6666666666666672 2.8867513459481287 -4.999999999999998 8.660254037844387 -3.3333333333333335 4.082155997157844e-16 -5.000000000000004 -8.660254037844384 1.6666666666666645 -2.8867513459481304
75.0 51.0 8 10.0 0.0 2.3570226039551585 2.3570226039551585 6.123233995736766e-16 10.0 -2.3570226039551585 2.3570226039551585 -10.0 1.2246467991473533e-15 -2.357022603955159 -2.3570226039551585 -1.8369701987210296e-15 -10.0 2.357022603955158 -2.357022603955159
76.0 72.0 10 10.0 0.0 2.696723314583158 1.9592841743082439 3.0901699437494745 9.510565162951535 -1.0300566479164912 3.170188387650512 -8.090169943749473 5.877852522924733 -3.3333333333333335 4.082155997157844e-16 -8.090169943749476 -5.87785252292473 -1.0300566479164919 -3.1701883876505117 3.0901699437494723 -9.510565162951536 2.6967233145831577 -1.9592841743082445
58.0 26.0 10 10.0 0.0 2.696723314583158 1.9592841743082439 3.0901699437494745 9.510565162951535 -1.0300566479164912 3.170188387650512 -8.090169943749473 5.877852522924733 -3.3333333333333335 4.082155997157844e-16 -8.090169943749476 -5.87785252292473 -1.0300566479164919 -3.1701883876505117 3.0901699437494723 -9.510565162951536 2.6967233145831577 -1.9592841743082445
106.0 58.0 8 10.0 0.0 2.3570226039551585 2.3570226039551585 6.123233995736766e-16 10.0 -2.3570226039551585 2.3570226039551585 -10.0 1.2246467991473533e-15 -2.357022603955159 -2.3570226039551585 -1.8369701987210296e-15 -10.0 2.357022603955158 -2.357022603955159
42.0 57.0 10 10.0 0.0 2.696723314583158 1.9592841743082439 3.0901699437494745 9.510565162951535 -1.0300566479164912 3.170188387650512 -8.090169943749473 5.877852522924733 -3.3333333333333335 4.082155997157844e-16 -8.090169943749476 -5.87785252292473 -1.0300566479164919 -3.1701883876505117 3.0901699437494723 -9.510565162951536 2.6967233145831577 -1.9592841743082445
79.0 31.0 12 10.0 0.0 2.886751345948129 1.6666666666666665 5.000000000000001 8.660254037844386 2.041077998578922e-16 3.3333333333333335 -4.999999999999998 8.660254037844387 -2.886751345948128 1.6666666666666679 -10.0 1.2246467991473533e-15 -2.8867513459481295 -1.6666666666666659 -5.000000000000004 -8.660254037844384 -6.123233995736766e-16 -3.3333333333333335 4.999999999999993 -8.66025403784439 2.886751345948128 -1.6666666666666683
71.0 26.0 10 10.0 0.0 2.696723314583158 1.9592841743082439 3.0901699437494745 9.510565162951535 -1.0300566479164912 3.170188387650512 -8.090169943749473 5.877852522924733 -3.3333333333333335 4.082155997157844e-16 -8.090169943749476 -5.87785252292473 -1.0300566479164919 -3.1701883876505117 3.0901699437494723 -9.510565162951536 2.6967233145831577 -1.9592841743082445
88.0 56.0 10 10.0 0.0 2.696723314583158 1.9592841743082439 3.0901699437494745 9.510565162951535 -1.0300566479164912 3.170188387650512 -8.090169943749473 5.877852522924733 -3.3333333333333335 4.082155997157844e-16 -8.090169943749476 -5.87785252292473 -1.0300566479164919 -3.1701883876505117 3.0901699437494723 -9.510565162951536 2.6967233145831577 -1.9592841743082445
111.0 36.0 12 10.0 0.0 2.886751345948129 1.6666666666666665 5.000000000000001 8.660254037844386 2.041077998578922e-16 3.3333333333333335 -4.999999999999998 8.660254037844387 -2.886751345948128 1.6666666666666679 -10.0 1.2246467991473533e-15 -2.8867513459481295 -1.6666666666666659 -5.000000000000004 -8.660254037844384 -6.123233995736766e-16 -3.3333333333333335 4.999999999999993 -8.66025403784439 2.886751345948128 -1.6666666666666683
45.0 25.0 12 10.0 0.0 2.886751345948129 1.6666666666666665 5.000000000000001 8.660254037844386 2.041077998578922e-16 3.3333333333333335 -4.999999999999998 8.660254037844387 -2.886751345948128 1.6666666666666679 -10.0 1.2246467991473533e-15 -2.8867513459481295 -1.6666666666666659 -5.000000000000004 -8.660254037844384 -6.123233995736766e-16 -3.3333333333333335 4.999999999999993 -8.66025403784439 2.886751345948128 -1.6666666666666683
102.0 75.0 12 10.0 0.0 2.886751345948129 1.6666666666666665 5.000000000000001 8.660254037844386 2.041077998578922e-16 3.3333333333333335 -4.999999999999998 8.660254037844387 -2.886751345948128 1.6666666666666679 -10.0 1.2246467991473533e-15 -2.8867513459481295 -1.6666666666666659 -5.000000000000004 -8.660254037844384 -6.123233995736766e-16 -3.3333333333333335 4.999999999999993 -8.66025403784439 2.886751345948128 -1.6666666666666683
63.0 107.0 12 10.0 0.0 2.886751345948129 1.6666666666666665 5.000000000000001 8.660254037844386 2.041077998578922e-16 3.3333333333333335 -4.999999999999998 8.660254037844387 -2.886751345948128 1.6666666666666679 -10.0 1.2246467991473533e-15 -2.8867513459481295 -1.6666666666666659 -5.000000000000004 -8.660254037844384 -6.123233995736766e-16 -3.3333333333333335 4.999999999999993 -8.66025403784439 2.886751345948128 -1.6666666666666683
82.0 61.0 10 10.0 0.0 2.696723314583158 1.9592841743082439 3.0901699437494745 9.510565162951535 -1.0300566479164912 3.170188387650512 -8.090169943749473 5.877852522924733 -3.3333333333333335 4.082155997157844e-16 -8.090169943749476 -5.87785252292473 -1.0300566479164919 -3.1701883876505117 3.0901699437494723 -9.510565162951536 2.6967233145831577 -1.9592841743082445
67.0 100.0 8 10.0 0.0 2.3570226039551585 2.3570226039551585 6.123233995736766e-16 10.0 -2.3570226039551585 2.3570226039551585 -10.0 1.2246467991473533e-15 -2.357022603955159 -2.3570226039551585 -1.8369701987210296e-15 -10.0 2.357022603955158 -2.357022603955159
31.0 67.0 12 10.0 0.0 2.886751345948129 1.6666666666666665 5.000000000000001 8.660254037844386 2.041077998578922e-16 3.3333333333333335 -4.999999999999998 8.660254037844387 -2.886751345948128 1.6666666666666679 -10.0 1.2246467991473533e-15 -2.8867513459481295 -1.6666666666666659 -5.000000000000004 -8.660254037844384 -6.123233995736766e-16 -3.3333333333333335 4.999999999999993 -8.66025403784439 2.886751345948128 -1.6666666666666683
39.0 69.0 10 10.0 0.0 2.696723314583158 1.9592841743082439 3.0901699437494745 9.510565162951535 -1.0300566479164912 3.170188387650512 -8.090169943749473 5.877852522924733 -3.3333333333333335 4.082155997157844e-16 -8.090169943749476 -5.87785252292473 -1.0300566479164919 -3.1701883876505117 3.0901699437494723 -9.510565162951536 2.6967233145831577 -1.9592841743082445
60.0 37.0 6 10.0 0.0 1.6666666666666672 2.8867513459481287 -4.999999999999998 8.660254037844387 -3.3333333333333335 4.082155997157844e-16 -5.000000000000004 -8.660254037844384 1.6666666666666645 -2.8867513459481304
68.0 90.0 6 10.0 0.0 1.6666666666666672 2.8867513459481287 -4.999999999999998 8.660254037844387 -3.3333333333333335 4.082155997157844e-16 -5.000000000000004 -8.660254037844384 1.6666666666666645 -2.8867513459481304
50.0 100.0 6 10.0 0.0 1.6666666666666672 2.8867513459481287 -4.999999999999998 8.660254037844387 -3.3333333333333335 4.082155997157844e-16 -5.000000000000004 -8.660254037844384 1.6666666666666645 -2.8867513459481304
40.0 97.0 10 10.0 0.0 2.696723314583158 1.9592841743082439 3.0901699437494745 9.510565162951535 -1.0300566479164912 3.170188387650512 -8.090169943749473 5.877852522924733 -3.3333333333333335 4.082155997157844e-16 -8.090169943749476 -5.87785252292473 -1.0300566479164919 -3.1701883876505117 3.0901699437494723 -9.510565162951536 2.6967233145831577 -1.9592841743082445
83.0 102.0 10 10.0 0.0 2.696723314583158 1.9592841743082439 3.0901699437494745 9.510565162951535 -1.0300566479164912 3.170188387650512 -8.090169943749473 5.877852522924733 -3.3333333333333335 4.082155997157844e-16 -8.090169943749476 -5.87785252292473 -1.0300566479164919 -3.1701883876505117 3.0901699437494723 -9.510565162951536 2.6967233145831577 -1.9592841743082445
76.0 116.0 6 10.0 0.0 1.6666666666666672 2.8867513459481287 -4.999999999999998 8.660254037844387 -3.3333333333333335 4.082155997157844e-16 -5.000000000000004 -8.660254037844384 1.6666666666666645 -2.8867513459481304
112.0 95.0 6 10.0 0.0 1.6666666666666672 2.8867513459481287 -4.999999999999998 8.660254037844387 -3.3333333333333335 4.082155997157844e-16 -5.000000000000004 -8.660254037844384 1.6666666666666645 -2.8867513459481304
116.0 71.0 10 10.0 0.0 2.696723314583158 1.9592841743082439 3.0901699437494745 9.510565162951535 -1.0300566479164912 3.170188387650512 -8.090169943749473 5.877852522924733 -3.3333333333333335 4.082155997157844e-16 -8.090169943749476 -5.87785252292473 -1.0300566479164919 -3.1701883876505117 3.0901699437494723 -9.510565162951536 2.6967233145831577 -1.9592841743082445
29.0 40.0 8 10.0 0.0 2.3570226039551585 2.3570226039551585 6.123233995736766e-16 10.0 -2.3570226039551585 2.3570226039551585 -10.0 1.2246467991473533e-15 -2.357022603955159 -2.3570226039551585 -1.8369701987210296e-15 -10.0 2.357022603955158 -2.357022603955159
40.0 42.0 6 10.0 0.0 1.6666666666666672 2.8867513459481287 -4.999999999999998 8.660254037844387 -3.3333333333333335 4.082155997157844e-16 -5.000000000000004 -8.660254037844384 1.6666666666666645 -2.8867513459481304
47.0 89.0 8 10.0 0.0 2.3570226039551585 2.3570226039551585 6.123233995736766e-16 10.0 -2.3570226039551585 2.3570226039551585 -10.0 1.2246467991473533e-15 -2.357022603955159 -2.3570226039551585 -1.8369701987210296e-15 -10.0 2.357022603955158 -2.357022603955159
115.0 62.0 6 10.0 0.0 1.6666666666666672 2.8867513459481287 -4.999999999999998 8.660254037844387 -3.3333333333333335 4.082155997157844e-16 -5.000000000000004 -8.660254037844384 1.6666666666666645 -2.8867513459481304
25.0 94.0 8 10.0 0.0 2.3570226039551585 2.3570226039551585 6.123233995736766e-16 10.0 -2.3570226039551585 2.3570226039551585 -10.0 1.2246467991473533e-15 -2.357022603955159 -2.3570226039551585 -1.8369701987210296e-15 -10.0 2.357022603955158 -2.357022603955159
112.0 51.0 6 10.0 0.0 1.6666666666666672 2.8867513459481287 -4.999999999999998 8.660254037844387 -3.3333333333333335 4.082155997157844e-16 -5.000000000000004 -8.660254037844384 1.6666666666666645 -2.8867513459481304
36.0 79.0 12 10.0 0.0 2.886751345948129 1.6666666666666665 5.000000000000001 8.660254037844386 2.041077998578922e-16 3.3333333333333335 -4.999999999999998 8.660254037844387 -2.886751345948128 1.6666666666666679 -10.0 1.2246467991473533e-15 -2.8867513459481295 -1.6666666666666659 -5.000000000000004 -8.660254037844384 -6.123233995736766e-16 -3.3333333333333335 4.999999999999993 -8.66025403784439 2.886751345948128 -1.6666666666666683
98.0 30.0 6 10.0 0.0 1.6666666666666672 2.8867513459481287 -4.999999999999998 8.660254037844387 -3.3333333333333335 4.082155997157844e-16 -5.000000000000004 -8.660254037844384 1.6666666666666645 -2.8867513459481304
39.0 113.0 10 10.0 0.0 2.696723314583158 1.9592841743082439 3.0901699437494745 9.510565162951535 -1.0300566479164912 3.170188387650512 -8.090169943749473 5.877852522924733 -3.3333333333333335 4.082155997157844e-16 -8.090169943749476 -5.87785252292473 -1.0300566479164919 -3.1701883876505117 3.0901699437494723 -9.510565162951536 2.6967233145831577 -1.9592841743082445
118.0 90.0 12 10.0 0.0 2.886751345948129 1.6666666666666665 5.000000000000001 8.660254037844386 2.041077998578922e-16 3.3333333333333335 -4.999999999999998 8.660254037844387 -2.886751345948128 1.6666666666666679 -10.0 1.2246467991473533e-15 -2.8867513459481295 -1.6666666666666659 -5.000000000000004 -8.660254037844384 -6.123233995736766e-16 -3.3333333333333335 4.999999999999993 -8.66025403784439 2.886751345948128 -1.6666666666666683
89.0 93.0 8 10.0 0.0 2.3570226039551585 2.3570226039551585 6.123233995736766e-16 10.0 -2.3570226039551585 2.3570226039551585 -10.0 1.2246467991473533e-15 -2.357022603955159 -2.3570226039551585 -1.8369701987210296e-15 -10.0 2.357022603955158 -2.357022603955159
