50
186.0 195.0 12 10.0 0.0 2.886751345948129 1.6666666666666665 5.000000000000001 8.660254037844386 2.041077998578922e-16 3.3333333333333335 -4.999999999999998 8.660254037844387 -2.886751345948128 1.6666666666666679 -10.0 1.2246467991473533e-15 -2.8867513459481295 -1.6666666666666659 -5.000000000000004 -8.660254037844384 -6.123233995736766e-16 -3.3333333333333335 4.999999999999993 -8.66025403784439 2.886751345948128 -1.6666666666666683
229.0 212.0 10 10.0 0.0 2.696723314583158 1.9592841743082439 3.0901699437494745 9.510565162951535 -1.0300566479164912 3.170188387650512 -8.090169943749473 5.877852522924733 -3.3333333333333335 4.082155997157844e-16 -8.090169943749476 -5.87785252292473 -1.0300566479164919 -3.1701883876505117 3.0901699437494723 -9.510565162951536 2.6967233145831577 -1.9592841743082445
180.0 156.0 6 10.0 0.0 1.6666666666666672 2.8867513459481287 -4.999999999999998 8.660254037844387 -3.3333333333333335 4.082155997157844e-16 -5.000000000000004 -8.660254037844384 1.6666666666666645 -2.8867513459481304
266.0 238.0 10 10.0 0.0 2.696723314583158 1.9592841743082439 3.0901699437494745 9.510565162951535 -1.0300566479164912 3.170188387650512 -8.090169943749473 5.877852522924733 -3.3333333333333335 4.082155997157844e-16 -8.090169943749476 -5.87785252292473 -1.0300566479164919 -3.1701883876505117 3.0901699437494723 -9.510565162951536 2.6967233145831577 -1.9592841743082445
302.0 265.0 10 10.0 0.0 2.696723314583158 1.9592841743082439 3.0901699437494745 9.510565162951535 -1.0300566479164912 3.170188387650512 -8.090169943749473 5.877852522924733 -3.3333333333333335 4.082155997157844e-16 -8.090169943749476 -5.87785252292473 -1.0300566479164919 -3.1701883876505117 3.0901699437494723 -9.510565162951536 2.6967233145831577 -1.9592841743082445
335.0 295.0 12 10.0 0.0 2.886751345948129 1.6666666666666665 5.000000000000001 8.660254037844386 2.041077998578922e-16 3.3333333333333335 -4.999999999999998 8.660254037844387 -2.886751345948128 1.6666666666666679 -10.0 1.2246467991473533e-15 -2.8867513459481295 -1.6666666666666659 -5.000000000000004 -8.660254037844384 -6.123233995736766e-16 -3.3333333333333335 4.999999999999993 -8.66025403784439 2.886751345948128 -1.6666666666666683
324.0 245.0 8 10.0 0.0 2.3570226039551585 2.3570226039551585 6.123233995736766e-16 10.0 -2.3570226039551585 2.3570226039551585 -10.0 1.2246467991473533e-15 -2.357022603955159 -2.3570226039551585 -1.8369701987210296e-15 -10.0 2.357022603955158 -2.357022603955159
373.0 295.0 8 10.0 0.0 2.3570226039551585 2.3570226039551585 6.123233995736766e-16 10.0 -2.3570226039551585 2.3570226039551585 -10.0 1.2246467991473533e-15 -2.357022603955159 -2.3570226039551585 -1.8369701987210296e-15 -10.0 2.357022603955158 -2.357022603955159
358.0 276.0 12 10.0 0.0 2.886751345948129 1.6666666666666665 5.000000000000001 8.660254037844386 2.041077998578922e-16 3.3333333333333335 -4.999999999999998 8.660254037844387 -2.886751345948128 1.6666666666666679 -10.0 1.2246467991473533e-15 -2.8867513459481295 -1.6666666666666659 -5.000000000000004 -8.660254037844384 -6.123233995736766e-16 -3.3333333333333335 4.999999999999993 -8.66025403784439 2.886751345948128 -1.6666666666666683
321.0 327.0 10 10.0 0.0 2.696723314583158 1.9592841743082439 3.0901699437494745 9.510565162951535 -1.0300566479164912 3.170188387650512 -8.090169943749473 5.877852522924733 -3.3333333333333335 4.082155997157844e-16 -8.090169943749476 -5.87785252292473 -1.0300566479164919 -3.1701883876505117 3.0901699437494723 -9.510565162951536 2.6967233145831577 -1.9592841743082445
371.0 252.0 10 10.0 0.0 2.696723314583158 1.9592841743082439 3.0901699437494745 9.510565162951535 -1.0300566479164912 3.170188387650512 -8.090169943749473 5.877852522924733 -3.3333333333333335 4.082155997157844e-16 -8.090169943749476 -5.87785252292473 -1.0300566479164919 -3.1701883876505117 3.0901699437494723 -9.510565162951536 2.6967233145831577 -1.9592841743082445
148.0 209.0 8 10.0 0.0 2.3570226039551585 2.3570226039551585 6.123233995736766e-16 10.0 -2.3570226039551585 2.3570226039551585 -10.0 1.2246467991473533e-15 -2.357022603955159 -2.3570226039551585 -1.8369701987210296e-15 -10.0 2.357022603955158 -2.357022603955159
113.0 225.0 8 10.0 0.0 2.3570226039551585 2.3570226039551585 6.123233995736766e-16 10.0 -2.3570226039551585 2.3570226039551585 -10.0 1.2246467991473533e-15 -2.357022603955159 -2.3570226039551585 -1.8369701987210296e-15 -10.0 2.357022603955158 -2.357022603955159
79.0 237.0 8 10.0 0.0 2.3570226039551585 2.3570226039551585 6.123233995736766e-16 10.0 -2.3570226039551585 2.3570226039551585 -10.0 1.2246467991473533e-15 -2.357022603955159 -2.3570226039551585 -1.8369701987210296e-15 -10.0 2.357022603955158 -2.357022603955159
161.0 180.0 10 10.0 0.0 2.696723314583158 1.9592841743082439 3.0901699437494745 9.510565162951535 -1.0300566479164912 3.170188387650512 -8.090169943749473 5.877852522924733 -3.3333333333333335 4.082155997157844e-16 -8.090169943749476 -5.87785252292473 -1.0300566479164919 -3.1701883876505117 3.0901699437494723 -9.510565162951536 2.6967233145831577 -1.9592841743082445
403.0 282.0 6 10.0 0.0 1.6666666666666672 2.8867513459481287 -4.999999999999998 8.660254037844387 -3.3333333333333335 4.082155997157844e-16 -5.000000000000004 -8.660254037844384 1.6666666666666645 -2.8867513459481304
134.0 171.0 12 10.0 0.0 2.886751345948129 1.6666666666666665 5.000000000000001 8.660254037844386 2.041077998578922e-16 3.3333333333333335 -4.999999999999998 8.660254037844387 -2.886751345948128 1.6666666666666679 -10.0 1.2246467991473533e-15 -2.8867513459481295 -1.6666666666666659 -5.000000000000004 -8.660254037844384 -6.123233995736766e-16 -3.3333333333333335 4.999999999999993 -8.66025403784439 2.886751345948128 -1.6666666666666683
211.0 238.0 12 10.0 0.0 2.886751345948129 1.6666666666666665 5.000000000000001 8.660254037844386 2.041077998578922e-16 3.3333333333333335 -4.999999999999998 8.660254037844387 -2.886751345948128 1.6666666666666679 -10.0 1.2246467991473533e-15 -2.8867513459481295 -1.6666666666666659 -5.000000000000004 -8.660254037844384 -6.123233995736766e-16 -3.3333333333333335 4.999999999999993 -8.66025403784439 2.886751345948128 -1.6666666666666683
237.0 178.0 8 10.0 0.0 2.3570226039551585 2.3570226039551585 6.123233995736766e-16 10.0 -2.3570226039551585 2.3570226039551585 -10.0 1.2246467991473533e-15 -2.357022603955159 -2.3570226039551585 -1.8369701987210296e-15 -10.0 2.357022603955158 -2.357022603955159
239.0 146.0 8 10.0 0.0 2.3570226039551585 2.3570226039551585 6.123233995736766e-16 10.0 -2.3570226039551585 2.3570226039551585 -10.0 1.2246467991473533e-15 -2.357022603955159 -2.3570226039551585 -1.8369701987210296e-15 -10.0 2.357022603955158 -2.357022603955159
61.0 263.0 12 10.0 0.0 2.886751345948129 1.6666666666666665 5.000000000000001 8.660254037844386 2.041077998578922e-16 3.3333333333333335 -4.999999999999998 8.660254037844387 -2.886751345948128 1.6666666666666679 -10.0 1.2246467991473533e-15 -2.8867513459481295 -1.6666666666666659 -5.000000000000004 -8.660254037844384 -6.123233995736766e-16 -3.3333333333333335 4.999999999999993 -8.66025403784439 2.886751345948128 -1.6666666666666683
50.0 226.0 10 10.0 0.0 2.696723314583158 1.9592841743082439 3.0901699437494745 9.510565162951535 -1.0300566479164912 3.170188387650512 -8.090169943749473 5.877852522924733 -3.3333333333333335 4.082155997157844e-16 -8.090169943749476 -5.87785252292473 -1.0300566479164919 -3.1701883876505117 3.0901699437494723 -9.510565162951536 2.6967233145831577 -1.9592841743082445
311.0 357.0 8 10.0 0.0 2.3570226039551585 2.3570226039551585 6.123233995736766e-16 10.0 -2.3570226039551585 2.3570226039551585 -10.0 1.2246467991473533e-15 -2.357022603955159 -2.3570226039551585 -1.8369701987210296e-15 -10.0 2.357022603955158 -2.357022603955159
355.0 327.0 10 10.0 0.0 2.696723314583158 1.9592841743082439 3.0901699437494745 9.510565162951535 -1.0300566479164912 3.170188387650512 -8.090169943749473 5.877852522924733 -3.3333333333333335 4.082155997157844e-16 -8.090169943749476 -5.87785252292473 -1.0300566479164919 -3.1701883876505117 3.0901699437494723 -9.510565162951536 2.6967233145831577 -1.9592841743082445
405.0 305.0 6 10.0 0.0 1.6666666666666672 2.8867513459481287 -4.999999999999998 8.660254037844387 -3.3333333333333335 4.082155997157844e-16 -5.000000000000004 -8.660254037844384 1.6666666666666645 -2.8867513459481304
32.0 266.0 8 10.0 0.0 2.3570226039551585 2.3570226039551585 6.123233995736766e-16 10.0 -2.3570226039551585 2.3570226039551585 -10.0 1.2246467991473533e-15 -2.357022603955159 -2.3570226039551585 -1.8369701987210296e-15 -10.0 2.357022603955158 -2.357022603955159
383.0 335.0 10 10.0 0.0 2.696723314583158 1.9592841743082439 3.0901699437494745 9.510565162951535 -1.0300566479164912 3.170188387650512 -8.090169943749473 5.877852522924733 -3.3333333333333335 4.082155997157844e-16 -8.090169943749476 -5.87785252292473 -1.0300566479164919 -3.1701883876505117 3.0901699437494723 -9.510565162951536 2.6967233145831577 -1.9592841743082445
292.0 377.0 10 10.0 0.0 2.696723314583158 1.9592841743082439 3.0901699437494745 9.510565162951535 -1.0300566479164912 3.170188387650512 -8.090169943749473 5.877852522924733 -3.3333333333333335 4.082155997157844e-16 -8.090169943749476 -5.87785252292473 -1.0300566479164919 -3.1701883876505117 3.0901699437494723 -9.510565162951536 2.6967233145831577 -1.9592841743082445
175.0 118.0 6 10.0 0.0 1.6666666666666672 2.8867513459481287 -4.999999999999998 8.660254037844387 -3.3333333333333335 4.082155997157844e-16 -5.000000000000004 -8.660254037844384 1.6666666666666645 -2.8867513459481304
177.0 82.0 8 10.0 0.0 2.3570226039551585 2.3570226039551585 6.123233995736766e-16 10.0 -2.3570226039551585 2.3570226039551585 -10.0 1.2246467991473533e-15 -2.357022603955159 -2.3570226039551585 -1.8369701987210296e-15 -10.0 2.357022603955158 -2.357022603955159
370.0 359.0 10 10.0 0.0 2.696723314583158 1.9592841743082439 3.0901699437494745 9.510565162951535 -1.0300566479164912 3.170188387650512 -8.090169943749473 5.877852522924733 -3.3333333333333335 4.082155997157844e-16 -8.090169943749476 -5.87785252292473 -1.0300566479164919 -3.1701883876505117 3.0901699437494723 -9.510565162951536 2.6967233145831577 -1.9592841743082445
245.0 119.0 12 10.0 0.0 2.886751345948129 1.6666666666666665 5.000000000000001 8.660254037844386 2.041077998578922e-16 3.3333333333333335 -4.999999999999998 8.660254037844387 -2.886751345948128 1.6666666666666679 -10.0 1.2246467991473533e-15 -2.8867513459481295 -1.6666666666666659 -5.000000000000004 -8.660254037844384 -6.123233995736766e-16 -3.3333333333333335 4.999999999999993 -8.66025403784439 2.886751345948128 -1.6666666666666683
253.0 197.0 10 10.0 0.0 2.696723314583158 1.9592841743082439 3.0901699437494745 9.510565162951535 -1.0300566479164912 3.170188387650512 -8.090169943749473 5.877852522924733 -3.3333333333333335 4.082155997157844e-16 -8.090169943749476 -5.87785252292473 -1.0300566479164919 -3.1701883876505117 3.0901699437494723 -9.510565162951536 2.6967233145831577 -1.9592841743082445
257.0 157.0 12 10.0 0.0 2.886751345948129 1.6666666666666665 5.000000000000001 8.660254037844386 2.041077998578922e-16 3.3333333333333335 -4.999999999999998 8.660254037844387 -2.886751345948128 1.6666666666666679 -10.0 1.2246467991473533e-15 -2.8867513459481295 -1.6666666666666659 -5.000000000000004 -8.660254037844384 -6.123233995736766e-16 -3.3333333333333335 4.999999999999993 -8.66025403784439 2.886751345948128 -1.6666666666666683
56.0 292.0 10 10.0 0.0 2.696723314583158 1.9592841743082439 3.0901699437494745 9.510565162951535 -1.0300566479164912 3.170188387650512 -8.090169943749473 5.877852522924733 -3.3333333333333335 4.082155997157844e-16 -8.090169943749476 -5.87785252292473 -1.0300566479164919 -3.1701883876505117 3.0901699437494723 -9.510565162951536 2.6967233145831577 -1.9592841743082445
118.0 204.0 8 10.0 0.0 2.3570226039551585 2.3570226039551585 6.123233995736766e-16 10.0 -2.3570226039551585 2.3570226039551585 -10.0 1.2246467991473533e-15 -2.357022603955159 -2.3570226039551585 -1.8369701987210296e-15 -10.0 2.357022603955158 -2.357022603955159
151.0 74.0 12 10.0 0.0 2.886751345948129 1.6666666666666665 5.000000000000001 8.660254037844386 2.041077998578922e-16 3.3333333333333335 -4.999999999999998 8.660254037844387 -2.886751345948128 1.6666666666666679 -10.0 1.2246467991473533e-15 -2.8867513459481295 -1.6666666666666659 -5.000000000000004 -8.660254037844384 -6.123233995736766e-16 -3.3333333333333335 4.999999999999993 -8.66025403784439 2.886751345948128 -1.6666666666666683
384.0 386.0 12 10.0 0.0 2.886751345948129 1.6666666666666665 5.000000000000001 8.660254037844386 2.041077998578922e-16 3.3333333333333335 -4.999999999999998 8.660254037844387 -2.886751345948128 1.6666666666666679 -10.0 1.2246467991473533e-15 -2.8867513459481295 -1.6666666666666659 -5.000000000000004 -8.660254037844384 -6.123233995736766e-16 -3.3333333333333335 4.999999999999993 -8.66025403784439 2.886751345948128 -1.6666666666666683
177.0 51.0 6 10.0 0.0 1.6666666666666672 2.8867513459481287 -4.999999999999998 8.660254037844387 -3.3333333333333335 4.082155997157844e-16 -5.000000000000004 -8.660254037844384 1.6666666666666645 -2.8867513459481304
193.0 56.0 6 10.0 0.0 1.6666666666666672 2.8867513459481287 -4.999999999999998 8.660254037844387 -3.3333333333333335 4.082155997157844e-16 -5.000000000000004 -8.660254037844384 1.6666666666666645 -2.8867513459481304
381.0 413.0 12 10.0 0.0 2.886751345948129 1.6666666666666665 5.000000000000001 8.660254037844386 2.041077998578922e-16 3.3333333333333335 -4.999999999999998 8.660254037844387 -2.886751345948128 1.6666666666666679 -10.0 1.2246467991473533e-15 -2.8867513459481295 -1.6666666666666659 -5.000000000000004 -8.660254037844384 -6.123233995736766e-16 -3.3333333333333335 4.999999999999993 -8.66025403784439 2.886751345948128 -1.6666666666666683
54.0 242.0 10 10.0 0.0 2.696723314583158 1.9592841743082439 3.0901699437494745 9.510565162951535 -1.0300566479164912 3.170188387650512 -8.090169943749473 5.877852522924733 -3.3333333333333335 4.082155997157844e-16 -8.090169943749476 -5.87785252292473 -1.0300566479164919 -3.1701883876505117 3.0901699437494723 -9.510565162951536 2.6967233145831577 -1.9592841743082445
413.0 389.0 8 10.0 0.0 2.3570226039551585 2.3570226039551585 6.123233995736766e-16 10.0 -2.3570226039551585 2.3570226039551585 -10.0 1.2246467991473533e-15 -2.357022603955159 -2.3570226039551585 -1.8369701987210296e-15 -10.0 2.357022603955158 -2.357022603955159
430.0 281.0 8 10.0 0.0 2.3570226039551585 2.3570226039551585 6.123233995736766e-16 10.0 -2.3570226039551585 2.3570226039551585 -10.0 1.2246467991473533e-15 -2.357022603955159 -2.3570226039551585 -1.8369701987210296e-15 -10.0 2.357022603955158 -2.357022603955159
289.0 219.0 6 10.0 0.0 1.6666666666666672 2.8867513459481287 -4.999999999999998 8.660254037844387 -3.3333333333333335 4.082155997157844e-16 -5.000000000000004 -8.660254037844384 1.6666666666666645 -2.8867513459481304
430.0 309.0 8 10.0 0.0 2.3570226039551585 2.3570226039551585 6.123233995736766e-16 10.0 -2.3570226039551585 2.3570226039551585 -10.0 1.2246467991473533e-15 -2.357022603955159 -2.3570226039551585 -1.8369701987210296e-15 -10.0 2.357022603955158 -2.357022603955159
25.0 227.0 8 10.0 0.0 2.3570226039551585 2.3570226039551585 6.123233995736766e-16 10.0 -2.3570226039551585 2.3570226039551585 -10.0 1.2246467991473533e-15 -2.357022603955159 -2.3570226039551585 -1.8369701987210296e-15 -10.0 2.357022603955158 -2.357022603955159
305.0 384.0 10 10.0 0.0 2.696723314583158 1.9592841743082439 3.0901699437494745 9.510565162951535 -1.0300566479164912 3.170188387650512 -8.090169943749473 5.877852522924733 -3.3333333333333335 4.082155997157844e-16 -8.090169943749476 -5.87785252292473 -1.0300566479164919 -3.1701883876505117 3.0901699437494723 -9.510565162951536 2.6967233145831577 -1.9592841743082445
185.0 25.0 8 10.0 0.0 2.3570226039551585 2.3570226039551585 6.123233995736766e-16 10.0 -2.3570226039551585 2.3570226039551585 -10.0 1.2246467991473533e-15 -2.357022603955159 -2.3570226039551585 -1.8369701987210296e-15 -10.0 2.357022603955158 -2.357022603955159
271.0 266.0 8 10.0 0.0 2.3570226039551585 2.3570226039551585 6.123233995736766e-16 10.0 -2.3570226039551585 2.3570226039551585 -10.0 1.2246467991473533e-15 -2.357022603955159 -2.3570226039551585 -1.8369701987210296e-15 -10.0 2.357022603955158 -2.357022603955159
