76
1464.4000244140625 50.441001892089844 14 51.77255976580762 36.630517367565105 49.636187083789885 59.745611159000006 36.228487173493974 78.69568325223372 15.142042398242516 88.40307713337272 -7.973051393192378 86.26670445135497 -26.9231234864261 72.85900454105908 -36.630517367565105 51.77255976580762 -59.74561115899999 49.63618708378988 -78.69568325223372 36.228487173493974 -88.40307713337272 15.142042398242516 -86.26670445135498 -7.973051393192371 -72.8590045410591 -26.923123486426096 -51.77255976580762 -36.630517367565105 51.80337445795377 -73.21745617957676
1451.300048828125 200.39999389648438 17 -16.252953660222634 -31.69546687425572 -12.497543764711063 -41.20867117129229 -4.488661245056296 -47.56964281616145 5.6277202953244405 -49.07396459354324 15.140924592361007 -45.318554698031676 21.501896237230167 -37.30967217837691 23.00621801461196 -27.193290637996167 27.13165560443376 -37.31900364613411 42.492222584612705 -17.979037482510094 31.69546687425572 -16.252953660222634 41.20867117129229 -12.497543764711065 47.56964281616145 -4.488661245056296 49.07396459354324 5.6277202953244405 45.318554698031676 15.140924592361007 37.309672178376914 21.501896237230163 27.193290637996167 23.00621801461196 -38.67993232724803 30.72113396035789
1419.199951171875 355.45001220703125 4 40.61210568914742 39.3445509495222 12.524572287993216 -12.928073677189204 -40.61210568914742 -39.3445509495222 -12.524572287993216 12.928073677189204
1276.4000244140625 326.4800109863281 8 -65.92278387939415 -14.935446714345856 -12.017830621350184 -19.058467722526363 14.935446714345881 -65.92278387939415 19.058467722526363 -12.017830621350184 65.92278387939415 14.935446714345877 12.017830621350186 19.058467722526363 -14.935446714345874 65.92278387939415 -19.058467722526363 12.017830621350186
1550.4000244140625 65.13800048828125 4 -75.95192260091656 -38.42261121376754 -85.04181324546488 -3.5890944795910578 75.95192260091656 38.42261121376754 85.04181324546488 3.5890944795910578
873.4199829101562 405.0400085449219 14 -45.95049838283088 18.76380501296547 -60.30791109844796 7.632095337087549 -67.17594040485112 -9.186954387584311 -64.71430339579635 -27.186693369865402 -53.58259371991842 -41.544106085482476 -36.763543995246565 -48.41213539188565 -18.763805012965474 -45.95049838283088 -7.63209533708755 -60.30791109844795 9.186954387584311 -67.17594040485112 27.186693369865402 -64.71430339579635 41.544106085482476 -53.58259371991842 48.41213539188565 -36.763543995246565 45.95049838283088 -18.763805012965474 26.536027531060032 64.9838180108024
957.3699951171875 469.19000244140625 6 7.557213811996814 38.91988371676913 -9.97566703501999 8.668227000468152 -37.484214917056796 -12.91520271536468 -2.519071270665606 -12.973294572256377 29.927001105059965 -26.00468100140446 12.494738305685603 4.30506757178822
745.5700073242188 475.5299987792969 4 -42.47345323929309 -40.54737051229416 -58.15324890926439 -8.141445008646699 42.47345323929309 40.54737051229416 58.15324890926439 8.141445008646699
691.9400024414062 765.3099975585938 4 3.314115704448824 86.32447019505767 38.210296343503586 77.47819545331132 -3.314115704448824 -86.32447019505767 -38.210296343503586 -77.47819545331132
787.8400268554688 640.3099975585938 4 -52.010724555752915 13.742908179997027 -31.698223836676746 43.46499280637427 52.010724555752915 -13.742908179997027 31.698223836676746 -43.46499280637427
49.395999908447266 514.1900024414062 10 -48.26626442291311 10.502045291664595 -15.073725171493225 -6.624621764795047 -24.903134570739518 -42.6586348258167 1.642352450870204 -16.383085255818738 32.87528083178356 -36.86653152768927 16.088754807637702 -3.5006817638882004 45.22117551447968 19.873865294385137 8.301044856913174 14.219544941938896 -4.927057352610607 49.14925576745622 -10.958426943927844 12.288843842563098
185.3300018310547 491.82000732421875 6 14.047432190581766 23.057962807911004 -4.315021818625606 7.898138179646199 -26.99249764645858 0.6364517310275984 -4.682477396860587 -7.685987602637003 12.945065455876794 -23.69441453893861 8.997499215486194 -0.2121505770092006
390.2099914550781 457.1700134277344 21 13.690118113529932 -20.94650902736878 30.685642944324897 -22.982840570136673 45.01389898375106 -13.618248251466994 49.9705359901328 2.765471106884044 43.236288421299875 18.50219313238566 27.96218555753423 26.228530695121684 11.29514988153648 22.32924458081081 5.983510710577879 36.41014066056791 -6.44399956889484 44.89790440286074 -21.49240129964133 44.722546364985945 -33.71874910221457 35.94749283227783 -38.70082296480029 21.746644790026217 -34.63662714089871 7.256390913838872 -45.664850167840534 10.003710001337558 -44.282114614398516 -14.981557993728844 -33.62439446234728 -11.034094699274313 -36.064828044439174 -25.884327997871996 -29.54617030776996 -39.448702159754426 -16.426193103652384 -46.8210385095703 -1.4503385447658568 -45.33479313196329 9.96468800488965 -35.52753490338372
1209.5999755859375 675.6099853515625 14 -2.053720818352984 -27.03767827819516 6.141022770260449 -32.636920246057635 16.037499879430577 -33.3886342378558 24.983957459842173 -29.09139909654814 30.583199427704653 -20.89665550793471 31.33491341950282 -11.000178398764586 27.03767827819516 -2.0537208183529856 32.636920246057635 6.141022770260447 33.3886342378558 16.037499879430577 29.09139909654814 24.983957459842173 20.89665550793471 30.583199427704653 11.000178398764586 31.33491341950282 2.0537208183529856 27.03767827819516 -38.23705131610403 2.9043998346427613
1238.0999755859375 509.760009765625 4 -39.423338495488395 22.365016215620702 -10.685631217309034 44.047824622136616 39.423338495488395 -22.365016215620702 10.685631217309034 -44.047824622136616
1083.0 640.4099731445312 14 -20.449778852336784 17.806188833252396 -29.83668382105091 14.582627416725114 -36.35420127860409 7.097488854996067 -38.255967685589184 -2.6435900190843853 -35.032406269061894 -12.030494987798518 -27.547267707332857 -18.548012445351695 -17.806188833252396 -20.449778852336784 -14.582627416725114 -29.83668382105091 -7.097488854996067 -36.35420127860409 2.6435900190843853 -38.255967685589184 12.030494987798518 -35.032406269061894 18.548012445351695 -27.547267707332857 20.449778852336784 -17.806188833252396 25.181753742161895 28.92035460050519
1140.9000244140625 584.3099975585938 4 -30.31337877040265 -36.857721360397626 -47.43876299402358 -5.19194779976349 30.31337877040265 36.857721360397626 47.43876299402358 5.19194779976349
1344.199951171875 477.489990234375 14 -46.638353073889554 -4.723468596662811 -53.67648453359227 -20.371688875930076 -51.94757503323565 -37.44251089164172 -41.91488447722674 -51.36182167055236 -26.26666419795948 -58.399953130255085 -9.195842182247848 -56.67104362989846 4.723468596662808 -46.638353073889554 20.371688875930072 -53.67648453359227 37.44251089164171 -51.94757503323565 51.36182167055236 -41.91488447722674 58.399953130255085 -26.266664197959486 56.67104362989846 -9.195842182247851 46.638353073889554 4.723468596662808 -6.679993350843958 65.95659144383953
1119.699951171875 497.1700134277344 4 30.362930870310738 -39.7843527853464 -14.308916368068104 -10.920389753650403 -30.362930870310738 39.7843527853464 14.308916368068104 10.920389753650403
1335.300048828125 643.1799926757812 12 -8.993361815505713 -47.247695434141924 5.278455973139363 -15.138128474663265 36.42102360848407 -31.41232751472386 15.74923181138064 -2.9977872718352385 45.414385423989806 15.835367919418045 10.47077583824129 12.140341202828024 8.993361815505718 47.247695434141924 -5.278455973139348 15.13812847466327 -36.421023608484035 31.412327514723895 -15.74923181138064 2.9977872718352403 -45.414385423989806 -15.83536791941804 -10.470775838241279 -12.140341202828031
992.3200073242188 727.72998046875 21 -28.241958428342492 13.254274958022298 -47.60504894739769 4.283147068822803 -56.6715069890389 -15.03549027009575 -51.19903607312495 -35.66223194511496 -33.748266160951516 -47.945596285794636 -12.48460643812884 -46.138060602742364 2.642440391780003 -31.085390930579784 17.499568851581138 -42.54395038661269 36.24217570019934 -43.408553993246564 52.091136671099115 -33.3664781609612 59.31394738081892 -16.04990066048407 55.29814672667793 2.2778432264397956 41.4962333863648 14.98768347032017 54.9946904520912 19.29624973232223 37.163574479533715 44.8957677688847 28.442950538799785 33.727831322359776 21.305579593339687 51.07979913195925 5.506307732609052 61.19987124381693 -13.240333007920924 60.42765895177793 -28.153759319503134 49.042468284622586 -33.839845879944804 31.162276157421044
1248.5999755859375 605.489990234375 4 0.24767612022475557 -32.49625617164013 -17.999477212492216 -0.1371862856606404 -0.24767612022475557 32.49625617164013 17.999477212492216 0.1371862856606404
1488.699951171875 598.27001953125 21 -24.71419297196616 33.05461206869739 -52.901631856840005 34.638113952941026 -75.51231817146054 17.732610308040833 -81.96646049942942 -9.751625826809656 -69.24409391568801 -34.954414910853544 -43.29815513812376 -46.08309183386596 -16.269037277748566 -37.930424982102224 -6.060652473468967 -60.55565934106938 15.278868103068973 -73.23387734179599 40.0311071076255 -71.37941936930224 59.24328089371193 -55.66303529014311 65.9664247533716 -31.769276968088455 57.768805040663544 -8.34041909673127 76.20772090618891 -11.715151880728659 71.33190799278407 29.26807836898605 54.199462259850776 21.66138770435363 56.67135886722119 46.359607827935534 44.52990094372189 68.00902697955092 22.166604178985004 78.77913876739899 -2.329818421266868 74.77443779225709 -20.09911095805684 57.443408023301714
790.5 835.3599853515625 17 3.9008230883395916 -46.23413232575943 14.612014194661576 -54.156308231352156 27.849265750322726 -55.66151826568346 40.06566689097602 -50.34644261561504 47.98784279656874 -39.63525150929306 49.49305283090005 -26.39799995363191 44.17797718083163 -14.181598812978613 55.720512602454555 -22.525399541048085 59.355315717829704 9.44010832569754 46.23413232575943 3.9008230883395916 54.156308231352156 14.612014194661572 55.66151826568346 27.849265750322726 50.34644261561504 40.06566689097602 39.63525150929306 47.98784279656874 26.397999953631913 49.49305283090005 14.181598812978617 44.17797718083163 -63.93101573349125 7.269606230750302
863.530029296875 685.25 4 -45.3258100310323 8.655250038139208 3.3762093778195656 17.68053195571681 45.3258100310323 -8.655250038139208 -3.3762093778195656 -17.68053195571681
894.7899780273438 614.3499755859375 14 17.361400283793593 -22.59241522803203 27.700265719225946 -21.223770813857705 35.96966362553207 -14.86905726471889 39.953815511825624 -5.231014944238446 38.58517109765129 5.107850491193911 32.23045754851248 13.377248397500036 22.59241522803203 17.361400283793586 21.22377081385771 27.700265719225946 14.86905726471889 35.96966362553207 5.231014944238446 39.953815511825624 -5.107850491193911 38.58517109765129 -13.377248397500036 32.23045754851248 -17.36140028379359 22.592415228032035 -31.950500022247336 -24.552727743128994
592.47998046875 305.8900146484375 21 19.975326314268447 -10.884669453821786 34.46195394460036 -5.203402224303851 41.90750635789767 8.460525713662339 38.82812683188076 23.713610620258713 26.664691270264235 33.41876454853275 11.108606353856938 33.03483811467366 -0.5612628983280601 22.741474763951153 -10.8730407154369 31.732645071559126 -24.477078018238604 33.18318783680563 -36.45285013547722 26.56844767215821 -42.46876925622573 14.280949050288841 -40.34890203106388 0.7650299843313135 -30.859995768090243 -9.09065686044664 -40.87371680375737 -11.635217850262658 -29.016911493628008 -31.04928126620304 -22.180211865623093 -23.302737662279196 -17.745535471629978 -36.245208466974475 -6.689364955995806 -44.30343400235454 6.989328009789894 -44.5627870389559 18.343016106405322 -36.929460643825 23.265116769743898 -24.164397764630397
739.6199951171875 343.54998779296875 17 46.42028983269117 -13.2529582207474 58.0774887520073 -5.7530519570896885 64.42296602127472 6.5706568528979865 63.75645613060319 20.41604038582313 56.25654986694548 32.07323930513927 43.9328410569578 38.418716574406695 30.087457524032654 37.75220668373516 42.461407454361904 45.90547330040494 12.701935916278853 61.22862423669404 13.2529582207474 46.42028983269117 5.7530519570896885 58.0774887520073 -6.57065685289799 64.42296602127473 -20.41604038582313 63.75645613060319 -32.07323930513926 56.25654986694548 -38.41871657440669 43.932841056957805 -37.75220668373515 30.087457524032658 -30.646301872578196 -59.518943076166096
946.260009765625 199.64999389648438 21 25.184801812085684 28.484385057223676 21.332405713896954 54.20572760765377 1.8479387942666072 71.43314665844999 -24.151600329381424 72.1057413743088 -44.50073834840115 55.90879721262226 -49.6778874282155 30.42104435562674 -37.260601976776414 7.568485629930745 -55.75579529238054 -5.877996755905123 -63.193585258052934 -27.50111736234641 -56.883753653194134 -49.479881873858155 -39.10854077104306 -63.86466102851923 -16.29716843572964 -65.4525390193801 3.299583245137951 -53.66918686930937 3.710004952866086 -70.9330673192233 39.76287564002049 -58.85726715453258 29.69211634684564 -44.82908760670715 52.432664798980916 -42.43168892683536 69.68554016048684 -27.42441215539862 75.21044795283305 -5.235327942204176 67.00905161654435 16.109862674636698 48.04776267440776 28.89069152048912
1103.0 332.1199951171875 12 20.994930188346324 -83.18289331231615 19.92452984998227 -20.51367789152776 82.53596386292963 -23.409303762369372 27.72763110410538 6.998310062782107 61.541033674583296 59.77358954994681 7.803101254123126 27.511987954309873 -20.994930188346242 83.18289331231617 -19.92452984998227 20.513677891527763 -82.53596386292962 23.409303762369383 -27.727631104105374 -6.998310062782128 -61.5410336745833 -59.773589549946806 -7.803101254123129 -27.511987954309873
764.3699951171875 562.6300048828125 17 -44.71506056691109 -4.999412085648055 -52.1123577591936 -15.591202365189936 -53.22270990728261 -28.46261041497154 -47.74859904978352 -40.16475284260244 -37.156808770241646 -47.562050034884955 -24.28540072046004 -48.67240218297397 -12.58325829282913 -43.19829132547487 -20.367361992502587 -54.607067281807375 10.714701647470068 -57.28836182209419 4.999412085648055 -44.71506056691109 15.591202365189936 -52.1123577591936 28.462610414971547 -53.22270990728261 40.16475284260244 -47.74859904978352 47.562050034884955 -37.156808770241646 48.67240218297397 -24.28540072046004 43.19829132547487 -12.583258292829134 5.3625890805736205 62.16412727994531
632.27001953125 645.1900024414062 17 67.37121350214052 -4.017167470439512 81.00760129321654 9.752055983799103 85.93244780902505 28.49474718109228 80.8261444028079 47.188817151139425 67.05692094856929 60.82520494221545 48.3142297512761 65.75005145802395 29.620159781228967 60.6437480518068 44.03672583261408 75.52192711715672 -1.2233978714515708 87.41451821747965 4.017167470439512 67.37121350214052 -9.7520559837991 81.00760129321654 -28.49474718109228 85.93244780902505 -47.188817151139425 80.8261444028079 -60.825204942215436 67.05692094856927 -65.75005145802395 48.3142297512761 -60.64374805180682 29.620159781228978 -23.78518220064584 -90.52024740813131
1020.2000122070312 895.6199951171875 4 61.014852800695635 72.38243965503575 83.62636512117562 44.3695941983389 -61.014852800695635 -72.38243965503575 -83.62636512117562 -44.3695941983389
1039.5 521.3900146484375 10 56.87548299620723 -10.546260008708673 17.404056135725284 8.299488849346577 27.605580112936757 50.83282515118923 -2.515133835095339 19.11692409692165 -39.81429620725412 41.962673696324174 -18.958494332069073 3.5154200029029097 -52.21216840717588 -24.898466548039682 -9.201860037645602 -16.9442750503964 7.545401505285961 -57.350772290764965 13.271432069084703 -13.987557898774725
1362.300048828125 374.82000732421875 8 38.56759096255308 -13.75312963705573 12.332112110850026 5.848824624916834 13.753129637055732 38.56759096255308 -5.848824624916833 12.332112110850026 -38.56759096255309 13.7531296370557 -12.332112110850028 -5.8488246249168325 -13.753129637055771 -38.56759096255307 5.8488246249168325 -12.332112110850028
894.3499755859375 544.0700073242188 14 -10.725368849400478 36.126420321171295 -24.139863949234012 39.33820842106203 -37.36305153457708 35.41245095722317 -46.85178917057176 25.40105147177082 -50.06357727046249 11.98655637193729 -46.137819806623654 -1.236631213405781 -36.12642032117129 -10.725368849400471 -39.33820842106202 -24.139863949234005 -35.41245095722318 -37.36305153457708 -25.40105147177082 -46.85178917057176 -11.98655637193729 -50.06357727046249 1.2366312134057793 -46.137819806623654 10.725368849400475 -36.126420321171295 51.09047357819143 15.167962088276072
760.9299926757812 207.91000366210938 12 57.606150556068265 25.611543779386906 12.360872635364244 16.9944409403735 6.622827734947772 62.694161685479635 -8.537181259795632 19.20205018535609 -50.9833228211205 37.082617906092736 -20.898053895159876 2.2076092449825917 -57.606150556068265 -25.611543779386906 -12.360872635364252 -16.994440940373494 -6.622827734947779 -62.694161685479635 8.537181259795634 -19.20205018535609 50.98332282112048 -37.082617906092764 20.898053895159876 -2.2076092449825944
846.8300170898438 318.55999755859375 14 -16.520004257837883 49.23477493991118 -35.150173153482875 53.0087326142986 -53.17135153109983 46.961991385302845 -65.75477919774906 32.7147706820733 -69.52873687213648 14.084601786428316 -63.48199564314073 -3.936576591188631 -49.23477493991118 -16.52000425783788 -53.008732614298594 -35.15017315348287 -46.961991385302845 -53.17135153109983 -32.7147706820733 -65.75477919774906 -14.084601786428316 -69.52873687213648 3.936576591188631 -63.48199564314073 16.52000425783788 -49.23477493991118 69.62848646040938 23.36281407189561
1229.0999755859375 760.1199951171875 14 -11.330890932596475 16.74854268847861 -18.713663191080663 16.221990236776552 -24.844055291431953 12.074596307935494 -28.079433621075083 5.417651755882138 -27.552881169373023 -1.9651205026020477 -23.40548724053197 -8.09551260295334 -16.74854268847861 -11.330890932596473 -16.221990236776552 -18.713663191080663 -12.074596307935494 -24.844055291431953 -5.417651755882138 -28.079433621075083 1.9651205026020477 -27.552881169373023 8.095512602953338 -23.40548724053197 11.330890932596473 -16.74854268847861 23.686016220031192 16.02429963064826
955.239990234375 356.32000732421875 10 -5.5187417503163925 -58.235588606813714 9.921754759361388 -16.785805290795697 53.67995103637968 -23.244421860322035 19.0302403377361 4.249050417848325 38.69477600522918 43.86974584829363 1.8395805834387997 19.411862868937906 -29.76526427808416 50.357415872387094 -17.89331701212656 7.748140620107347 -57.090721013208295 -12.747151253544969 -12.89825866840973 -14.623248616097875
988.5 271.8800048828125 4 70.83369646467766 -29.40466554564876 -6.9011983089570075 -16.62448380854121 -70.83369646467766 29.40466554564876 6.9011983089570075 16.62448380854121
1599.9000244140625 128.16000366210938 17 11.103243296274066 48.90502539483464 2.6599573554154965 60.56954492407477 -10.484402525404079 66.44967218890714 -24.80781573109504 64.9698318373277 -36.47233526033517 56.526545896469145 -42.35246252516755 43.382186015649566 -40.872622173588105 29.058772809958604 -50.03443657143679 41.42954639000834 -64.23385353885703 9.688354692704502 -48.90502539483464 11.103243296274066 -60.56954492407477 2.6599573554155 -66.44967218890714 -10.484402525404086 -64.9698318373277 -24.80781573109504 -56.52654589646914 -36.472335260335164 -43.382186015649566 -42.35246252516755 -29.05877280995861 -40.87262217358811 63.48238339460767 -28.398833934840468
1624.0 686.1300048828125 14 22.94940291732303 43.492278520418644 13.36293529529693 58.726587147838444 -2.556343511644574 67.12665161726338 -20.542875603095606 66.44168143774166 -35.7771842305154 56.85521381571557 -44.17724869994034 40.93593500877408 -43.49227852041864 22.94940291732303 -58.72658714783844 13.362935295296934 -67.12665161726338 -2.5563435116445667 -66.44168143774166 -20.542875603095606 -56.85521381571558 -35.7771842305154 -40.93593500877408 -44.17724869994034 -22.949402917323035 -43.492278520418644 61.50737014208409 -32.455356854042904
985.4199829101562 51.74700164794922 21 -35.87118861215846 -47.02477851556989 -27.002254229676883 -86.49791815463746 5.164588745829185 -111.0352562954225 45.57811699148194 -109.15549971971447 75.32839149480417 -81.73820742045439 80.49492817821982 -41.61223517372857 58.660247107899444 -7.552971344287361 85.84340373504183 15.388570104957207 94.95181446753584 49.77279878921517 82.691004383886 83.16307977599084 53.495658362070316 103.48228495113513 17.92561369073048 103.38104087945331 -11.15358990341138 82.89596712772837 -13.731430362405135 109.6344789956135 -68.30918022226237 86.84542049987255 -51.10727576361205 66.21321845218681 -86.11935068239097 59.93683906873852 -111.19958010696263 34.71342890488452 -117.27654759693327 -0.33380771098865125 -102.15223885733607 -32.52842858827967 -71.29705452236747 -50.225770985890556
622.3499755859375 413.6400146484375 21 -16.08678231206182 17.87517146742495 -32.526705667397856 17.305193901559022 -44.75404308191703 6.301186717518597 -47.04748748764735 -9.987952827366453 -38.33391075835223 -23.940355306423612 -22.690492286287164 -29.02753653602093 -7.436961431761863 -22.869147881108177 -0.3183132704401359 -35.45866256204217 12.733990889559923 -41.68830040552769 26.998985998929733 -39.30482687393614 37.317081650155146 -29.170334598626802 39.95626483252667 -14.950427999917043 33.96195377948677 -1.7883891553631486 44.83972694572423 -2.772714327282028 39.845750532041 20.75102941654165 30.306109312870035 15.432186449346299 30.435936505029034 29.89435006501315 22.247128446290425 41.81552677384855 8.701543530919615 46.88387570092736 -5.3014355593739975 43.266195761665024 -14.696988539903282 32.27098699892613
1441.5 458.4700012207031 10 -28.21131707559573 -57.106694659942086 3.5810126601420658 -20.927494199085398 45.59391767035635 -44.47749608051722 21.009823496824932 -3.061205931836965 56.38990787614038 29.61809034769221 9.403772358531914 19.03556488664736 -10.743037980426244 62.78248259725619 -15.19797255678546 14.825832026839063 -63.02947049047481 9.183617795510848 -18.796635958713452 -9.872696782564084
896.4400024414062 111.12000274658203 17 59.568433232549125 55.0065182216086 58.99557013166829 78.2805534212405 46.8624385335988 98.15002760225451 26.420101251703905 109.29093120381694 3.1460660520720083 108.7180681029361 -16.723408128942015 96.5849365048666 -27.86431173050444 76.14259922297173 -28.748125406745128 101.01560365343786 -76.72922107230833 71.7163407425897 -55.0065182216086 59.568433232549125 -78.28055342124048 58.99557013166829 -98.15002760225451 46.86243853359879 -109.29093120381694 26.420101251703905 -108.7180681029361 3.1460660520720083 -96.58493650486662 -16.72340812894201 -76.14259922297174 -27.864311730504433 58.59852582169637 -95.96219133112642
929.0999755859375 879.3099975585938 10 22.29633885039253 -78.79934233856542 21.451736119754855 -16.8815159803641 81.8325756279789 -3.1452575749954277 22.684226797917187 15.185138093792208 28.278974274644714 76.85546625384518 -7.432112950130862 26.26644744618847 -64.35520835926461 50.64454794109225 -27.2775252093263 1.0484191916651218 -68.05268039375154 -45.55541428137668 -9.426324758214886 -25.61848875128173
1336.199951171875 192.1999969482422 17 21.536418847601478 -46.325294883745705 35.61003348558988 -50.46109474031093 49.86604121344298 -47.00599516207025 60.48455627319072 -36.88578729078236 64.62035612975595 -22.81217265279397 61.16525655151526 -8.556164924940864 51.045048680227374 2.06235013480687 66.13781959227327 -2.194642937533187 57.79439480471542 32.230972172741446 46.325294883745705 21.536418847601478 50.46109474031093 35.61003348558988 47.00599516207025 49.86604121344298 36.88578729078236 60.48455627319072 22.81217265279397 64.62035612975593 8.556164924940864 61.16525655151526 -2.0623501348068682 51.04504868022738 -68.85123022054927 -16.6868495751157
1382.800048828125 257.42999267578125 4 -49.95957848103026 24.488659450617767 -24.508889215822563 49.94965738718424 49.95957848103026 -24.488659450617767 24.508889215822563 -49.94965738718424
1274.0999755859375 400.2200012207031 8 -68.78259258475168 19.496988413742802 -20.807696788114182 -11.616728308065458 -19.496988413742805 -68.78259258475168 11.616728308065456 -20.807696788114182 68.78259258475168 -19.49698841374281 20.807696788114185 11.616728308065456 19.496988413742812 68.78259258475168 -11.616728308065454 20.807696788114185
1239.0 216.02000427246094 17 -23.004250163190388 -38.12059221368806 -19.142748613868292 -50.307778669939474 -9.70499694727668 -58.931440967049795 2.7801668991557555 -61.6808757567096 14.967353355407166 -57.8193742073875 23.59101565251749 -48.38162254079589 26.3404504421773 -35.89645869436345 30.610483683418206 -48.87939168096321 51.43502900835364 -26.08897148880436 38.12059221368806 -23.004250163190388 50.307778669939474 -19.142748613868292 58.931440967049795 -9.70499694727668 61.6808757567096 2.7801668991557555 57.8193742073875 14.967353355407166 48.38162254079589 23.591015652517488 35.89645869436346 26.340450442177296 -45.58084038431769 41.64909064987087
1180.9000244140625 46.45899963378906 21 39.384870762164866 -4.5493792898560255 59.08600648660216 14.088171669101236 62.19796520012093 41.02900995497836 47.26462683509712 63.66721791974747 21.273466378094447 71.41012646103668 -3.6139633334829426 60.63474261953372 -15.7525573446163 36.38298824972978 -38.28542089829888 44.18088325920149 -61.21595097255528 37.64422531945555 -76.25026859278738 19.137296881662305 -77.95052254473724 -4.646021705248536 -65.70173792560547 -25.103401348344153 -43.9342500520209 -34.83549147230881 -58.45496863152427 -45.48433941899845 -26.621359671650534 -69.116652836547 -20.630430905113492 -52.135545594346056 -5.015346152351714 -70.15515254543376 18.111404384070386 -75.95950575089273 40.384969590652005 -67.44919438785917 53.74909199938088 -47.70236328127068 53.370023175276444 -23.861360505921326
1111.300048828125 194.69000244140625 17 20.084289271170835 -12.959844870187581 26.68637844604462 -11.08454401341315 31.46630496114835 -6.159441244270878 33.143291366879865 0.49578612760728547 31.26799051010544 7.09787530248107 26.34288774096317 11.8778018175848 19.68766036908501 13.55478822331632 26.723350061464597 15.636459742412228 14.830140156858779 27.17909591416872 12.959844870187581 20.084289271170835 11.08454401341315 26.68637844604462 6.159441244270875 31.466304961148353 -0.49578612760728547 33.143291366879865 -7.097875302481066 31.26799051010544 -11.8778018175848 26.34288774096317 -13.554788223316319 19.68766036908501 -23.085272343512987 -23.78641980921164
1294.0 109.79000091552734 4 60.016762888111806 -38.847982860345866 -9.780937699777184 -15.110700106648848 -60.016762888111806 38.847982860345866 9.780937699777184 15.110700106648848
641.6900024414062 223.5 14 -33.6692363348566 7.373687499429445 -42.16849952468165 -1.949554283529599 -44.86745646904058 -14.273350108109177 -41.04292383428604 -26.295548835427155 -31.719682051327005 -34.794812025252206 -19.39588622674743 -37.49376896961113 -7.373687499429445 -33.6692363348566 1.9495542835295954 -42.16849952468165 14.273350108109177 -44.86745646904058 26.295548835427155 -41.04292383428604 34.794812025252206 -31.719682051327005 37.49376896961113 -19.39588622674743 33.669236334856606 -7.373687499429447 10.427968866394075 47.6154906594992
305.67999267578125 169.3800048828125 4 6.685221257238405 31.75386302076911 31.882497118109335 6.042050770537287 -6.685221257238405 -31.75386302076911 -31.882497118109335 -6.042050770537287
442.9700012207031 287.7300109863281 21 3.486671354981077 24.121307887803052 -7.619957201482556 36.55430310127596 -24.119903563460515 38.939326774396235 -38.29265945170572 30.1603998239253 -43.50663487347178 14.325279736893645 -37.32215278203222 -1.1566048102200313 -22.633001080833942 -9.041107975840397 -27.82007381550944 -22.75021487498894 -24.20585436922541 -36.95524051105164 -13.097591138684706 -46.51828518981971 1.4869024826265402 -47.98043475023664 14.272474781719627 -40.81283567441213 20.634636532821958 -27.607979242784143 26.923293550553822 -36.717524704459194 42.003493462516474 -17.57119497860634 31.67410905667433 -13.591893104993556 43.02079926575521 -4.312994634472144 46.99330622845286 9.796028150909386 42.15479041826404 23.631999395518474 30.255323221084858 32.1905048696274 15.598893270235369 32.37596813536804
1608.5999755859375 212.89999389648438 21 -11.834571485989589 42.91951501077784 -39.52819688052926 55.58953133479299 -68.88687423143811 47.49420766312093 -86.1733521208719 22.421435911237985 -83.2990954265627 -7.896955365330793 -61.60900079958276 -29.27465393689266 -31.252104574446378 -31.708797055158858 -29.89017094445473 -58.44973458844201 -13.43656857223467 -79.5734551969979 12.157501836018259 -87.43959550269085 37.63476965699169 -79.20300471827981 53.78021128563589 -57.8428240545425 54.75408649676743 -31.0849435247883 71.9506579309752 -41.72263035033215 83.1613758865942 1.3640457101037917 62.96090162960522 0.4566924807124497 75.15190127440569 24.29599052054429 71.46452394057314 50.81647037610861 53.232478933625025 70.42578291469786 27.050222389436705 76.03131996530782 2.3877694518433277 65.6055816954082
1101.5 433.8800048828125 4 -5.144946302333462 -42.63983158058848 -35.78803643224259 -23.745360767933633 5.144946302333462 42.63983158058848 35.78803643224259 23.745360767933633
1374.0 570.0399780273438 17 -41.30172855363736 13.927503169942776 -52.134209481159566 7.659428670923365 -58.38137590089451 -3.185123541801957 -58.36930461569139 -15.700364460556308 -52.101230116672 -26.53284538807852 -41.25667790394668 -32.780011807813466 -28.741436985192312 -32.767940522610346 -40.24813855777967 -39.594774523217694 -14.060555915750534 -54.68052298808719 -13.927503169942776 -41.30172855363736 -7.6594286709233685 -52.134209481159566 3.1851235418019606 -58.38137590089451 15.700364460556308 -58.36930461569139 26.532845388078513 -52.101230116672 32.780011807813466 -41.25667790394668 32.767940522610346 -28.741436985192315 30.171496929739 52.37516528405827
836.3300170898438 477.8500061035156 4 45.902675086294096 47.68644887225062 64.0720620499659 16.60794541142816 -45.902675086294096 -47.68644887225062 -64.0720620499659 -16.60794541142816
1545.300048828125 736.8300170898438 17 35.64791935154616 33.9273290113409 35.08738368985094 48.046691974689914 27.542264085421255 59.99415115535568 15.034269243060258 66.56839451427501 0.9149062797112464 66.00785885257979 -11.032552900954517 58.46273924815011 -17.60679625987385 45.9547444057891 -18.370667271189305 61.04164957557598 -47.221565724038044 42.82158485467949 -33.9273290113409 35.64791935154616 -48.04669197468991 35.08738368985094 -59.99415115535568 27.54226408542125 -66.56839451427501 15.034269243060258 -66.00785885257979 0.9149062797112535 -58.46273924815011 -11.032552900954517 -45.954744405789114 -17.606796259873853 36.44012944179297 -57.701796905697485
819.5 81.552001953125 4 17.209342462932437 -117.10791724597674 -18.78983621594993 -116.8647414949214 -17.209342462932437 117.10791724597674 18.78983621594993 116.8647414949214
1110.699951171875 29.41699981689453 6 67.24896994343062 -6.815940471713184 13.175754190300479 18.277115371163493 -27.721707372529217 61.647286585203666 -22.416323314476873 2.2719801572377114 -39.52726257090145 -54.83134611349047 9.240569124176366 -20.54909552840124
1579.699951171875 355.79998779296875 21 20.59479832372738 9.661468443537055 24.587518885074488 24.701327483836817 17.978685241484552 38.78899923272578 3.860644103797811 45.332705511867225 -11.160616175112384 41.2705734280564 -20.056480968031607 28.503319728877763 -18.66447627182848 13.004884312396568 -32.01445690760239 10.012907996599413 -41.233993723753365 -0.09520983737273703 -42.98841794867488 -13.663404296800202 -36.64316151331305 -25.78411492032919 -24.493277727262495 -32.0733302318999 -10.933329880190351 -30.25626676726443 -14.807756071384834 -39.83427393473106 7.858596684548779 -41.764595986629956 5.6595919594319 -31.669360584225043 18.717002487941016 -35.75322340511029 31.755414498839762 -31.609104984519362 40.05888767635034 -20.73591601162866 40.624089721564786 -7.066444482051718 33.246589365601686 4.455117640663863
596.3599853515625 523.0499877929688 17 40.68312916649767 -25.104342643687126 53.80898413488762 -21.088216344078155 63.16824483409904 -11.047221459615013 66.25310491802585 2.3281655392053793 62.2369786184169 15.454020507595338 52.19598373395375 24.81328120680675 38.820596735133364 27.898141290733577 52.80515266020684 32.34441373200142 28.558011958858426 54.94529279285289 25.104342643687126 40.68312916649767 21.088216344078155 53.80898413488762 11.047221459615006 63.16824483409904 -2.3281655392053793 66.25310491802585 -15.454020507595331 62.2369786184169 -24.81328120680675 52.19598373395375 -27.898141290733573 38.82059673513337 -45.20175812170293 -48.49428140269684
257.3399963378906 55.52899932861328 17 2.0326589487032756 -31.80616963585419 9.277915092933704 -37.39650564372099 18.347658974695943 -38.6152505701093 26.811660045314696 -35.13584269621385 32.4019960531815 -27.890586551983425 33.62074097956981 -18.820842670221182 30.141333105674356 -10.35684159960243 37.951627839424816 -16.248352216784358 40.89467083956792 5.653397416269183 31.80616963585419 2.0326589487032756 37.39650564372099 9.277915092933704 38.6152505701093 18.347658974695946 35.13584269621385 26.811660045314696 27.890586551983425 32.4019960531815 18.820842670221182 33.62074097956981 10.356841599602433 30.14133310567436 -43.80349926610708 5.886086000286208
119.69000244140625 599.760009765625 10 -37.11520919430224 -25.17048216221063 -5.077332259977881 -14.05970680866691 12.469320687840648 -43.076768302633496 11.802593823160677 -9.173518271054794 44.82167319600998 -1.4524247743209946 12.371736398100747 8.390160720736874 15.231996779933649 42.17912042600072 -4.156440229280214 14.358922767544499 -35.407781469482025 27.520554813164388 -14.940557732003327 0.48414159144033336
1002.5999755859375 623.2000122070312 12 -28.662987699492238 15.31343020920347 -10.826530200240965 -0.35655808983195153 -27.593313429996382 -17.166160391519416 -5.104476736401158 -9.554329233164077 1.069674269495867 -32.479590600722894 5.722053463839805 -9.197771143332126 28.662987699492234 -15.313430209203474 10.826530200240965 0.35655808983195497 27.593313429996385 17.166160391519412 5.104476736401159 9.554329233164077 -1.0696742694958343 32.4795906007229 -5.722053463839804 9.197771143332128
186.35000610351562 138.7899932861328 21 21.100864880710745 -12.196223704156266 36.76964483966961 -6.501849070605807 45.11235319832449 7.931992590986704 42.225343996785284 24.35154635288053 29.459480925985453 35.07392052687218 12.788053193516696 35.08199707103583 0.01180711768190612 24.371996880596537 -10.790113041185705 34.27976435912295 -25.32138998409655 36.20000547302605 -38.326120253058775 29.438176862462612 -45.10054608064259 16.440004289609867 -43.19438534277921 1.9068736300264 -33.29708858486702 -8.90464117655446 -44.09069618532689 -11.360055718396158 -31.91492300888662 -32.472727716788796 -24.383803998278445 -24.360189762914615 -19.98295047031106 -38.341528173541604 -8.35861604527473 -47.27014423102843 6.284725042292713 -47.91659401272517 18.650636191460077 -40.04705927565246 24.266417898565635 -26.507918559002977
87.60600280761719 411.6000061035156 4 52.620480013157916 7.732229999748926 45.491071631551065 -27.554758198853044 -52.620480013157916 -7.732229999748926 -45.491071631551065 27.554758198853044
1114.4000244140625 814.0800170898438 12 51.42245738177226 48.73062413355109 6.722614116953954 22.637729044270806 -16.49072975104015 68.89846648441295 -16.243541377850356 17.140819127257426 -67.91318713281242 20.167842350861868 -22.966155494804323 -5.496909917013372 -51.422457381772276 -48.73062413355107 -6.722614116953958 -22.637729044270806 16.49072975104011 -68.89846648441296 16.243541377850356 -17.140819127257426 67.9131871328124 -20.167842350861935 22.966155494804323 5.49690991701337
1086.5 716.6799926757812 21 7.720446225789099 -29.55604454315129 26.602592279407975 -38.50606479299198 46.82011746098488 -33.22496854362697 58.91301704529599 -16.183839422981197 57.22288891923374 4.643588862341186 42.54056281666446 19.511931146555874 21.736062296858908 21.46412483166069 21.050247419509695 39.82309115502602 9.95819028188053 54.468508696497004 -7.528157400088734 60.1031898102553 -25.084055164125942 54.68909337528768 -36.35960656763594 40.18447593616645 -37.27649076894038 21.835598317362212 -48.9757554850211 29.293709742007067 -57.067675196511686 -0.1627987806409248 -43.200187128519595 0.2719374651982349 -51.785737184124535 -15.970301196733757 -49.502442693444664 -34.19963340549246 -37.17616193833128 -47.82258423321616 -19.26526027094883 -51.91178806401404 -2.2480375942712456 -44.98819659131523
1643.0999755859375 597.4500122070312 12 33.11114178067554 47.43096516204523 1.6532024497835733 19.210663882227877 -24.52084986600808 52.39057251139596 -15.810321720681744 11.03704726022518 -57.63199164668363 4.9596073493507244 -17.46352417046532 -8.173616622002692 -33.11114178067554 -47.43096516204523 -1.6532024497835842 -19.210663882227877 24.520849866008074 -52.39057251139596 15.810321720681742 -11.037047260225181 57.63199164668363 -4.959607349350757 17.46352417046532 8.17361662200269
904.0999755859375 18.0 14 -69.43260390617621 29.3209932218975 -91.43403476570361 12.677853900793888 -102.16626314910944 -12.736242979769251 -98.75359712807371 -40.1116106842787 -82.11045780697009 -62.11304154380609 -56.69636092640697 -72.84526992721193 -29.320993221897503 -69.4326039061762 -12.677853900793892 -91.4340347657036 12.736242979769244 -102.16626314910943 40.1116106842787 -98.75359712807371 62.11304154380609 -82.11045780697009 72.84526992721193 -56.69636092640697 69.43260390617621 -29.320993221897506 41.466146276657035 98.19253011499353
