100
67.0 102.0 10 7.0710678118654755 0.0 8.535533905932738 3.5355339059327373 7.0710678118654755 7.071067811865475 3.535533905932738 8.535533905932738 4.440892098500626e-16 7.0710678118654755 -3.535533905932737 8.535533905932738 -7.071067811865475 7.0710678118654755 -8.535533905932738 3.535533905932738 -7.0710678118654755 4.440892098500626e-16 0.0 -10.0
74.0 79.0 10 7.0710678118654755 0.0 8.535533905932738 3.5355339059327373 7.0710678118654755 7.071067811865475 3.535533905932738 8.535533905932738 4.440892098500626e-16 7.0710678118654755 -3.535533905932737 8.535533905932738 -7.071067811865475 7.0710678118654755 -8.535533905932738 3.535533905932738 -7.0710678118654755 4.440892098500626e-16 0.0 -10.0
80.0 77.0 10 7.0710678118654755 0.0 8.535533905932738 3.5355339059327373 7.0710678118654755 7.071067811865475 3.535533905932738 8.535533905932738 4.440892098500626e-16 7.0710678118654755 -3.535533905932737 8.535533905932738 -7.071067811865475 7.0710678118654755 -8.535533905932738 3.535533905932738 -7.0710678118654755 4.440892098500626e-16 0.0 -10.0
60.0 67.0 10 7.0710678118654755 0.0 8.535533905932738 3.5355339059327373 7.0710678118654755 7.071067811865475 3.535533905932738 8.535533905932738 4.440892098500626e-16 7.0710678118654755 -3.535533905932737 8.535533905932738 -7.071067811865475 7.0710678118654755 -8.535533905932738 3.535533905932738 -7.0710678118654755 4.440892098500626e-16 0.0 -10.0
69.0 72.0 10 7.0710678118654755 0.0 8.535533905932738 3.5355339059327373 7.0710678118654755 7.071067811865475 3.535533905932738 8.535533905932738 4.440892098500626e-16 7.0710678118654755 -3.535533905932737 8.535533905932738 -7.071067811865475 7.0710678118654755 -8.535533905932738 3.535533905932738 -7.0710678118654755 4.440892098500626e-16 0.0 -10.0
82.0 81.0 10 7.0710678118654755 0.0 8.535533905932738 3.5355339059327373 7.0710678118654755 7.071067811865475 3.535533905932738 8.535533905932738 4.440892098500626e-16 7.0710678118654755 -3.535533905932737 8.535533905932738 -7.071067811865475 7.0710678118654755 -8.535533905932738 3.535533905932738 -7.0710678118654755 4.440892098500626e-16 0.0 -10.0
67.0 70.0 10 7.0710678118654755 0.0 8.535533905932738 3.5355339059327373 7.0710678118654755 7.071067811865475 3.535533905932738 8.535533905932738 4.440892098500626e-16 7.0710678118654755 -3.535533905932737 8.535533905932738 -7.071067811865475 7.0710678118654755 -8.535533905932738 3.535533905932738 -7.0710678118654755 4.440892098500626e-16 0.0 -10.0
68.0 85.0 10 7.0710678118654755 0.0 8.535533905932738 3.5355339059327373 7.0710678118654755 7.071067811865475 3.535533905932738 8.535533905932738 4.440892098500626e-16 7.0710678118654755 -3.535533905932737 8.535533905932738 -7.071067811865475 7.0710678118654755 -8.535533905932738 3.535533905932738 -7.0710678118654755 4.440892098500626e-16 0.0 -10.0
88.0 60.0 10 7.0710678118654755 0.0 8.535533905932738 3.5355339059327373 7.0710678118654755 7.071067811865475 3.535533905932738 8.535533905932738 4.440892098500626e-16 7.0710678118654755 -3.535533905932737 8.535533905932738 -7.071067811865475 7.0710678118654755 -8.535533905932738 3.535533905932738 -7.0710678118654755 4.440892098500626e-16 0.0 -10.0
71.0 67.0 10 7.0710678118654755 0.0 8.535533905932738 3.5355339059327373 7.0710678118654755 7.071067811865475 3.535533905932738 8.535533905932738 4.440892098500626e-16 7.0710678118654755 -3.535533905932737 8.535533905932738 -7.071067811865475 7.0710678118654755 -8.535533905932738 3.535533905932738 -7.0710678118654755 4.440892098500626e-16 0.0 -10.0
81.0 49.0 10 7.0710678118654755 0.0 8.535533905932738 3.5355339059327373 7.0710678118654755 7.071067811865475 3.535533905932738 8.535533905932738 4.440892098500626e-16 7.0710678118654755 -3.535533905932737 8.535533905932738 -7.071067811865475 7.0710678118654755 -8.535533905932738 3.535533905932738 -7.0710678118654755 4.440892098500626e-16 0.0 -10.0
77.0 91.0 10 7.0710678118654755 0.0 8.535533905932738 3.5355339059327373 7.0710678118654755 7.071067811865475 3.535533905932738 8.535533905932738 4.440892098500626e-16 7.0710678118654755 -3.535533905932737 8.535533905932738 -7.071067811865475 7.0710678118654755 -8.535533905932738 3.535533905932738 -7.0710678118654755 4.440892098500626e-16 0.0 -10.0
47.0 88.0 10 7.0710678118654755 0.0 8.535533905932738 3.5355339059327373 7.0710678118654755 7.071067811865475 3.535533905932738 8.535533905932738 4.440892098500626e-16 7.0710678118654755 -3.535533905932737 8.535533905932738 -7.071067811865475 7.0710678118654755 -8.535533905932738 3.535533905932738 -7.0710678118654755 4.440892098500626e-16 0.0 -10.0
77.0 99.0 10 7.0710678118654755 0.0 8.535533905932738 3.5355339059327373 7.0710678118654755 7.071067811865475 3.535533905932738 8.535533905932738 4.440892098500626e-16 7.0710678118654755 -3.535533905932737 8.535533905932738 -7.071067811865475 7.0710678118654755 -8.535533905932738 3.535533905932738 -7.0710678118654755 4.440892098500626e-16 0.0 -10.0
93.0 95.0 10 7.0710678118654755 0.0 8.535533905932738 3.5355339059327373 7.0710678118654755 7.071067811865475 3.535533905932738 8.535533905932738 4.440892098500626e-16 7.0710678118654755 -3.535533905932737 8.535533905932738 -7.071067811865475 7.0710678118654755 -8.535533905932738 3.535533905932738 -7.0710678118654755 4.440892098500626e-16 0.0 -10.0
67.0 43.0 10 7.0710678118654755 0.0 8.535533905932738 3.5355339059327373 7.0710678118654755 7.071067811865475 3.535533905932738 8.535533905932738 4.440892098500626e-16 7.0710678118654755 -3.535533905932737 8.535533905932738 -7.071067811865475 7.0710678118654755 -8.535533905932738 3.535533905932738 -7.0710678118654755 4.440892098500626e-16 0.0 -10.0
79.0 61.0 10 7.0710678118654755 0.0 8.535533905932738 3.5355339059327373 7.0710678118654755 7.071067811865475 3.535533905932738 8.535533905932738 4.440892098500626e-16 7.0710678118654755 -3.535533905932737 8.535533905932738 -7.071067811865475 7.0710678118654755 -8.535533905932738 3.535533905932738 -7.0710678118654755 4.440892098500626e-16 0.0 -10.0
70.0 98.0 10 7.0710678118654755 0.0 8.535533905932738 3.5355339059327373 7.0710678118654755 7.071067811865475 3.535533905932738 8.535533905932738 4.440892098500626e-16 7.0710678118654755 -3.535533905932737 8.535533905932738 -7.071067811865475 7.0710678118654755 -8.535533905932738 3.535533905932738 -7.0710678118654755 4.440892098500626e-16 0.0 -10.0
89.0 43.0 10 7.0710678118654755 0.0 8.535533905932738 3.5355339059327373 7.0710678118654755 7.071067811865475 3.535533905932738 8.535533905932738 4.440892098500626e-16 7.0710678118654755 -3.535533905932737 8.535533905932738 -7.071067811865475 7.0710678118654755 -8.535533905932738 3.535533905932738 -7.0710678118654755 4.440892098500626e-16 0.0 -10.0
106.0 56.0 10 7.0710678118654755 0.0 8.535533905932738 3.5355339059327373 7.0710678118654755 7.071067811865475 3.535533905932738 8.535533905932738 4.440892098500626e-16 7.0710678118654755 -3.535533905932737 8.535533905932738 -7.071067811865475 7.0710678118654755 -8.535533905932738 3.535533905932738 -7.0710678118654755 4.440892098500626e-16 0.0 -10.0
95.0 72.0 10 7.0710678118654755 0.0 8.535533905932738 3.5355339059327373 7.0710678118654755 7.071067811865475 3.535533905932738 8.535533905932738 4.440892098500626e-16 7.0710678118654755 -3.535533905932737 8.535533905932738 -7.071067811865475 7.0710678118654755 -8.535533905932738 3.535533905932738 -7.0710678118654755 4.440892098500626e-16 0.0 -10.0
40.0 77.0 10 7.0710678118654755 0.0 8.535533905932738 3.5355339059327373 7.0710678118654755 7.071067811865475 3.535533905932738 8.535533905932738 4.440892098500626e-16 7.0710678118654755 -3.535533905932737 8.535533905932738 -7.071067811865475 7.0710678118654755 -8.535533905932738 3.535533905932738 -7.0710678118654755 4.440892098500626e-16 0.0 -10.0
52.0 50.0 10 7.0710678118654755 0.0 8.535533905932738 3.5355339059327373 7.0710678118654755 7.071067811865475 3.535533905932738 8.535533905932738 4.440892098500626e-16 7.0710678118654755 -3.535533905932737 8.535533905932738 -7.071067811865475 7.0710678118654755 -8.535533905932738 3.535533905932738 -7.0710678118654755 4.440892098500626e-16 0.0 -10.0
68.0 93.0 10 7.0710678118654755 0.0 8.535533905932738 3.5355339059327373 7.0710678118654755 7.071067811865475 3.535533905932738 8.535533905932738 4.440892098500626e-16 7.0710678118654755 -3.535533905932737 8.535533905932738 -7.071067811865475 7.0710678118654755 -8.535533905932738 3.535533905932738 -7.0710678118654755 4.440892098500626e-16 0.0 -10.0
54.0 78.0 10 7.0710678118654755 0.0 8.535533905932738 3.5355339059327373 7.0710678118654755 7.071067811865475 3.535533905932738 8.535533905932738 4.440892098500626e-16 7.0710678118654755 -3.535533905932737 8.535533905932738 -7.071067811865475 7.0710678118654755 -8.535533905932738 3.535533905932738 -7.0710678118654755 4.440892098500626e-16 0.0 -10.0
55.0 42.0 10 7.0710678118654755 0.0 8.535533905932738 3.5355339059327373 7.0710678118654755 7.071067811865475 3.535533905932738 8.535533905932738 4.440892098500626e-16 7.0710678118654755 -3.535533905932737 8.535533905932738 -7.071067811865475 7.0710678118654755 -8.535533905932738 3.535533905932738 -7.0710678118654755 4.440892098500626e-16 0.0 -10.0
50.0 61.0 10 7.0710678118654755 0.0 8.535533905932738 3.5355339059327373 7.0710678118654755 7.071067811865475 3.535533905932738 8.535533905932738 4.440892098500626e-16 7.0710678118654755 -3.535533905932737 8.535533905932738 -7.071067811865475 7.0710678118654755 -8.535533905932738 3.535533905932738 -7.0710678118654755 4.440892098500626e-16 0.0 -10.0
95.0 63.0 10 7.0710678118654755 0.0 8.535533905932738 3.5355339059327373 7.0710678118654755 7.071067811865475 3.535533905932738 8.535533905932738 4.440892098500626e-16 7.0710678118654755 -3.535533905932737 8.535533905932738 -7.071067811865475 7.0710678118654755 -8.535533905932738 3.535533905932738 -7.0710678118654755 4.440892098500626e-16 0.0 -10.0
94.0 91.0 10 7.0710678118654755 0.0 8.535533905932738 3.5355339059327373 7.0710678118654755 7.071067811865475 3.535533905932738 8.535533905932738 4.440892098500626e-16 7.0710678118654755 -3.535533905932737 8.535533905932738 -7.071067811865475 7.0710678118654755 -8.535533905932738 3.535533905932738 -7.0710678118654755 4.440892098500626e-16 0.0 -10.0
58.0 109.0 10 7.0710678118654755 0.0 8.535533905932738 3.5355339059327373 7.0710678118654755 7.071067811865475 3.535533905932738 8.535533905932738 4.440892098500626e-16 7.0710678118654755 -3.535533905932737 8.535533905932738 -7.071067811865475 7.0710678118654755 -8.535533905932738 3.535533905932738 -7.0710678118654755 4.440892098500626e-16 0.0 -10.0
55.0 88.0 10 7.0710678118654755 0.0 8.535533905932738 3.5355339059327373 7.0710678118654755 7.071067811865475 3.535533905932738 8.535533905932738 4.440892098500626e-16 7.0710678118654755 -3.535533905932737 8.535533905932738 -7.071067811865475 7.0710678118654755 -8.535533905932738 3.535533905932738 -7.0710678118654755 4.440892098500626e-16 0.0 -10.0
65.0 60.0 10 7.0710678118654755 0.0 8.535533905932738 3.5355339059327373 7.0710678118654755 7.071067811865475 3.535533905932738 8.535533905932738 4.440892098500626e-16 7.0710678118654755 -3.535533905932737 8.535533905932738 -7.071067811865475 7.0710678118654755 -8.535533905932738 3.535533905932738 -7.0710678118654755 4.440892098500626e-16 0.0 -10.0
61.0 115.0 10 7.0710678118654755 0.0 8.535533905932738 3.5355339059327373 7.0710678118654755 7.071067811865475 3.535533905932738 8.535533905932738 4.440892098500626e-16 7.0710678118654755 -3.535533905932737 8.535533905932738 -7.071067811865475 7.0710678118654755 -8.535533905932738 3.535533905932738 -7.0710678118654755 4.440892098500626e-16 0.0 -10.0
36.0 79.0 10 7.0710678118654755 0.0 8.535533905932738 3.5355339059327373 7.0710678118654755 7.071067811865475 3.535533905932738 8.535533905932738 4.440892098500626e-16 7.0710678118654755 -3.535533905932737 8.535533905932738 -7.071067811865475 7.0710678118654755 -8.535533905932738 3.535533905932738 -7.0710678118654755 4.440892098500626e-16 0.0 -10.0
102.0 80.0 10 7.0710678118654755 0.0 8.535533905932738 3.5355339059327373 7.0710678118654755 7.071067811865475 3.535533905932738 8.535533905932738 4.440892098500626e-16 7.0710678118654755 -3.535533905932737 8.535533905932738 -7.071067811865475 7.0710678118654755 -8.535533905932738 3.535533905932738 -7.0710678118654755 4.440892098500626e-16 0.0 -10.0
78.0 115.0 10 7.0710678118654755 0.0 8.535533905932738 3.5355339059327373 7.0710678118654755 7.071067811865475 3.535533905932738 8.535533905932738 4.440892098500626e-16 7.0710678118654755 -3.535533905932737 8.535533905932738 -7.071067811865475 7.0710678118654755 -8.535533905932738 3.535533905932738 -7.0710678118654755 4.440892098500626e-16 0.0 -10.0
58.0 86.0 10 7.0710678118654755 0.0 8.535533905932738 3.5355339059327373 7.0710678118654755 7.071067811865475 3.535533905932738 8.535533905932738 4.440892098500626e-16 7.0710678118654755 -3.535533905932737 8.535533905932738 -7.071067811865475 7.0710678118654755 -8.535533905932738 3.535533905932738 -7.0710678118654755 4.440892098500626e-16 0.0 -10.0
40.0 86.0 10 7.0710678118654755 0.0 8.535533905932738 3.5355339059327373 7.0710678118654755 7.071067811865475 3.535533905932738 8.535533905932738 4.440892098500626e-16 7.0710678118654755 -3.535533905932737 8.535533905932738 -7.071067811865475 7.0710678118654755 -8.535533905932738 3.535533905932738 -7.0710678118654755 4.440892098500626e-16 0.0 -10.0
38.0 53.0 10 7.0710678118654755 0.0 8.535533905932738 3.5355339059327373 7.0710678118654755 7.071067811865475 3.535533905932738 8.535533905932738 4.440892098500626e-16 7.0710678118654755 -3.535533905932737 8.535533905932738 -7.071067811865475 7.0710678118654755 -8.535533905932738 3.535533905932738 -7.0710678118654755 4.440892098500626e-16 0.0 -10.0
48.0 97.0 10 7.0710678118654755 0.0 8.535533905932738 3.5355339059327373 7.0710678118654755 7.071067811865475 3.535533905932738 8.535533905932738 4.440892098500626e-16 7.0710678118654755 -3.535533905932737 8.535533905932738 -7.071067811865475 7.0710678118654755 -8.535533905932738 3.535533905932738 -7.0710678118654755 4.440892098500626e-16 0.0 -10.0
88.0 98.0 10 7.0710678118654755 0.0 8.535533905932738 3.5355339059327373 7.0710678118654755 7.071067811865475 3.535533905932738 8.535533905932738 4.440892098500626e-16 7.0710678118654755 -3.535533905932737 8.535533905932738 -7.071067811865475 7.0710678118654755 -8.535533905932738 3.535533905932738 -7.0710678118654755 4.440892098500626e-16 0.0 -10.0
87.0 75.0 10 7.0710678118654755 0.0 8.535533905932738 3.5355339059327373 7.0710678118654755 7.071067811865475 3.535533905932738 8.535533905932738 4.440892098500626e-16 7.0710678118654755 -3.535533905932737 8.535533905932738 -7.071067811865475 7.0710678118654755 -8.535533905932738 3.535533905932738 -7.0710678118654755 4.440892098500626e-16 0.0 -10.0
68.0 80.0 10 7.0710678118654755 0.0 8.535533905932738 3.5355339059327373 7.0710678118654755 7.071067811865475 3.535533905932738 8.535533905932738 4.440892098500626e-16 7.0710678118654755 -3.535533905932737 8.535533905932738 -7.071067811865475 7.0710678118654755 -8.535533905932738 3.535533905932738 -7.0710678118654755 4.440892098500626e-16 0.0 -10.0
101.0 96.0 10 7.0710678118654755 0.0 8.535533905932738 3.5355339059327373 7.0710678118654755 7.071067811865475 3.535533905932738 8.535533905932738 4.440892098500626e-16 7.0710678118654755 -3.535533905932737 8.535533905932738 -7.071067811865475 7.0710678118654755 -8.535533905932738 3.535533905932738 -7.0710678118654755 4.440892098500626e-16 0.0 -10.0
33.0 102.0 10 7.0710678118654755 0.0 8.535533905932738 3.5355339059327373 7.0710678118654755 7.071067811865475 3.535533905932738 8.535533905932738 4.440892098500626e-16 7.0710678118654755 -3.535533905932737 8.535533905932738 -7.071067811865475 7.0710678118654755 -8.535533905932738 3.535533905932738 -7.0710678118654755 4.440892098500626e-16 0.0 -10.0
25.0 78.0 10 7.0710678118654755 0.0 8.535533905932738 3.5355339059327373 7.0710678118654755 7.071067811865475 3.535533905932738 8.535533905932738 4.440892098500626e-16 7.0710678118654755 -3.535533905932737 8.535533905932738 -7.071067811865475 7.0710678118654755 -8.535533905932738 3.535533905932738 -7.0710678118654755 4.440892098500626e-16 0.0 -10.0
68.0 115.0 10 7.0710678118654755 0.0 8.535533905932738 3.5355339059327373 7.0710678118654755 7.071067811865475 3.535533905932738 8.535533905932738 4.440892098500626e-16 7.0710678118654755 -3.535533905932737 8.535533905932738 -7.071067811865475 7.0710678118654755 -8.535533905932738 3.535533905932738 -7.0710678118654755 4.440892098500626e-16 0.0 -10.0
70.0 127.0 10 7.0710678118654755 0.0 8.535533905932738 3.5355339059327373 7.0710678118654755 7.071067811865475 3.535533905932738 8.535533905932738 4.440892098500626e-16 7.0710678118654755 -3.535533905932737 8.535533905932738 -7.071067811865475 7.0710678118654755 -8.535533905932738 3.535533905932738 -7.0710678118654755 4.440892098500626e-16 0.0 -10.0
117.0 83.0 10 7.0710678118654755 0.0 8.535533905932738 3.5355339059327373 7.0710678118654755 7.071067811865475 3.535533905932738 8.535533905932738 4.440892098500626e-16 7.0710678118654755 -3.535533905932737 8.535533905932738 -7.071067811865475 7.0710678118654755 -8.535533905932738 3.535533905932738 -7.0710678118654755 4.440892098500626e-16 0.0 -10.0
91.0 130.0 10 7.0710678118654755 0.0 8.535533905932738 3.5355339059327373 7.0710678118654755 7.071067811865475 3.535533905932738 8.535533905932738 4.440892098500626e-16 7.0710678118654755 -3.535533905932737 8.535533905932738 -7.071067811865475 7.0710678118654755 -8.535533905932738 3.535533905932738 -7.0710678118654755 4.440892098500626e-16 0.0 -10.0
101.0 104.0 10 7.0710678118654755 0.0 8.535533905932738 3.5355339059327373 7.0710678118654755 7.071067811865475 3.535533905932738 8.535533905932738 4.440892098500626e-16 7.0710678118654755 -3.535533905932737 8.535533905932738 -7.071067811865475 7.0710678118654755 -8.535533905932738 3.535533905932738 -7.0710678118654755 4.440892098500626e-16 0.0 -10.0
112.0 65.0 10 7.0710678118654755 0.0 8.535533905932738 3.5355339059327373 7.0710678118654755 7.071067811865475 3.535533905932738 8.535533905932738 4.440892098500626e-16 7.0710678118654755 -3.535533905932737 8.535533905932738 -7.071067811865475 7.0710678118654755 -8.535533905932738 3.535533905932738 -7.0710678118654755 4.440892098500626e-16 0.0 -10.0
86.0 39.0 10 7.0710678118654755 0.0 8.535533905932738 3.5355339059327373 7.0710678118654755 7.071067811865475 3.535533905932738 8.535533905932738 4.440892098500626e-16 7.0710678118654755 -3.535533905932737 8.535533905932738 -7.071067811865475 7.0710678118654755 -8.535533905932738 3.535533905932738 -7.0710678118654755 4.440892098500626e-16 0.0 -10.0
56.0 55.0 10 7.0710678118654755 0.0 8.535533905932738 3.5355339059327373 7.0710678118654755 7.071067811865475 3.535533905932738 8.535533905932738 4.440892098500626e-16 7.0710678118654755 -3.535533905932737 8.535533905932738 -7.071067811865475 7.0710678118654755 -8.535533905932738 3.535533905932738 -7.0710678118654755 4.440892098500626e-16 0.0 -10.0
27.0 99.0 10 7.0710678118654755 0.0 8.535533905932738 3.5355339059327373 7.0710678118654755 7.071067811865475 3.535533905932738 8.535533905932738 4.440892098500626e-16 7.0710678118654755 -3.535533905932737 8.535533905932738 -7.071067811865475 7.0710678118654755 -8.535533905932738 3.535533905932738 -7.0710678118654755 4.440892098500626e-16 0.0 -10.0
75.0 133.0 10 7.0710678118654755 0.0 8.535533905932738 3.5355339059327373 7.0710678118654755 7.071067811865475 3.535533905932738 8.535533905932738 4.440892098500626e-16 7.0710678118654755 -3.535533905932737 8.535533905932738 -7.071067811865475 7.0710678118654755 -8.535533905932738 3.535533905932738 -7.0710678118654755 4.440892098500626e-16 0.0 -10.0
69.0 121.0 10 7.0710678118654755 0.0 8.535533905932738 3.5355339059327373 7.0710678118654755 7.071067811865475 3.535533905932738 8.535533905932738 4.440892098500626e-16 7.0710678118654755 -3.535533905932737 8.535533905932738 -7.071067811865475 7.0710678118654755 -8.535533905932738 3.535533905932738 -7.0710678118654755 4.440892098500626e-16 0.0 -10.0
85.0 130.0 10 7.0710678118654755 0.0 8.535533905932738 3.5355339059327373 7.0710678118654755 7.071067811865475 3.535533905932738 8.535533905932738 4.440892098500626e-16 7.0710678118654755 -3.535533905932737 8.535533905932738 -7.071067811865475 7.0710678118654755 -8.535533905932738 3.535533905932738 -7.0710678118654755 4.440892098500626e-16 0.0 -10.0
100.0 63.0 10 7.0710678118654755 0.0 8.535533905932738 3.5355339059327373 7.0710678118654755 7.071067811865475 3.535533905932738 8.535533905932738 4.440892098500626e-16 7.0710678118654755 -3.535533905932737 8.535533905932738 -7.071067811865475 7.0710678118654755 -8.535533905932738 3.535533905932738 -7.0710678118654755 4.440892098500626e-16 0.0 -10.0
91.0 52.0 10 7.0710678118654755 0.0 8.535533905932738 3.5355339059327373 7.0710678118654755 7.071067811865475 3.535533905932738 8.535533905932738 4.440892098500626e-16 7.0710678118654755 -3.535533905932737 8.535533905932738 -7.071067811865475 7.0710678118654755 -8.535533905932738 3.535533905932738 -7.0710678118654755 4.440892098500626e-16 0.0 -10.0
115.0 89.0 10 7.0710678118654755 0.0 8.535533905932738 3.5355339059327373 7.0710678118654755 7.071067811865475 3.535533905932738 8.535533905932738 4.440892098500626e-16 7.0710678118654755 -3.535533905932737 8.535533905932738 -7.071067811865475 7.0710678118654755 -8.535533905932738 3.535533905932738 -7.0710678118654755 4.440892098500626e-16 0.0 -10.0
95.0 79.0 10 7.0710678118654755 0.0 8.535533905932738 3.5355339059327373 7.0710678118654755 7.071067811865475 3.535533905932738 8.535533905932738 4.440892098500626e-16 7.0710678118654755 -3.535533905932737 8.535533905932738 -7.071067811865475 7.0710678118654755 -8.535533905932738 3.535533905932738 -7.0710678118654755 4.440892098500626e-16 0.0 -10.0
109.0 71.0 10 7.0710678118654755 0.0 8.535533905932738 3.5355339059327373 7.0710678118654755 7.071067811865475 3.535533905932738 8.535533905932738 4.440892098500626e-16 7.0710678118654755 -3.535533905932737 8.535533905932738 -7.071067811865475 7.0710678118654755 -8.535533905932738 3.535533905932738 -7.0710678118654755 4.440892098500626e-16 0.0 -10.0
44.0 66.0 10 7.0710678118654755 0.0 8.535533905932738 3.5355339059327373 7.0710678118654755 7.071067811865475 3.535533905932738 8.535533905932738 4.440892098500626e-16 7.0710678118654755 -3.535533905932737 8.535533905932738 -7.071067811865475 7.0710678118654755 -8.535533905932738 3.535533905932738 -7.0710678118654755 4.440892098500626e-16 0.0 -10.0
88.0 120.0 10 7.0710678118654755 0.0 8.535533905932738 3.5355339059327373 7.0710678118654755 7.071067811865475 3.535533905932738 8.535533905932738 4.440892098500626e-16 7.0710678118654755 -3.535533905932737 8.535533905932738 -7.071067811865475 7.0710678118654755 -8.535533905932738 3.535533905932738 -7.0710678118654755 4.440892098500626e-16 0.0 -10.0
116.0 57.0 10 7.0710678118654755 0.0 8.535533905932738 3.5355339059327373 7.0710678118654755 7.071067811865475 3.535533905932738 8.535533905932738 4.440892098500626e-16 7.0710678118654755 -3.535533905932737 8.535533905932738 -7.071067811865475 7.0710678118654755 -8.535533905932738 3.535533905932738 -7.0710678118654755 4.440892098500626e-16 0.0 -10.0
63.0 25.0 10 7.0710678118654755 0.0 8.535533905932738 3.5355339059327373 7.0710678118654755 7.071067811865475 3.535533905932738 8.535533905932738 4.440892098500626e-16 7.0710678118654755 -3.535533905932737 8.535533905932738 -7.071067811865475 7.0710678118654755 -8.535533905932738 3.535533905932738 -7.0710678118654755 4.440892098500626e-16 0.0 -10.0
52.0 110.0 10 7.0710678118654755 0.0 8.535533905932738 3.5355339059327373 7.0710678118654755 7.071067811865475 3.535533905932738 8.535533905932738 4.440892098500626e-16 7.0710678118654755 -3.535533905932737 8.535533905932738 -7.071067811865475 7.0710678118654755 -8.535533905932738 3.535533905932738 -7.0710678118654755 4.440892098500626e-16 0.0 -10.0
103.0 42.0 10 7.0710678118654755 0.0 8.535533905932738 3.5355339059327373 7.0710678118654755 7.071067811865475 3.535533905932738 8.535533905932738 4.440892098500626e-16 7.0710678118654755 -3.535533905932737 8.535533905932738 -7.071067811865475 7.0710678118654755 -8.535533905932738 3.535533905932738 -7.0710678118654755 4.440892098500626e-16 0.0 -10.0
85.0 29.0 10 7.0710678118654755 0.0 8.535533905932738 3.5355339059327373 7.0710678118654755 7.071067811865475 3.535533905932738 8.535533905932738 4.440892098500626e-16 7.0710678118654755 -3.535533905932737 8.535533905932738 -7.071067811865475 7.0710678118654755 -8.535533905932738 3.535533905932738 -7.0710678118654755 4.440892098500626e-16 0.0 -10.0
99.0 87.0 10 7.0710678118654755 0.0 8.535533905932738 3.5355339059327373 7.0710678118654755 7.071067811865475 3.535533905932738 8.535533905932738 4.440892098500626e-16 7.0710678118654755 -3.535533905932737 8.535533905932738 -7.071067811865475 7.0710678118654755 -8.535533905932738 3.535533905932738 -7.0710678118654755 4.440892098500626e-16 0.0 -10.0
56.0 129.0 10 7.0710678118654755 0.0 8.535533905932738 3.5355339059327373 7.0710678118654755 7.071067811865475 3.535533905932738 8.535533905932738 4.440892098500626e-16 7.0710678118654755 -3.535533905932737 8.535533905932738 -7.071067811865475 7.0710678118654755 -8.535533905932738 3.535533905932738 -7.0710678118654755 4.440892098500626e-16 0.0 -10.0
112.0 108.0 10 7.0710678118654755 0.0 8.535533905932738 3.5355339059327373 7.0710678118654755 7.071067811865475 3.535533905932738 8.535533905932738 4.440892098500626e-16 7.0710678118654755 -3.535533905932737 8.535533905932738 -7.071067811865475 7.0710678118654755 -8.535533905932738 3.535533905932738 -7.0710678118654755 4.440892098500626e-16 0.0 -10.0
79.0 34.0 10 7.0710678118654755 0.0 8.535533905932738 3.5355339059327373 7.0710678118654755 7.071067811865475 3.535533905932738 8.535533905932738 4.440892098500626e-16 7.0710678118654755 -3.535533905932737 8.535533905932738 -7.071067811865475 7.0710678118654755 -8.535533905932738 3.535533905932738 -7.0710678118654755 4.440892098500626e-16 0.0 -10.0
108.0 83.0 10 7.0710678118654755 0.0 8.535533905932738 3.5355339059327373 7.0710678118654755 7.071067811865475 3.535533905932738 8.535533905932738 4.440892098500626e-16 7.0710678118654755 -3.535533905932737 8.535533905932738 -7.071067811865475 7.0710678118654755 -8.535533905932738 3.535533905932738 -7.0710678118654755 4.440892098500626e-16 0.0 -10.0
94.0 113.0 10 7.0710678118654755 0.0 8.535533905932738 3.5355339059327373 7.0710678118654755 7.071067811865475 3.535533905932738 8.535533905932738 4.440892098500626e-16 7.0710678118654755 -3.535533905932737 8.535533905932738 -7.071067811865475 7.0710678118654755 -8.535533905932738 3.535533905932738 -7.0710678118654755 4.440892098500626e-16 0.0 -10.0
109.0 98.0 10 7.0710678118654755 0.0 8.535533905932738 3.5355339059327373 7.0710678118654755 7.071067811865475 3.535533905932738 8.535533905932738 4.440892098500626e-16 7.0710678118654755 -3.535533905932737 8.535533905932738 -7.071067811865475 7.0710678118654755 -8.535533905932738 3.535533905932738 -7.0710678118654755 4.440892098500626e-16 0.0 -10.0
120.0 78.0 10 7.0710678118654755 0.0 8.535533905932738 3.5355339059327373 7.0710678118654755 7.071067811865475 3.535533905932738 8.535533905932738 4.440892098500626e-16 7.0710678118654755 -3.535533905932737 8.535533905932738 -7.071067811865475 7.0710678118654755 -8.535533905932738 3.535533905932738 -7.0710678118654755 4.440892098500626e-16 0.0 -10.0
48.0 102.0 10 7.0710678118654755 0.0 8.535533905932738 3.5355339059327373 7.0710678118654755 7.071067811865475 3.535533905932738 8.535533905932738 4.440892098500626e-16 7.0710678118654755 -3.535533905932737 8.535533905932738 -7.071067811865475 7.0710678118654755 -8.535533905932738 3.535533905932738 -7.0710678118654755 4.440892098500626e-16 0.0 -10.0
96.0 52.0 10 7.0710678118654755 0.0 8.535533905932738 3.5355339059327373 7.0710678118654755 7.071067811865475 3.535533905932738 8.535533905932738 4.440892098500626e-16 7.0710678118654755 -3.535533905932737 8.535533905932738 -7.071067811865475 7.0710678118654755 -8.535533905932738 3.535533905932738 -7.0710678118654755 4.440892098500626e-16 0.0 -10.0
74.0 36.0 10 7.0710678118654755 0.0 8.535533905932738 3.5355339059327373 7.0710678118654755 7.071067811865475 3.535533905932738 8.535533905932738 4.440892098500626e-16 7.0710678118654755 -3.535533905932737 8.535533905932738 -7.071067811865475 7.0710678118654755 -8.535533905932738 3.535533905932738 -7.0710678118654755 4.440892098500626e-16 0.0 -10.0
59.0 40.0 10 7.0710678118654755 0.0 8.535533905932738 3.5355339059327373 7.0710678118654755 7.071067811865475 3.535533905932738 8.535533905932738 4.440892098500626e-16 7.0710678118654755 -3.535533905932737 8.535533905932738 -7.071067811865475 7.0710678118654755 -8.535533905932738 3.535533905932738 -7.0710678118654755 4.440892098500626e-16 0.0 -10.0
25.0 62.0 10 7.0710678118654755 0.0 8.535533905932738 3.5355339059327373 7.0710678118654755 7.071067811865475 3.535533905932738 8.535533905932738 4.440892098500626e-16 7.0710678118654755 -3.535533905932737 8.535533905932738 -7.071067811865475 7.0710678118654755 -8.535533905932738 3.535533905932738 -7.0710678118654755 4.440892098500626e-16 0.0 -10.0
45.0 46.0 10 7.0710678118654755 0.0 8.535533905932738 3.5355339059327373 7.0710678118654755 7.071067811865475 3.535533905932738 8.535533905932738 4.440892098500626e-16 7.0710678118654755 -3.535533905932737 8.535533905932738 -7.071067811865475 7.0710678118654755 -8.535533905932738 3.535533905932738 -7.0710678118654755 4.440892098500626e-16 0.0 -10.0
46.0 29.0 10 7.0710678118654755 0.0 8.535533905932738 3.5355339059327373 7.0710678118654755 7.071067811865475 3.535533905932738 8.535533905932738 4.440892098500626e-16 7.0710678118654755 -3.535533905932737 8.535533905932738 -7.071067811865475 7.0710678118654755 -8.535533905932738 3.535533905932738 -7.0710678118654755 4.440892098500626e-16 0.0 -10.0
68.0 50.0 10 7.0710678118654755 0.0 8.535533905932738 3.5355339059327373 7.0710678118654755 7.071067811865475 3.535533905932738 8.535533905932738 4.440892098500626e-16 7.0710678118654755 -3.535533905932737 8.535533905932738 -7.071067811865475 7.0710678118654755 -8.535533905932738 3.535533905932738 -7.0710678118654755 4.440892098500626e-16 0.0 -10.0
50.0 25.0 10 7.0710678118654755 0.0 8.535533905932738 3.5355339059327373 7.0710678118654755 7.071067811865475 3.535533905932738 8.535533905932738 4.440892098500626e-16 7.0710678118654755 -3.535533905932737 8.535533905932738 -7.071067811865475 7.0710678118654755 -8.535533905932738 3.535533905932738 -7.0710678118654755 4.440892098500626e-16 0.0 -10.0
30.0 70.0 10 7.0710678118654755 0.0 8.535533905932738 3.5355339059327373 7.0710678118654755 7.071067811865475 3.535533905932738 8.535533905932738 4.440892098500626e-16 7.0710678118654755 -3.535533905932737 8.535533905932738 -7.071067811865475 7.0710678118654755 -8.535533905932738 3.535533905932738 -7.0710678118654755 4.440892098500626e-16 0.0 -10.0
36.0 114.0 10 7.0710678118654755 0.0 8.535533905932738 3.5355339059327373 7.0710678118654755 7.071067811865475 3.535533905932738 8.535533905932738 4.440892098500626e-16 7.0710678118654755 -3.535533905932737 8.535533905932738 -7.071067811865475 7.0710678118654755 -8.535533905932738 3.535533905932738 -7.0710678118654755 4.440892098500626e-16 0.0 -10.0
29.0 52.0 10 7.0710678118654755 0.0 8.535533905932738 3.5355339059327373 7.0710678118654755 7.071067811865475 3.535533905932738 8.535533905932738 4.440892098500626e-16 7.0710678118654755 -3.535533905932737 8.535533905932738 -7.071067811865475 7.0710678118654755 -8.535533905932738 3.535533905932738 -7.0710678118654755 4.440892098500626e-16 0.0 -10.0
131.0 72.0 10 7.0710678118654755 0.0 8.535533905932738 3.5355339059327373 7.0710678118654755 7.071067811865475 3.535533905932738 8.535533905932738 4.440892098500626e-16 7.0710678118654755 -3.535533905932737 8.535533905932738 -7.071067811865475 7.0710678118654755 -8.535533905932738 3.535533905932738 -7.0710678118654755 4.440892098500626e-16 0.0 -10.0
128.0 87.0 10 7.0710678118654755 0.0 8.535533905932738 3.5355339059327373 7.0710678118654755 7.071067811865475 3.535533905932738 8.535533905932738 4.440892098500626e-16 7.0710678118654755 -3.535533905932737 8.535533905932738 -7.071067811865475 7.0710678118654755 -8.535533905932738 3.535533905932738 -7.0710678118654755 4.440892098500626e-16 0.0 -10.0
34.0 89.0 10 7.0710678118654755 0.0 8.535533905932738 3.5355339059327373 7.0710678118654755 7.071067811865475 3.535533905932738 8.535533905932738 4.440892098500626e-16 7.0710678118654755 -3.535533905932737 8.535533905932738 -7.071067811865475 7.0710678118654755 -8.535533905932738 3.535533905932738 -7.0710678118654755 4.440892098500626e-16 0.0 -10.0
118.0 119.0 10 7.0710678118654755 0.0 8.535533905932738 3.5355339059327373 7.0710678118654755 7.071067811865475 3.535533905932738 8.535533905932738 4.440892098500626e-16 7.0710678118654755 -3.535533905932737 8.535533905932738 -7.071067811865475 7.0710678118654755 -8.535533905932738 3.535533905932738 -7.0710678118654755 4.440892098500626e-16 0.0 -10.0
58.0 71.0 10 7.0710678118654755 0.0 8.535533905932738 3.5355339059327373 7.0710678118654755 7.071067811865475 3.535533905932738 8.535533905932738 4.440892098500626e-16 7.0710678118654755 -3.535533905932737 8.535533905932738 -7.071067811865475 7.0710678118654755 -8.535533905932738 3.535533905932738 -7.0710678118654755 4.440892098500626e-16 0.0 -10.0
35.0 107.0 10 7.0710678118654755 0.0 8.535533905932738 3.5355339059327373 7.0710678118654755 7.071067811865475 3.535533905932738 8.535533905932738 4.440892098500626e-16 7.0710678118654755 -3.535533905932737 8.535533905932738 -7.071067811865475 7.0710678118654755 -8.535533905932738 3.535533905932738 -7.0710678118654755 4.440892098500626e-16 0.0 -10.0
135.0 89.0 10 7.0710678118654755 0.0 8.535533905932738 3.5355339059327373 7.0710678118654755 7.071067811865475 3.535533905932738 8.535533905932738 4.440892098500626e-16 7.0710678118654755 -3.535533905932737 8.535533905932738 -7.071067811865475 7.0710678118654755 -8.535533905932738 3.535533905932738 -7.0710678118654755 4.440892098500626e-16 0.0 -10.0
103.0 117.0 10 7.0710678118654755 0.0 8.535533905932738 3.5355339059327373 7.0710678118654755 7.071067811865475 3.535533905932738 8.535533905932738 4.440892098500626e-16 7.0710678118654755 -3.535533905932737 8.535533905932738 -7.071067811865475 7.0710678118654755 -8.535533905932738 3.535533905932738 -7.0710678118654755 4.440892098500626e-16 0.0 -10.0
37.0 59.0 10 7.0710678118654755 0.0 8.535533905932738 3.5355339059327373 7.0710678118654755 7.071067811865475 3.535533905932738 8.535533905932738 4.440892098500626e-16 7.0710678118654755 -3.535533905932737 8.535533905932738 -7.071067811865475 7.0710678118654755 -8.535533905932738 3.535533905932738 -7.0710678118654755 4.440892098500626e-16 0.0 -10.0
125.0 54.0 10 7.0710678118654755 0.0 8.535533905932738 3.5355339059327373 7.0710678118654755 7.071067811865475 3.535533905932738 8.535533905932738 4.440892098500626e-16 7.0710678118654755 -3.535533905932737 8.535533905932738 -7.071067811865475 7.0710678118654755 -8.535533905932738 3.535533905932738 -7.0710678118654755 4.440892098500626e-16 0.0 -10.0
