100
92.0 83.0 10 7.0710678118654755 0.0 8.535533905932738 3.5355339059327373 7.0710678118654755 7.071067811865475 3.535533905932738 8.535533905932738 4.440892098500626e-16 7.0710678118654755 -3.535533905932737 8.535533905932738 -7.071067811865475 7.0710678118654755 -8.535533905932738 3.535533905932738 -7.0710678118654755 4.440892098500626e-16 0.0 -10.0
72.0 64.0 10 7.0710678118654755 0.0 8.535533905932738 3.5355339059327373 7.0710678118654755 7.071067811865475 3.535533905932738 8.535533905932738 4.440892098500626e-16 7.0710678118654755 -3.535533905932737 8.535533905932738 -7.071067811865475 7.0710678118654755 -8.535533905932738 3.535533905932738 -7.0710678118654755 4.440892098500626e-16 0.0 -10.0
96.0 80.0 10 7.0710678118654755 0.0 8.535533905932738 3.5355339059327373 7.0710678118654755 7.071067811865475 3.535533905932738 8.535533905932738 4.440892098500626e-16 7.0710678118654755 -3.535533905932737 8.535533905932738 -7.071067811865475 7.0710678118654755 -8.535533905932738 3.535533905932738 -7.0710678118654755 4.440892098500626e-16 0.0 -10.0
110.0 56.0 10 7.0710678118654755 0.0 8.535533905932738 3.5355339059327373 7.0710678118654755 7.071067811865475 3.535533905932738 8.535533905932738 4.440892098500626e-16 7.0710678118654755 -3.535533905932737 8.535533905932738 -7.071067811865475 7.0710678118654755 -8.535533905932738 3.535533905932738 -7.0710678118654755 4.440892098500626e-16 0.0 -10.0
78.0 121.0 10 7.0710678118654755 0.0 8.535533905932738 3.5355339059327373 7.0710678118654755 7.071067811865475 3.535533905932738 8.535533905932738 4.440892098500626e-16 7.0710678118654755 -3.535533905932737 8.535533905932738 -7.071067811865475 7.0710678118654755 -8.535533905932738 3.535533905932738 -7.0710678118654755 4.440892098500626e-16 0.0 -10.0
122.0 98.0 10 7.0710678118654755 0.0 8.535533905932738 3.5355339059327373 7.0710678118654755 7.071067811865475 3.535533905932738 8.535533905932738 4.440892098500626e-16 7.0710678118654755 -3.535533905932737 8.535533905932738 -7.071067811865475 7.0710678118654755 -8.535533905932738 3.535533905932738 -7.0710678118654755 4.440892098500626e-16 0.0 -10.0
26.0 89.0 10 7.0710678118654755 0.0 8.535533905932738 3.5355339059327373 7.0710678118654755 7.071067811865475 3.535533905932738 8.535533905932738 4.440892098500626e-16 7.0710678118654755 -3.535533905932737 8.535533905932738 -7.071067811865475 7.0710678118654755 -8.535533905932738 3.535533905932738 -7.0710678118654755 4.440892098500626e-16 0.0 -10.0
123.0 76.0 10 7.0710678118654755 0.0 8.535533905932738 3.5355339059327373 7.0710678118654755 7.071067811865475 3.535533905932738 8.535533905932738 4.440892098500626e-16 7.0710678118654755 -3.535533905932737 8.535533905932738 -7.071067811865475 7.0710678118654755 -8.535533905932738 3.535533905932738 -7.0710678118654755 4.440892098500626e-16 0.0 -10.0
67.0 82.0 10 7.0710678118654755 0.0 8.535533905932738 3.5355339059327373 7.0710678118654755 7.071067811865475 3.535533905932738 8.535533905932738 4.440892098500626e-16 7.0710678118654755 -3.535533905932737 8.535533905932738 -7.071067811865475 7.0710678118654755 -8.535533905932738 3.535533905932738 -7.0710678118654755 4.440892098500626e-16 0.0 -10.0
152.0 142.0 10 7.0710678118654755 0.0 8.535533905932738 3.5355339059327373 7.0710678118654755 7.071067811865475 3.535533905932738 8.535533905932738 4.440892098500626e-16 7.0710678118654755 -3.535533905932737 8.535533905932738 -7.071067811865475 7.0710678118654755 -8.535533905932738 3.535533905932738 -7.0710678118654755 4.440892098500626e-16 0.0 -10.0
48.0 65.0 10 7.0710678118654755 0.0 8.535533905932738 3.5355339059327373 7.0710678118654755 7.071067811865475 3.535533905932738 8.535533905932738 4.440892098500626e-16 7.0710678118654755 -3.535533905932737 8.535533905932738 -7.071067811865475 7.0710678118654755 -8.535533905932738 3.535533905932738 -7.0710678118654755 4.440892098500626e-16 0.0 -10.0
98.0 90.0 10 7.0710678118654755 0.0 8.535533905932738 3.5355339059327373 7.0710678118654755 7.071067811865475 3.535533905932738 8.535533905932738 4.440892098500626e-16 7.0710678118654755 -3.535533905932737 8.535533905932738 -7.071067811865475 7.0710678118654755 -8.535533905932738 3.535533905932738 -7.0710678118654755 4.440892098500626e-16 0.0 -10.0
60.0 108.0 10 7.0710678118654755 0.0 8.535533905932738 3.5355339059327373 7.0710678118654755 7.071067811865475 3.535533905932738 8.535533905932738 4.440892098500626e-16 7.0710678118654755 -3.535533905932737 8.535533905932738 -7.071067811865475 7.0710678118654755 -8.535533905932738 3.535533905932738 -7.0710678118654755 4.440892098500626e-16 0.0 -10.0
104.0 113.0 10 7.0710678118654755 0.0 8.535533905932738 3.5355339059327373 7.0710678118654755 7.071067811865475 3.535533905932738 8.535533905932738 4.440892098500626e-16 7.0710678118654755 -3.535533905932737 8.535533905932738 -7.071067811865475 7.0710678118654755 -8.535533905932738 3.535533905932738 -7.0710678118654755 4.440892098500626e-16 0.0 -10.0
110.0 69.0 10 7.0710678118654755 0.0 8.535533905932738 3.5355339059327373 7.0710678118654755 7.071067811865475 3.535533905932738 8.535533905932738 4.440892098500626e-16 7.0710678118654755 -3.535533905932737 8.535533905932738 -7.071067811865475 7.0710678118654755 -8.535533905932738 3.535533905932738 -7.0710678118654755 4.440892098500626e-16 0.0 -10.0
92.0 118.0 10 7.0710678118654755 0.0 8.535533905932738 3.5355339059327373 7.0710678118654755 7.071067811865475 3.535533905932738 8.535533905932738 4.440892098500626e-16 7.0710678118654755 -3.535533905932737 8.535533905932738 -7.071067811865475 7.0710678118654755 -8.535533905932738 3.535533905932738 -7.0710678118654755 4.440892098500626e-16 0.0 -10.0
104.0 68.0 10 7.0710678118654755 0.0 8.535533905932738 3.5355339059327373 7.0710678118654755 7.071067811865475 3.535533905932738 8.535533905932738 4.440892098500626e-16 7.0710678118654755 -3.535533905932737 8.535533905932738 -7.071067811865475 7.0710678118654755 -8.535533905932738 3.535533905932738 -7.0710678118654755 4.440892098500626e-16 0.0 -10.0
46.0 94.0 10 7.0710678118654755 0.0 8.535533905932738 3.5355339059327373 7.0710678118654755 7.071067811865475 3.535533905932738 8.535533905932738 4.440892098500626e-16 7.0710678118654755 -3.535533905932737 8.535533905932738 -7.071067811865475 7.0710678118654755 -8.535533905932738 3.535533905932738 -7.0710678118654755 4.440892098500626e-16 0.0 -10.0
65.0 123.0 10 7.0710678118654755 0.0 8.535533905932738 3.5355339059327373 7.0710678118654755 7.071067811865475 3.535533905932738 8.535533905932738 4.440892098500626e-16 7.0710678118654755 -3.535533905932737 8.535533905932738 -7.071067811865475 7.0710678118654755 -8.535533905932738 3.535533905932738 -7.0710678118654755 4.440892098500626e-16 0.0 -10.0
123.0 64.0 10 7.0710678118654755 0.0 8.535533905932738 3.5355339059327373 7.0710678118654755 7.071067811865475 3.535533905932738 8.535533905932738 4.440892098500626e-16 7.0710678118654755 -3.535533905932737 8.535533905932738 -7.071067811865475 7.0710678118654755 -8.535533905932738 3.535533905932738 -7.0710678118654755 4.440892098500626e-16 0.0 -10.0
132.0 97.0 10 7.0710678118654755 0.0 8.535533905932738 3.5355339059327373 7.0710678118654755 7.071067811865475 3.535533905932738 8.535533905932738 4.440892098500626e-16 7.0710678118654755 -3.535533905932737 8.535533905932738 -7.071067811865475 7.0710678118654755 -8.535533905932738 3.535533905932738 -7.0710678118654755 4.440892098500626e-16 0.0 -10.0
49.0 25.0 10 7.0710678118654755 0.0 8.535533905932738 3.5355339059327373 7.0710678118654755 7.071067811865475 3.535533905932738 8.535533905932738 4.440892098500626e-16 7.0710678118654755 -3.535533905932737 8.535533905932738 -7.071067811865475 7.0710678118654755 -8.535533905932738 3.535533905932738 -7.0710678118654755 4.440892098500626e-16 0.0 -10.0
136.0 76.0 10 7.0710678118654755 0.0 8.535533905932738 3.5355339059327373 7.0710678118654755 7.071067811865475 3.535533905932738 8.535533905932738 4.440892098500626e-16 7.0710678118654755 -3.535533905932737 8.535533905932738 -7.071067811865475 7.0710678118654755 -8.535533905932738 3.535533905932738 -7.0710678118654755 4.440892098500626e-16 0.0 -10.0
44.0 81.0 10 7.0710678118654755 0.0 8.535533905932738 3.5355339059327373 7.0710678118654755 7.071067811865475 3.535533905932738 8.535533905932738 4.440892098500626e-16 7.0710678118654755 -3.535533905932737 8.535533905932738 -7.071067811865475 7.0710678118654755 -8.535533905932738 3.535533905932738 -7.0710678118654755 4.440892098500626e-16 0.0 -10.0
60.0 101.0 10 7.0710678118654755 0.0 8.535533905932738 3.5355339059327373 7.0710678118654755 7.071067811865475 3.535533905932738 8.535533905932738 4.440892098500626e-16 7.0710678118654755 -3.535533905932737 8.535533905932738 -7.071067811865475 7.0710678118654755 -8.535533905932738 3.535533905932738 -7.0710678118654755 4.440892098500626e-16 0.0 -10.0
105.0 79.0 10 7.0710678118654755 0.0 8.535533905932738 3.5355339059327373 7.0710678118654755 7.071067811865475 3.535533905932738 8.535533905932738 4.440892098500626e-16 7.0710678118654755 -3.535533905932737 8.535533905932738 -7.071067811865475 7.0710678118654755 -8.535533905932738 3.535533905932738 -7.0710678118654755 4.440892098500626e-16 0.0 -10.0
91.0 110.0 10 7.0710678118654755 0.0 8.535533905932738 3.5355339059327373 7.0710678118654755 7.071067811865475 3.535533905932738 8.535533905932738 4.440892098500626e-16 7.0710678118654755 -3.535533905932737 8.535533905932738 -7.071067811865475 7.0710678118654755 -8.535533905932738 3.535533905932738 -7.0710678118654755 4.440892098500626e-16 0.0 -10.0
79.0 86.0 10 7.0710678118654755 0.0 8.535533905932738 3.5355339059327373 7.0710678118654755 7.071067811865475 3.535533905932738 8.535533905932738 4.440892098500626e-16 7.0710678118654755 -3.535533905932737 8.535533905932738 -7.071067811865475 7.0710678118654755 -8.535533905932738 3.535533905932738 -7.0710678118654755 4.440892098500626e-16 0.0 -10.0
116.0 73.0 10 7.0710678118654755 0.0 8.535533905932738 3.5355339059327373 7.0710678118654755 7.071067811865475 3.535533905932738 8.535533905932738 4.440892098500626e-16 7.0710678118654755 -3.535533905932737 8.535533905932738 -7.071067811865475 7.0710678118654755 -8.535533905932738 3.535533905932738 -7.0710678118654755 4.440892098500626e-16 0.0 -10.0
125.0 112.0 10 7.0710678118654755 0.0 8.535533905932738 3.5355339059327373 7.0710678118654755 7.071067811865475 3.535533905932738 8.535533905932738 4.440892098500626e-16 7.0710678118654755 -3.535533905932737 8.535533905932738 -7.071067811865475 7.0710678118654755 -8.535533905932738 3.535533905932738 -7.0710678118654755 4.440892098500626e-16 0.0 -10.0
111.0 39.0 10 7.0710678118654755 0.0 8.535533905932738 3.5355339059327373 7.0710678118654755 7.071067811865475 3.535533905932738 8.535533905932738 4.440892098500626e-16 7.0710678118654755 -3.535533905932737 8.535533905932738 -7.071067811865475 7.0710678118654755 -8.535533905932738 3.535533905932738 -7.0710678118654755 4.440892098500626e-16 0.0 -10.0
76.0 95.0 10 7.0710678118654755 0.0 8.535533905932738 3.5355339059327373 7.0710678118654755 7.071067811865475 3.535533905932738 8.535533905932738 4.440892098500626e-16 7.0710678118654755 -3.535533905932737 8.535533905932738 -7.071067811865475 7.0710678118654755 -8.535533905932738 3.535533905932738 -7.0710678118654755 4.440892098500626e-16 0.0 -10.0
58.0 68.0 10 7.0710678118654755 0.0 8.535533905932738 3.5355339059327373 7.0710678118654755 7.071067811865475 3.535533905932738 8.535533905932738 4.440892098500626e-16 7.0710678118654755 -3.535533905932737 8.535533905932738 -7.071067811865475 7.0710678118654755 -8.535533905932738 3.535533905932738 -7.0710678118654755 4.440892098500626e-16 0.0 -10.0
64.0 107.0 10 7.0710678118654755 0.0 8.535533905932738 3.5355339059327373 7.0710678118654755 7.071067811865475 3.535533905932738 8.535533905932738 4.440892098500626e-16 7.0710678118654755 -3.535533905932737 8.535533905932738 -7.071067811865475 7.0710678118654755 -8.535533905932738 3.535533905932738 -7.0710678118654755 4.440892098500626e-16 0.0 -10.0
88.0 89.0 10 7.0710678118654755 0.0 8.535533905932738 3.5355339059327373 7.0710678118654755 7.071067811865475 3.535533905932738 8.535533905932738 4.440892098500626e-16 7.0710678118654755 -3.535533905932737 8.535533905932738 -7.071067811865475 7.0710678118654755 -8.535533905932738 3.535533905932738 -7.0710678118654755 4.440892098500626e-16 0.0 -10.0
71.0 86.0 10 7.0710678118654755 0.0 8.535533905932738 3.5355339059327373 7.0710678118654755 7.071067811865475 3.535533905932738 8.535533905932738 4.440892098500626e-16 7.0710678118654755 -3.535533905932737 8.535533905932738 -7.071067811865475 7.0710678118654755 -8.535533905932738 3.535533905932738 -7.0710678118654755 4.440892098500626e-16 0.0 -10.0
82.0 100.0 10 7.0710678118654755 0.0 8.535533905932738 3.5355339059327373 7.0710678118654755 7.071067811865475 3.535533905932738 8.535533905932738 4.440892098500626e-16 7.0710678118654755 -3.535533905932737 8.535533905932738 -7.071067811865475 7.0710678118654755 -8.535533905932738 3.535533905932738 -7.0710678118654755 4.440892098500626e-16 0.0 -10.0
85.0 64.0 10 7.0710678118654755 0.0 8.535533905932738 3.5355339059327373 7.0710678118654755 7.071067811865475 3.535533905932738 8.535533905932738 4.440892098500626e-16 7.0710678118654755 -3.535533905932737 8.535533905932738 -7.071067811865475 7.0710678118654755 -8.535533905932738 3.535533905932738 -7.0710678118654755 4.440892098500626e-16 0.0 -10.0
88.0 96.0 10 7.0710678118654755 0.0 8.535533905932738 3.5355339059327373 7.0710678118654755 7.071067811865475 3.535533905932738 8.535533905932738 4.440892098500626e-16 7.0710678118654755 -3.535533905932737 8.535533905932738 -7.071067811865475 7.0710678118654755 -8.535533905932738 3.535533905932738 -7.0710678118654755 4.440892098500626e-16 0.0 -10.0
119.0 80.0 10 7.0710678118654755 0.0 8.535533905932738 3.5355339059327373 7.0710678118654755 7.071067811865475 3.535533905932738 8.535533905932738 4.440892098500626e-16 7.0710678118654755 -3.535533905932737 8.535533905932738 -7.071067811865475 7.0710678118654755 -8.535533905932738 3.535533905932738 -7.0710678118654755 4.440892098500626e-16 0.0 -10.0
84.0 41.0 10 7.0710678118654755 0.0 8.535533905932738 3.5355339059327373 7.0710678118654755 7.071067811865475 3.535533905932738 8.535533905932738 4.440892098500626e-16 7.0710678118654755 -3.535533905932737 8.535533905932738 -7.071067811865475 7.0710678118654755 -8.535533905932738 3.535533905932738 -7.0710678118654755 4.440892098500626e-16 0.0 -10.0
73.0 99.0 10 7.0710678118654755 0.0 8.535533905932738 3.5355339059327373 7.0710678118654755 7.071067811865475 3.535533905932738 8.535533905932738 4.440892098500626e-16 7.0710678118654755 -3.535533905932737 8.535533905932738 -7.071067811865475 7.0710678118654755 -8.535533905932738 3.535533905932738 -7.0710678118654755 4.440892098500626e-16 0.0 -10.0
70.0 137.0 10 7.0710678118654755 0.0 8.535533905932738 3.5355339059327373 7.0710678118654755 7.071067811865475 3.535533905932738 8.535533905932738 4.440892098500626e-16 7.0710678118654755 -3.535533905932737 8.535533905932738 -7.071067811865475 7.0710678118654755 -8.535533905932738 3.535533905932738 -7.0710678118654755 4.440892098500626e-16 0.0 -10.0
112.0 86.0 10 7.0710678118654755 0.0 8.535533905932738 3.5355339059327373 7.0710678118654755 7.071067811865475 3.535533905932738 8.535533905932738 4.440892098500626e-16 7.0710678118654755 -3.535533905932737 8.535533905932738 -7.071067811865475 7.0710678118654755 -8.535533905932738 3.535533905932738 -7.0710678118654755 4.440892098500626e-16 0.0 -10.0
76.0 76.0 10 7.0710678118654755 0.0 8.535533905932738 3.5355339059327373 7.0710678118654755 7.071067811865475 3.535533905932738 8.535533905932738 4.440892098500626e-16 7.0710678118654755 -3.535533905932737 8.535533905932738 -7.071067811865475 7.0710678118654755 -8.535533905932738 3.535533905932738 -7.0710678118654755 4.440892098500626e-16 0.0 -10.0
71.0 36.0 10 7.0710678118654755 0.0 8.535533905932738 3.5355339059327373 7.0710678118654755 7.071067811865475 3.535533905932738 8.535533905932738 4.440892098500626e-16 7.0710678118654755 -3.535533905932737 8.535533905932738 -7.071067811865475 7.0710678118654755 -8.535533905932738 3.535533905932738 -7.0710678118654755 4.440892098500626e-16 0.0 -10.0
54.0 43.0 10 7.0710678118654755 0.0 8.535533905932738 3.5355339059327373 7.0710678118654755 7.071067811865475 3.535533905932738 8.535533905932738 4.440892098500626e-16 7.0710678118654755 -3.535533905932737 8.535533905932738 -7.071067811865475 7.0710678118654755 -8.535533905932738 3.535533905932738 -7.0710678118654755 4.440892098500626e-16 0.0 -10.0
96.0 128.0 10 7.0710678118654755 0.0 8.535533905932738 3.5355339059327373 7.0710678118654755 7.071067811865475 3.535533905932738 8.535533905932738 4.440892098500626e-16 7.0710678118654755 -3.535533905932737 8.535533905932738 -7.071067811865475 7.0710678118654755 -8.535533905932738 3.535533905932738 -7.0710678118654755 4.440892098500626e-16 0.0 -10.0
141.0 107.0 10 7.0710678118654755 0.0 8.535533905932738 3.5355339059327373 7.0710678118654755 7.071067811865475 3.535533905932738 8.535533905932738 4.440892098500626e-16 7.0710678118654755 -3.535533905932737 8.535533905932738 -7.071067811865475 7.0710678118654755 -8.535533905932738 3.535533905932738 -7.0710678118654755 4.440892098500626e-16 0.0 -10.0
80.0 109.0 10 7.0710678118654755 0.0 8.535533905932738 3.5355339059327373 7.0710678118654755 7.071067811865475 3.535533905932738 8.535533905932738 4.440892098500626e-16 7.0710678118654755 -3.535533905932737 8.535533905932738 -7.071067811865475 7.0710678118654755 -8.535533905932738 3.535533905932738 -7.0710678118654755 4.440892098500626e-16 0.0 -10.0
71.0 52.0 10 7.0710678118654755 0.0 8.535533905932738 3.5355339059327373 7.0710678118654755 7.071067811865475 3.535533905932738 8.535533905932738 4.440892098500626e-16 7.0710678118654755 -3.535533905932737 8.535533905932738 -7.071067811865475 7.0710678118654755 -8.535533905932738 3.535533905932738 -7.0710678118654755 4.440892098500626e-16 0.0 -10.0
96.0 121.0 10 7.0710678118654755 0.0 8.535533905932738 3.5355339059327373 7.0710678118654755 7.071067811865475 3.535533905932738 8.535533905932738 4.440892098500626e-16 7.0710678118654755 -3.535533905932737 8.535533905932738 -7.071067811865475 7.0710678118654755 -8.535533905932738 3.535533905932738 -7.0710678118654755 4.440892098500626e-16 0.0 -10.0
118.0 127.0 10 7.0710678118654755 0.0 8.535533905932738 3.5355339059327373 7.0710678118654755 7.071067811865475 3.535533905932738 8.535533905932738 4.440892098500626e-16 7.0710678118654755 -3.535533905932737 8.535533905932738 -7.071067811865475 7.0710678118654755 -8.535533905932738 3.535533905932738 -7.0710678118654755 4.440892098500626e-16 0.0 -10.0
118.0 104.0 10 7.0710678118654755 0.0 8.535533905932738 3.5355339059327373 7.0710678118654755 7.071067811865475 3.535533905932738 8.535533905932738 4.440892098500626e-16 7.0710678118654755 -3.535533905932737 8.535533905932738 -7.071067811865475 7.0710678118654755 -8.535533905932738 3.535533905932738 -7.0710678118654755 4.440892098500626e-16 0.0 -10.0
59.0 56.0 10 7.0710678118654755 0.0 8.535533905932738 3.5355339059327373 7.0710678118654755 7.071067811865475 3.535533905932738 8.535533905932738 4.440892098500626e-16 7.0710678118654755 -3.535533905932737 8.535533905932738 -7.071067811865475 7.0710678118654755 -8.535533905932738 3.535533905932738 -7.0710678118654755 4.440892098500626e-16 0.0 -10.0
40.0 91.0 10 7.0710678118654755 0.0 8.535533905932738 3.5355339059327373 7.0710678118654755 7.071067811865475 3.535533905932738 8.535533905932738 4.440892098500626e-16 7.0710678118654755 -3.535533905932737 8.535533905932738 -7.071067811865475 7.0710678118654755 -8.535533905932738 3.535533905932738 -7.0710678118654755 4.440892098500626e-16 0.0 -10.0
101.0 141.0 10 7.0710678118654755 0.0 8.535533905932738 3.5355339059327373 7.0710678118654755 7.071067811865475 3.535533905932738 8.535533905932738 4.440892098500626e-16 7.0710678118654755 -3.535533905932737 8.535533905932738 -7.071067811865475 7.0710678118654755 -8.535533905932738 3.535533905932738 -7.0710678118654755 4.440892098500626e-16 0.0 -10.0
48.0 105.0 10 7.0710678118654755 0.0 8.535533905932738 3.5355339059327373 7.0710678118654755 7.071067811865475 3.535533905932738 8.535533905932738 4.440892098500626e-16 7.0710678118654755 -3.535533905932737 8.535533905932738 -7.071067811865475 7.0710678118654755 -8.535533905932738 3.535533905932738 -7.0710678118654755 4.440892098500626e-16 0.0 -10.0
107.0 81.0 10 7.0710678118654755 0.0 8.535533905932738 3.5355339059327373 7.0710678118654755 7.071067811865475 3.535533905932738 8.535533905932738 4.440892098500626e-16 7.0710678118654755 -3.535533905932737 8.535533905932738 -7.071067811865475 7.0710678118654755 -8.535533905932738 3.535533905932738 -7.0710678118654755 4.440892098500626e-16 0.0 -10.0
38.0 108.0 10 7.0710678118654755 0.0 8.535533905932738 3.5355339059327373 7.0710678118654755 7.071067811865475 3.535533905932738 8.535533905932738 4.440892098500626e-16 7.0710678118654755 -3.535533905932737 8.535533905932738 -7.071067811865475 7.0710678118654755 -8.535533905932738 3.535533905932738 -7.0710678118654755 4.440892098500626e-16 0.0 -10.0
73.0 58.0 10 7.0710678118654755 0.0 8.535533905932738 3.5355339059327373 7.0710678118654755 7.071067811865475 3.535533905932738 8.535533905932738 4.440892098500626e-16 7.0710678118654755 -3.535533905932737 8.535533905932738 -7.071067811865475 7.0710678118654755 -8.535533905932738 3.535533905932738 -7.0710678118654755 4.440892098500626e-16 0.0 -10.0
94.0 71.0 10 7.0710678118654755 0.0 8.535533905932738 3.5355339059327373 7.0710678118654755 7.071067811865475 3.535533905932738 8.535533905932738 4.440892098500626e-16 7.0710678118654755 -3.535533905932737 8.535533905932738 -7.071067811865475 7.0710678118654755 -8.535533905932738 3.535533905932738 -7.0710678118654755 4.440892098500626e-16 0.0 -10.0
131.0 82.0 10 7.0710678118654755 0.0 8.535533905932738 3.5355339059327373 7.0710678118654755 7.071067811865475 3.535533905932738 8.535533905932738 4.440892098500626e-16 7.0710678118654755 -3.535533905932737 8.535533905932738 -7.071067811865475 7.0710678118654755 -8.535533905932738 3.535533905932738 -7.0710678118654755 4.440892098500626e-16 0.0 -10.0
94.0 63.0 10 7.0710678118654755 0.0 8.535533905932738 3.5355339059327373 7.0710678118654755 7.071067811865475 3.535533905932738 8.535533905932738 4.440892098500626e-16 7.0710678118654755 -3.535533905932737 8.535533905932738 -7.071067811865475 7.0710678118654755 -8.535533905932738 3.535533905932738 -7.0710678118654755 4.440892098500626e-16 0.0 -10.0
88.0 134.0 10 7.0710678118654755 0.0 8.535533905932738 3.5355339059327373 7.0710678118654755 7.071067811865475 3.535533905932738 8.535533905932738 4.440892098500626e-16 7.0710678118654755 -3.535533905932737 8.535533905932738 -7.071067811865475 7.0710678118654755 -8.535533905932738 3.535533905932738 -7.0710678118654755 4.440892098500626e-16 0.0 -10.0
47.0 58.0 10 7.0710678118654755 0.0 8.535533905932738 3.5355339059327373 7.0710678118654755 7.071067811865475 3.535533905932738 8.535533905932738 4.440892098500626e-16 7.0710678118654755 -3.535533905932737 8.535533905932738 -7.071067811865475 7.0710678118654755 -8.535533905932738 3.535533905932738 -7.0710678118654755 4.440892098500626e-16 0.0 -10.0
114.0 114.0 10 7.0710678118654755 0.0 8.535533905932738 3.5355339059327373 7.0710678118654755 7.071067811865475 3.535533905932738 8.535533905932738 4.440892098500626e-16 7.0710678118654755 -3.535533905932737 8.535533905932738 -7.071067811865475 7.0710678118654755 -8.535533905932738 3.535533905932738 -7.0710678118654755 4.440892098500626e-16 0.0 -10.0
110.0 100.0 10 7.0710678118654755 0.0 8.535533905932738 3.5355339059327373 7.0710678118654755 7.071067811865475 3.535533905932738 8.535533905932738 4.440892098500626e-16 7.0710678118654755 -3.535533905932737 8.535533905932738 -7.071067811865475 7.0710678118654755 -8.535533905932738 3.535533905932738 -7.0710678118654755 4.440892098500626e-16 0.0 -10.0
56.0 116.0 10 7.0710678118654755 0.0 8.535533905932738 3.5355339059327373 7.0710678118654755 7.071067811865475 3.535533905932738 8.535533905932738 4.440892098500626e-16 7.0710678118654755 -3.535533905932737 8.535533905932738 -7.071067811865475 7.0710678118654755 -8.535533905932738 3.535533905932738 -7.0710678118654755 4.440892098500626e-16 0.0 -10.0
76.0 38.0 10 7.0710678118654755 0.0 8.535533905932738 3.5355339059327373 7.0710678118654755 7.071067811865475 3.535533905932738 8.535533905932738 4.440892098500626e-16 7.0710678118654755 -3.535533905932737 8.535533905932738 -7.071067811865475 7.0710678118654755 -8.535533905932738 3.535533905932738 -7.0710678118654755 4.440892098500626e-16 0.0 -10.0
64.0 116.0 10 7.0710678118654755 0.0 8.535533905932738 3.5355339059327373 7.0710678118654755 7.071067811865475 3.535533905932738 8.535533905932738 4.440892098500626e-16 7.0710678118654755 -3.535533905932737 8.535533905932738 -7.071067811865475 7.0710678118654755 -8.535533905932738 3.535533905932738 -7.0710678118654755 4.440892098500626e-16 0.0 -10.0
64.0 90.0 10 7.0710678118654755 0.0 8.535533905932738 3.5355339059327373 7.0710678118654755 7.071067811865475 3.535533905932738 8.535533905932738 4.440892098500626e-16 7.0710678118654755 -3.535533905932737 8.535533905932738 -7.071067811865475 7.0710678118654755 -8.535533905932738 3.535533905932738 -7.0710678118654755 4.440892098500626e-16 0.0 -10.0
95.0 113.0 10 7.0710678118654755 0.0 8.535533905932738 3.5355339059327373 7.0710678118654755 7.071067811865475 3.535533905932738 8.535533905932738 4.440892098500626e-16 7.0710678118654755 -3.535533905932737 8.535533905932738 -7.071067811865475 7.0710678118654755 -8.535533905932738 3.535533905932738 -7.0710678118654755 4.440892098500626e-16 0.0 -10.0
95.0 104.0 10 7.0710678118654755 0.0 8.535533905932738 3.5355339059327373 7.0710678118654755 7.071067811865475 3.535533905932738 8.535533905932738 4.440892098500626e-16 7.0710678118654755 -3.535533905932737 8.535533905932738 -7.071067811865475 7.0710678118654755 -8.535533905932738 3.535533905932738 -7.0710678118654755 4.440892098500626e-16 0.0 -10.0
122.0 119.0 10 7.0710678118654755 0.0 8.535533905932738 3.5355339059327373 7.0710678118654755 7.071067811865475 3.535533905932738 8.535533905932738 4.440892098500626e-16 7.0710678118654755 -3.535533905932737 8.535533905932738 -7.071067811865475 7.0710678118654755 -8.535533905932738 3.535533905932738 -7.0710678118654755 4.440892098500626e-16 0.0 -10.0
134.0 44.0 10 7.0710678118654755 0.0 8.535533905932738 3.5355339059327373 7.0710678118654755 7.071067811865475 3.535533905932738 8.535533905932738 4.440892098500626e-16 7.0710678118654755 -3.535533905932737 8.535533905932738 -7.071067811865475 7.0710678118654755 -8.535533905932738 3.535533905932738 -7.0710678118654755 4.440892098500626e-16 0.0 -10.0
67.0 77.0 10 7.0710678118654755 0.0 8.535533905932738 3.5355339059327373 7.0710678118654755 7.071067811865475 3.535533905932738 8.535533905932738 4.440892098500626e-16 7.0710678118654755 -3.535533905932737 8.535533905932738 -7.071067811865475 7.0710678118654755 -8.535533905932738 3.535533905932738 -7.0710678118654755 4.440892098500626e-16 0.0 -10.0
24.0 106.0 10 7.0710678118654755 0.0 8.535533905932738 3.5355339059327373 7.0710678118654755 7.071067811865475 3.535533905932738 8.535533905932738 4.440892098500626e-16 7.0710678118654755 -3.535533905932737 8.535533905932738 -7.071067811865475 7.0710678118654755 -8.535533905932738 3.535533905932738 -7.0710678118654755 4.440892098500626e-16 0.0 -10.0
105.0 87.0 10 7.0710678118654755 0.0 8.535533905932738 3.5355339059327373 7.0710678118654755 7.071067811865475 3.535533905932738 8.535533905932738 4.440892098500626e-16 7.0710678118654755 -3.535533905932737 8.535533905932738 -7.071067811865475 7.0710678118654755 -8.535533905932738 3.535533905932738 -7.0710678118654755 4.440892098500626e-16 0.0 -10.0
102.0 58.0 10 7.0710678118654755 0.0 8.535533905932738 3.5355339059327373 7.0710678118654755 7.071067811865475 3.535533905932738 8.535533905932738 4.440892098500626e-16 7.0710678118654755 -3.535533905932737 8.535533905932738 -7.071067811865475 7.0710678118654755 -8.535533905932738 3.535533905932738 -7.0710678118654755 4.440892098500626e-16 0.0 -10.0
98.0 74.0 10 7.0710678118654755 0.0 8.535533905932738 3.5355339059327373 7.0710678118654755 7.071067811865475 3.535533905932738 8.535533905932738 4.440892098500626e-16 7.0710678118654755 -3.535533905932737 8.535533905932738 -7.071067811865475 7.0710678118654755 -8.535533905932738 3.535533905932738 -7.0710678118654755 4.440892098500626e-16 0.0 -10.0
87.0 58.0 10 7.0710678118654755 0.0 8.535533905932738 3.5355339059327373 7.0710678118654755 7.071067811865475 3.535533905932738 8.535533905932738 4.440892098500626e-16 7.0710678118654755 -3.535533905932737 8.535533905932738 -7.071067811865475 7.0710678118654755 -8.535533905932738 3.535533905932738 -7.0710678118654755 4.440892098500626e-16 0.0 -10.0
107.0 105.0 10 7.0710678118654755 0.0 8.535533905932738 3.5355339059327373 7.0710678118654755 7.071067811865475 3.535533905932738 8.535533905932738 4.440892098500626e-16 7.0710678118654755 -3.535533905932737 8.535533905932738 -7.071067811865475 7.0710678118654755 -8.535533905932738 3.535533905932738 -7.0710678118654755 4.440892098500626e-16 0.0 -10.0
63.0 95.0 10 7.0710678118654755 0.0 8.535533905932738 3.5355339059327373 7.0710678118654755 7.071067811865475 3.535533905932738 8.535533905932738 4.440892098500626e-16 7.0710678118654755 -3.535533905932737 8.535533905932738 -7.071067811865475 7.0710678118654755 -8.535533905932738 3.535533905932738 -7.0710678118654755 4.440892098500626e-16 0.0 -10.0
109.0 62.0 10 7.0710678118654755 0.0 8.535533905932738 3.5355339059327373 7.0710678118654755 7.071067811865475 3.535533905932738 8.535533905932738 4.440892098500626e-16 7.0710678118654755 -3.535533905932737 8.535533905932738 -7.071067811865475 7.0710678118654755 -8.535533905932738 3.535533905932738 -7.0710678118654755 4.440892098500626e-16 0.0 -10.0
31.0 70.0 10 7.0710678118654755 0.0 8.535533905932738 3.5355339059327373 7.0710678118654755 7.071067811865475 3.535533905932738 8.535533905932738 4.440892098500626e-16 7.0710678118654755 -3.535533905932737 8.535533905932738 -7.071067811865475 7.0710678118654755 -8.535533905932738 3.535533905932738 -7.0710678118654755 4.440892098500626e-16 0.0 -10.0
94.0 37.0 10 7.0710678118654755 0.0 8.535533905932738 3.5355339059327373 7.0710678118654755 7.071067811865475 3.535533905932738 8.535533905932738 4.440892098500626e-16 7.0710678118654755 -3.535533905932737 8.535533905932738 -7.071067811865475 7.0710678118654755 -8.535533905932738 3.535533905932738 -7.0710678118654755 4.440892098500626e-16 0.0 -10.0
99.0 53.0 10 7.0710678118654755 0.0 8.535533905932738 3.5355339059327373 7.0710678118654755 7.071067811865475 3.535533905932738 8.535533905932738 4.440892098500626e-16 7.0710678118654755 -3.535533905932737 8.535533905932738 -7.071067811865475 7.0710678118654755 -8.535533905932738 3.535533905932738 -7.0710678118654755 4.440892098500626e-16 0.0 -10.0
84.0 78.0 10 7.0710678118654755 0.0 8.535533905932738 3.5355339059327373 7.0710678118654755 7.071067811865475 3.535533905932738 8.535533905932738 4.440892098500626e-16 7.0710678118654755 -3.535533905932737 8.535533905932738 -7.071067811865475 7.0710678118654755 -8.535533905932738 3.535533905932738 -7.0710678118654755 4.440892098500626e-16 0.0 -10.0
138.0 65.0 10 7.0710678118654755 0.0 8.535533905932738 3.5355339059327373 7.0710678118654755 7.071067811865475 3.535533905932738 8.535533905932738 4.440892098500626e-16 7.0710678118654755 -3.535533905932737 8.535533905932738 -7.071067811865475 7.0710678118654755 -8.535533905932738 3.535533905932738 -7.0710678118654755 4.440892098500626e-16 0.0 -10.0
150.0 100.0 10 7.0710678118654755 0.0 8.535533905932738 3.5355339059327373 7.0710678118654755 7.071067811865475 3.535533905932738 8.535533905932738 4.440892098500626e-16 7.0710678118654755 -3.535533905932737 8.535533905932738 -7.071067811865475 7.0710678118654755 -8.535533905932738 3.535533905932738 -7.0710678118654755 4.440892098500626e-16 0.0 -10.0
92.0 95.0 10 7.0710678118654755 0.0 8.535533905932738 3.5355339059327373 7.0710678118654755 7.071067811865475 3.535533905932738 8.535533905932738 4.440892098500626e-16 7.0710678118654755 -3.535533905932737 8.535533905932738 -7.071067811865475 7.0710678118654755 -8.535533905932738 3.535533905932738 -7.0710678118654755 4.440892098500626e-16 0.0 -10.0
72.0 80.0 10 7.0710678118654755 0.0 8.535533905932738 3.5355339059327373 7.0710678118654755 7.071067811865475 3.535533905932738 8.535533905932738 4.440892098500626e-16 7.0710678118654755 -3.535533905932737 8.535533905932738 -7.071067811865475 7.0710678118654755 -8.535533905932738 3.535533905932738 -7.0710678118654755 4.440892098500626e-16 0.0 -10.0
104.0 93.0 10 7.0710678118654755 0.0 8.535533905932738 3.5355339059327373 7.0710678118654755 7.071067811865475 3.535533905932738 8.535533905932738 4.440892098500626e-16 7.0710678118654755 -3.535533905932737 8.535533905932738 -7.071067811865475 7.0710678118654755 -8.535533905932738 3.535533905932738 -7.0710678118654755 4.440892098500626e-16 0.0 -10.0
96.0 96.0 10 7.0710678118654755 0.0 8.535533905932738 3.5355339059327373 7.0710678118654755 7.071067811865475 3.535533905932738 8.535533905932738 4.440892098500626e-16 7.0710678118654755 -3.535533905932737 8.535533905932738 -7.071067811865475 7.0710678118654755 -8.535533905932738 3.535533905932738 -7.0710678118654755 4.440892098500626e-16 0.0 -10.0
53.0 134.0 10 7.0710678118654755 0.0 8.535533905932738 3.5355339059327373 7.0710678118654755 7.071067811865475 3.535533905932738 8.535533905932738 4.440892098500626e-16 7.0710678118654755 -3.535533905932737 8.535533905932738 -7.071067811865475 7.0710678118654755 -8.535533905932738 3.535533905932738 -7.0710678118654755 4.440892098500626e-16 0.0 -10.0
104.0 126.0 10 7.0710678118654755 0.0 8.535533905932738 3.5355339059327373 7.0710678118654755 7.071067811865475 3.535533905932738 8.535533905932738 4.440892098500626e-16 7.0710678118654755 -3.535533905932737 8.535533905932738 -7.071067811865475 7.0710678118654755 -8.535533905932738 3.535533905932738 -7.0710678118654755 4.440892098500626e-16 0.0 -10.0
84.0 48.0 10 7.0710678118654755 0.0 8.535533905932738 3.5355339059327373 7.0710678118654755 7.071067811865475 3.535533905932738 8.535533905932738 4.440892098500626e-16 7.0710678118654755 -3.535533905932737 8.535533905932738 -7.071067811865475 7.0710678118654755 -8.535533905932738 3.535533905932738 -7.0710678118654755 4.440892098500626e-16 0.0 -10.0
62.0 74.0 10 7.0710678118654755 0.0 8.535533905932738 3.5355339059327373 7.0710678118654755 7.071067811865475 3.535533905932738 8.535533905932738 4.440892098500626e-16 7.0710678118654755 -3.535533905932737 8.535533905932738 -7.071067811865475 7.0710678118654755 -8.535533905932738 3.535533905932738 -7.0710678118654755 4.440892098500626e-16 0.0 -10.0
84.0 124.0 10 7.0710678118654755 0.0 8.535533905932738 3.5355339059327373 7.0710678118654755 7.071067811865475 3.535533905932738 8.535533905932738 4.440892098500626e-16 7.0710678118654755 -3.535533905932737 8.535533905932738 -7.071067811865475 7.0710678118654755 -8.535533905932738 3.535533905932738 -7.0710678118654755 4.440892098500626e-16 0.0 -10.0
