100
259.0 261.0 10 7.0710678118654755 0.0 8.535533905932738 3.5355339059327373 7.0710678118654755 7.071067811865475 3.535533905932738 8.535533905932738 4.440892098500626e-16 7.0710678118654755 -3.535533905932737 8.535533905932738 -7.071067811865475 7.0710678118654755 -8.535533905932738 3.535533905932738 -7.0710678118654755 4.440892098500626e-16 0.0 -10.0
259.0 295.0 10 7.0710678118654755 0.0 8.535533905932738 3.5355339059327373 7.0710678118654755 7.071067811865475 3.535533905932738 8.535533905932738 4.440892098500626e-16 7.0710678118654755 -3.535533905932737 8.535533905932738 -7.071067811865475 7.0710678118654755 -8.535533905932738 3.535533905932738 -7.0710678118654755 4.440892098500626e-16 0.0 -10.0
263.0 226.0 10 7.0710678118654755 0.0 8.535533905932738 3.5355339059327373 7.0710678118654755 7.071067811865475 3.535533905932738 8.535533905932738 4.440892098500626e-16 7.0710678118654755 -3.535533905932737 8.535533905932738 -7.071067811865475 7.0710678118654755 -8.535533905932738 3.535533905932738 -7.0710678118654755 4.440892098500626e-16 0.0 -10.0
208.0 256.0 10 7.0710678118654755 0.0 8.535533905932738 3.5355339059327373 7.0710678118654755 7.071067811865475 3.535533905932738 8.535533905932738 4.440892098500626e-16 7.0710678118654755 -3.535533905932737 8.535533905932738 -7.071067811865475 7.0710678118654755 -8.535533905932738 3.535533905932738 -7.0710678118654755 4.440892098500626e-16 0.0 -10.0
235.0 211.0 10 7.0710678118654755 0.0 8.535533905932738 3.5355339059327373 7.0710678118654755 7.071067811865475 3.535533905932738 8.535533905932738 4.440892098500626e-16 7.0710678118654755 -3.535533905932737 8.535533905932738 -7.071067811865475 7.0710678118654755 -8.535533905932738 3.535533905932738 -7.0710678118654755 4.440892098500626e-16 0.0 -10.0
284.0 168.0 10 7.0710678118654755 0.0 8.535533905932738 3.5355339059327373 7.0710678118654755 7.071067811865475 3.535533905932738 8.535533905932738 4.440892098500626e-16 7.0710678118654755 -3.535533905932737 8.535533905932738 -7.071067811865475 7.0710678118654755 -8.535533905932738 3.535533905932738 -7.0710678118654755 4.440892098500626e-16 0.0 -10.0
255.0 198.0 10 7.0710678118654755 0.0 8.535533905932738 3.5355339059327373 7.0710678118654755 7.071067811865475 3.535533905932738 8.535533905932738 4.440892098500626e-16 7.0710678118654755 -3.535533905932737 8.535533905932738 -7.071067811865475 7.0710678118654755 -8.535533905932738 3.535533905932738 -7.0710678118654755 4.440892098500626e-16 0.0 -10.0
156.0 288.0 10 7.0710678118654755 0.0 8.535533905932738 3.5355339059327373 7.0710678118654755 7.071067811865475 3.535533905932738 8.535533905932738 4.440892098500626e-16 7.0710678118654755 -3.535533905932737 8.535533905932738 -7.071067811865475 7.0710678118654755 -8.535533905932738 3.535533905932738 -7.0710678118654755 4.440892098500626e-16 0.0 -10.0
267.0 144.0 10 7.0710678118654755 0.0 8.535533905932738 3.5355339059327373 7.0710678118654755 7.071067811865475 3.535533905932738 8.535533905932738 4.440892098500626e-16 7.0710678118654755 -3.535533905932737 8.535533905932738 -7.071067811865475 7.0710678118654755 -8.535533905932738 3.535533905932738 -7.0710678118654755 4.440892098500626e-16 0.0 -10.0
289.0 263.0 10 7.0710678118654755 0.0 8.535533905932738 3.5355339059327373 7.0710678118654755 7.071067811865475 3.535533905932738 8.535533905932738 4.440892098500626e-16 7.0710678118654755 -3.535533905932737 8.535533905932738 -7.071067811865475 7.0710678118654755 -8.535533905932738 3.535533905932738 -7.0710678118654755 4.440892098500626e-16 0.0 -10.0
121.0 330.0 10 7.0710678118654755 0.0 8.535533905932738 3.5355339059327373 7.0710678118654755 7.071067811865475 3.535533905932738 8.535533905932738 4.440892098500626e-16 7.0710678118654755 -3.535533905932737 8.535533905932738 -7.071067811865475 7.0710678118654755 -8.535533905932738 3.535533905932738 -7.0710678118654755 4.440892098500626e-16 0.0 -10.0
313.0 234.0 10 7.0710678118654755 0.0 8.535533905932738 3.5355339059327373 7.0710678118654755 7.071067811865475 3.535533905932738 8.535533905932738 4.440892098500626e-16 7.0710678118654755 -3.535533905932737 8.535533905932738 -7.071067811865475 7.0710678118654755 -8.535533905932738 3.535533905932738 -7.0710678118654755 4.440892098500626e-16 0.0 -10.0
157.0 319.0 10 7.0710678118654755 0.0 8.535533905932738 3.5355339059327373 7.0710678118654755 7.071067811865475 3.535533905932738 8.535533905932738 4.440892098500626e-16 7.0710678118654755 -3.535533905932737 8.535533905932738 -7.071067811865475 7.0710678118654755 -8.535533905932738 3.535533905932738 -7.0710678118654755 4.440892098500626e-16 0.0 -10.0
258.0 135.0 10 7.0710678118654755 0.0 8.535533905932738 3.5355339059327373 7.0710678118654755 7.071067811865475 3.535533905932738 8.535533905932738 4.440892098500626e-16 7.0710678118654755 -3.535533905932737 8.535533905932738 -7.071067811865475 7.0710678118654755 -8.535533905932738 3.535533905932738 -7.0710678118654755 4.440892098500626e-16 0.0 -10.0
240.0 312.0 10 7.0710678118654755 0.0 8.535533905932738 3.5355339059327373 7.0710678118654755 7.071067811865475 3.535533905932738 8.535533905932738 4.440892098500626e-16 7.0710678118654755 -3.535533905932737 8.535533905932738 -7.071067811865475 7.0710678118654755 -8.535533905932738 3.535533905932738 -7.0710678118654755 4.440892098500626e-16 0.0 -10.0
314.0 132.0 10 7.0710678118654755 0.0 8.535533905932738 3.5355339059327373 7.0710678118654755 7.071067811865475 3.535533905932738 8.535533905932738 4.440892098500626e-16 7.0710678118654755 -3.535533905932737 8.535533905932738 -7.071067811865475 7.0710678118654755 -8.535533905932738 3.535533905932738 -7.0710678118654755 4.440892098500626e-16 0.0 -10.0
314.0 295.0 10 7.0710678118654755 0.0 8.535533905932738 3.5355339059327373 7.0710678118654755 7.071067811865475 3.535533905932738 8.535533905932738 4.440892098500626e-16 7.0710678118654755 -3.535533905932737 8.535533905932738 -7.071067811865475 7.0710678118654755 -8.535533905932738 3.535533905932738 -7.0710678118654755 4.440892098500626e-16 0.0 -10.0
84.0 348.0 10 7.0710678118654755 0.0 8.535533905932738 3.5355339059327373 7.0710678118654755 7.071067811865475 3.535533905932738 8.535533905932738 4.440892098500626e-16 7.0710678118654755 -3.535533905932737 8.535533905932738 -7.071067811865475 7.0710678118654755 -8.535533905932738 3.535533905932738 -7.0710678118654755 4.440892098500626e-16 0.0 -10.0
334.0 110.0 10 7.0710678118654755 0.0 8.535533905932738 3.5355339059327373 7.0710678118654755 7.071067811865475 3.535533905932738 8.535533905932738 4.440892098500626e-16 7.0710678118654755 -3.535533905932737 8.535533905932738 -7.071067811865475 7.0710678118654755 -8.535533905932738 3.535533905932738 -7.0710678118654755 4.440892098500626e-16 0.0 -10.0
243.0 101.0 10 7.0710678118654755 0.0 8.535533905932738 3.5355339059327373 7.0710678118654755 7.071067811865475 3.535533905932738 8.535533905932738 4.440892098500626e-16 7.0710678118654755 -3.535533905932737 8.535533905932738 -7.071067811865475 7.0710678118654755 -8.535533905932738 3.535533905932738 -7.0710678118654755 4.440892098500626e-16 0.0 -10.0
356.0 238.0 10 7.0710678118654755 0.0 8.535533905932738 3.5355339059327373 7.0710678118654755 7.071067811865475 3.535533905932738 8.535533905932738 4.440892098500626e-16 7.0710678118654755 -3.535533905932737 8.535533905932738 -7.071067811865475 7.0710678118654755 -8.535533905932738 3.535533905932738 -7.0710678118654755 4.440892098500626e-16 0.0 -10.0
125.0 302.0 10 7.0710678118654755 0.0 8.535533905932738 3.5355339059327373 7.0710678118654755 7.071067811865475 3.535533905932738 8.535533905932738 4.440892098500626e-16 7.0710678118654755 -3.535533905932737 8.535533905932738 -7.071067811865475 7.0710678118654755 -8.535533905932738 3.535533905932738 -7.0710678118654755 4.440892098500626e-16 0.0 -10.0
329.0 325.0 10 7.0710678118654755 0.0 8.535533905932738 3.5355339059327373 7.0710678118654755 7.071067811865475 3.535533905932738 8.535533905932738 4.440892098500626e-16 7.0710678118654755 -3.535533905932737 8.535533905932738 -7.071067811865475 7.0710678118654755 -8.535533905932738 3.535533905932738 -7.0710678118654755 4.440892098500626e-16 0.0 -10.0
50.0 364.0 10 7.0710678118654755 0.0 8.535533905932738 3.5355339059327373 7.0710678118654755 7.071067811865475 3.535533905932738 8.535533905932738 4.440892098500626e-16 7.0710678118654755 -3.535533905932737 8.535533905932738 -7.071067811865475 7.0710678118654755 -8.535533905932738 3.535533905932738 -7.0710678118654755 4.440892098500626e-16 0.0 -10.0
340.0 217.0 10 7.0710678118654755 0.0 8.535533905932738 3.5355339059327373 7.0710678118654755 7.071067811865475 3.535533905932738 8.535533905932738 4.440892098500626e-16 7.0710678118654755 -3.535533905932737 8.535533905932738 -7.071067811865475 7.0710678118654755 -8.535533905932738 3.535533905932738 -7.0710678118654755 4.440892098500626e-16 0.0 -10.0
323.0 155.0 10 7.0710678118654755 0.0 8.535533905932738 3.5355339059327373 7.0710678118654755 7.071067811865475 3.535533905932738 8.535533905932738 4.440892098500626e-16 7.0710678118654755 -3.535533905932737 8.535533905932738 -7.071067811865475 7.0710678118654755 -8.535533905932738 3.535533905932738 -7.0710678118654755 4.440892098500626e-16 0.0 -10.0
316.0 105.0 10 7.0710678118654755 0.0 8.535533905932738 3.5355339059327373 7.0710678118654755 7.071067811865475 3.535533905932738 8.535533905932738 4.440892098500626e-16 7.0710678118654755 -3.535533905932737 8.535533905932738 -7.071067811865475 7.0710678118654755 -8.535533905932738 3.535533905932738 -7.0710678118654755 4.440892098500626e-16 0.0 -10.0
203.0 287.0 10 7.0710678118654755 0.0 8.535533905932738 3.5355339059327373 7.0710678118654755 7.071067811865475 3.535533905932738 8.535533905932738 4.440892098500626e-16 7.0710678118654755 -3.535533905932737 8.535533905932738 -7.071067811865475 7.0710678118654755 -8.535533905932738 3.535533905932738 -7.0710678118654755 4.440892098500626e-16 0.0 -10.0
241.0 76.0 10 7.0710678118654755 0.0 8.535533905932738 3.5355339059327373 7.0710678118654755 7.071067811865475 3.535533905932738 8.535533905932738 4.440892098500626e-16 7.0710678118654755 -3.535533905932737 8.535533905932738 -7.071067811865475 7.0710678118654755 -8.535533905932738 3.535533905932738 -7.0710678118654755 4.440892098500626e-16 0.0 -10.0
98.0 365.0 10 7.0710678118654755 0.0 8.535533905932738 3.5355339059327373 7.0710678118654755 7.071067811865475 3.535533905932738 8.535533905932738 4.440892098500626e-16 7.0710678118654755 -3.535533905932737 8.535533905932738 -7.071067811865475 7.0710678118654755 -8.535533905932738 3.535533905932738 -7.0710678118654755 4.440892098500626e-16 0.0 -10.0
115.0 273.0 10 7.0710678118654755 0.0 8.535533905932738 3.5355339059327373 7.0710678118654755 7.071067811865475 3.535533905932738 8.535533905932738 4.440892098500626e-16 7.0710678118654755 -3.535533905932737 8.535533905932738 -7.071067811865475 7.0710678118654755 -8.535533905932738 3.535533905932738 -7.0710678118654755 4.440892098500626e-16 0.0 -10.0
77.0 267.0 10 7.0710678118654755 0.0 8.535533905932738 3.5355339059327373 7.0710678118654755 7.071067811865475 3.535533905932738 8.535533905932738 4.440892098500626e-16 7.0710678118654755 -3.535533905932737 8.535533905932738 -7.071067811865475 7.0710678118654755 -8.535533905932738 3.535533905932738 -7.0710678118654755 4.440892098500626e-16 0.0 -10.0
95.0 249.0 10 7.0710678118654755 0.0 8.535533905932738 3.5355339059327373 7.0710678118654755 7.071067811865475 3.535533905932738 8.535533905932738 4.440892098500626e-16 7.0710678118654755 -3.535533905932737 8.535533905932738 -7.071067811865475 7.0710678118654755 -8.535533905932738 3.535533905932738 -7.0710678118654755 4.440892098500626e-16 0.0 -10.0
338.0 319.0 10 7.0710678118654755 0.0 8.535533905932738 3.5355339059327373 7.0710678118654755 7.071067811865475 3.535533905932738 8.535533905932738 4.440892098500626e-16 7.0710678118654755 -3.535533905932737 8.535533905932738 -7.071067811865475 7.0710678118654755 -8.535533905932738 3.535533905932738 -7.0710678118654755 4.440892098500626e-16 0.0 -10.0
364.0 204.0 10 7.0710678118654755 0.0 8.535533905932738 3.5355339059327373 7.0710678118654755 7.071067811865475 3.535533905932738 8.535533905932738 4.440892098500626e-16 7.0710678118654755 -3.535533905932737 8.535533905932738 -7.071067811865475 7.0710678118654755 -8.535533905932738 3.535533905932738 -7.0710678118654755 4.440892098500626e-16 0.0 -10.0
236.0 114.0 10 7.0710678118654755 0.0 8.535533905932738 3.5355339059327373 7.0710678118654755 7.071067811865475 3.535533905932738 8.535533905932738 4.440892098500626e-16 7.0710678118654755 -3.535533905932737 8.535533905932738 -7.071067811865475 7.0710678118654755 -8.535533905932738 3.535533905932738 -7.0710678118654755 4.440892098500626e-16 0.0 -10.0
294.0 294.0 10 7.0710678118654755 0.0 8.535533905932738 3.5355339059327373 7.0710678118654755 7.071067811865475 3.535533905932738 8.535533905932738 4.440892098500626e-16 7.0710678118654755 -3.535533905932737 8.535533905932738 -7.071067811865475 7.0710678118654755 -8.535533905932738 3.535533905932738 -7.0710678118654755 4.440892098500626e-16 0.0 -10.0
342.0 116.0 10 7.0710678118654755 0.0 8.535533905932738 3.5355339059327373 7.0710678118654755 7.071067811865475 3.535533905932738 8.535533905932738 4.440892098500626e-16 7.0710678118654755 -3.535533905932737 8.535533905932738 -7.071067811865475 7.0710678118654755 -8.535533905932738 3.535533905932738 -7.0710678118654755 4.440892098500626e-16 0.0 -10.0
357.0 148.0 10 7.0710678118654755 0.0 8.535533905932738 3.5355339059327373 7.0710678118654755 7.071067811865475 3.535533905932738 8.535533905932738 4.440892098500626e-16 7.0710678118654755 -3.535533905932737 8.535533905932738 -7.071067811865475 7.0710678118654755 -8.535533905932738 3.535533905932738 -7.0710678118654755 4.440892098500626e-16 0.0 -10.0
188.0 231.0 10 7.0710678118654755 0.0 8.535533905932738 3.5355339059327373 7.0710678118654755 7.071067811865475 3.535533905932738 8.535533905932738 4.440892098500626e-16 7.0710678118654755 -3.535533905932737 8.535533905932738 -7.071067811865475 7.0710678118654755 -8.535533905932738 3.535533905932738 -7.0710678118654755 4.440892098500626e-16 0.0 -10.0
31.0 384.0 10 7.0710678118654755 0.0 8.535533905932738 3.5355339059327373 7.0710678118654755 7.071067811865475 3.535533905932738 8.535533905932738 4.440892098500626e-16 7.0710678118654755 -3.535533905932737 8.535533905932738 -7.071067811865475 7.0710678118654755 -8.535533905932738 3.535533905932738 -7.0710678118654755 4.440892098500626e-16 0.0 -10.0
339.0 344.0 10 7.0710678118654755 0.0 8.535533905932738 3.5355339059327373 7.0710678118654755 7.071067811865475 3.535533905932738 8.535533905932738 4.440892098500626e-16 7.0710678118654755 -3.535533905932737 8.535533905932738 -7.071067811865475 7.0710678118654755 -8.535533905932738 3.535533905932738 -7.0710678118654755 4.440892098500626e-16 0.0 -10.0
233.0 71.0 10 7.0710678118654755 0.0 8.535533905932738 3.5355339059327373 7.0710678118654755 7.071067811865475 3.535533905932738 8.535533905932738 4.440892098500626e-16 7.0710678118654755 -3.535533905932737 8.535533905932738 -7.071067811865475 7.0710678118654755 -8.535533905932738 3.535533905932738 -7.0710678118654755 4.440892098500626e-16 0.0 -10.0
178.0 246.0 10 7.0710678118654755 0.0 8.535533905932738 3.5355339059327373 7.0710678118654755 7.071067811865475 3.535533905932738 8.535533905932738 4.440892098500626e-16 7.0710678118654755 -3.535533905932737 8.535533905932738 -7.071067811865475 7.0710678118654755 -8.535533905932738 3.535533905932738 -7.0710678118654755 4.440892098500626e-16 0.0 -10.0
95.0 310.0 10 7.0710678118654755 0.0 8.535533905932738 3.5355339059327373 7.0710678118654755 7.071067811865475 3.535533905932738 8.535533905932738 4.440892098500626e-16 7.0710678118654755 -3.535533905932737 8.535533905932738 -7.071067811865475 7.0710678118654755 -8.535533905932738 3.535533905932738 -7.0710678118654755 4.440892098500626e-16 0.0 -10.0
339.0 238.0 10 7.0710678118654755 0.0 8.535533905932738 3.5355339059327373 7.0710678118654755 7.071067811865475 3.535533905932738 8.535533905932738 4.440892098500626e-16 7.0710678118654755 -3.535533905932737 8.535533905932738 -7.071067811865475 7.0710678118654755 -8.535533905932738 3.535533905932738 -7.0710678118654755 4.440892098500626e-16 0.0 -10.0
76.0 328.0 10 7.0710678118654755 0.0 8.535533905932738 3.5355339059327373 7.0710678118654755 7.071067811865475 3.535533905932738 8.535533905932738 4.440892098500626e-16 7.0710678118654755 -3.535533905932737 8.535533905932738 -7.071067811865475 7.0710678118654755 -8.535533905932738 3.535533905932738 -7.0710678118654755 4.440892098500626e-16 0.0 -10.0
74.0 394.0 10 7.0710678118654755 0.0 8.535533905932738 3.5355339059327373 7.0710678118654755 7.071067811865475 3.535533905932738 8.535533905932738 4.440892098500626e-16 7.0710678118654755 -3.535533905932737 8.535533905932738 -7.071067811865475 7.0710678118654755 -8.535533905932738 3.535533905932738 -7.0710678118654755 4.440892098500626e-16 0.0 -10.0
349.0 158.0 10 7.0710678118654755 0.0 8.535533905932738 3.5355339059327373 7.0710678118654755 7.071067811865475 3.535533905932738 8.535533905932738 4.440892098500626e-16 7.0710678118654755 -3.535533905932737 8.535533905932738 -7.071067811865475 7.0710678118654755 -8.535533905932738 3.535533905932738 -7.0710678118654755 4.440892098500626e-16 0.0 -10.0
391.0 250.0 10 7.0710678118654755 0.0 8.535533905932738 3.5355339059327373 7.0710678118654755 7.071067811865475 3.535533905932738 8.535533905932738 4.440892098500626e-16 7.0710678118654755 -3.535533905932737 8.535533905932738 -7.071067811865475 7.0710678118654755 -8.535533905932738 3.535533905932738 -7.0710678118654755 4.440892098500626e-16 0.0 -10.0
340.0 99.0 10 7.0710678118654755 0.0 8.535533905932738 3.5355339059327373 7.0710678118654755 7.071067811865475 3.535533905932738 8.535533905932738 4.440892098500626e-16 7.0710678118654755 -3.535533905932737 8.535533905932738 -7.071067811865475 7.0710678118654755 -8.535533905932738 3.535533905932738 -7.0710678118654755 4.440892098500626e-16 0.0 -10.0
414.0 269.0 10 7.0710678118654755 0.0 8.535533905932738 3.5355339059327373 7.0710678118654755 7.071067811865475 3.535533905932738 8.535533905932738 4.440892098500626e-16 7.0710678118654755 -3.535533905932737 8.535533905932738 -7.071067811865475 7.0710678118654755 -8.535533905932738 3.535533905932738 -7.0710678118654755 4.440892098500626e-16 0.0 -10.0
351.0 136.0 10 7.0710678118654755 0.0 8.535533905932738 3.5355339059327373 7.0710678118654755 7.071067811865475 3.535533905932738 8.535533905932738 4.440892098500626e-16 7.0710678118654755 -3.535533905932737 8.535533905932738 -7.071067811865475 7.0710678118654755 -8.535533905932738 3.535533905932738 -7.0710678118654755 4.440892098500626e-16 0.0 -10.0
225.0 52.0 10 7.0710678118654755 0.0 8.535533905932738 3.5355339059327373 7.0710678118654755 7.071067811865475 3.535533905932738 8.535533905932738 4.440892098500626e-16 7.0710678118654755 -3.535533905932737 8.535533905932738 -7.071067811865475 7.0710678118654755 -8.535533905932738 3.535533905932738 -7.0710678118654755 4.440892098500626e-16 0.0 -10.0
73.0 319.0 10 7.0710678118654755 0.0 8.535533905932738 3.5355339059327373 7.0710678118654755 7.071067811865475 3.535533905932738 8.535533905932738 4.440892098500626e-16 7.0710678118654755 -3.535533905932737 8.535533905932738 -7.071067811865475 7.0710678118654755 -8.535533905932738 3.535533905932738 -7.0710678118654755 4.440892098500626e-16 0.0 -10.0
268.0 322.0 10 7.0710678118654755 0.0 8.535533905932738 3.5355339059327373 7.0710678118654755 7.071067811865475 3.535533905932738 8.535533905932738 4.440892098500626e-16 7.0710678118654755 -3.535533905932737 8.535533905932738 -7.071067811865475 7.0710678118654755 -8.535533905932738 3.535533905932738 -7.0710678118654755 4.440892098500626e-16 0.0 -10.0
284.0 123.0 10 7.0710678118654755 0.0 8.535533905932738 3.5355339059327373 7.0710678118654755 7.071067811865475 3.535533905932738 8.535533905932738 4.440892098500626e-16 7.0710678118654755 -3.535533905932737 8.535533905932738 -7.071067811865475 7.0710678118654755 -8.535533905932738 3.535533905932738 -7.0710678118654755 4.440892098500626e-16 0.0 -10.0
290.0 81.0 10 7.0710678118654755 0.0 8.535533905932738 3.5355339059327373 7.0710678118654755 7.071067811865475 3.535533905932738 8.535533905932738 4.440892098500626e-16 7.0710678118654755 -3.535533905932737 8.535533905932738 -7.071067811865475 7.0710678118654755 -8.535533905932738 3.535533905932738 -7.0710678118654755 4.440892098500626e-16 0.0 -10.0
25.0 371.0 10 7.0710678118654755 0.0 8.535533905932738 3.5355339059327373 7.0710678118654755 7.071067811865475 3.535533905932738 8.535533905932738 4.440892098500626e-16 7.0710678118654755 -3.535533905932737 8.535533905932738 -7.071067811865475 7.0710678118654755 -8.535533905932738 3.535533905932738 -7.0710678118654755 4.440892098500626e-16 0.0 -10.0
388.0 230.0 10 7.0710678118654755 0.0 8.535533905932738 3.5355339059327373 7.0710678118654755 7.071067811865475 3.535533905932738 8.535533905932738 4.440892098500626e-16 7.0710678118654755 -3.535533905932737 8.535533905932738 -7.071067811865475 7.0710678118654755 -8.535533905932738 3.535533905932738 -7.0710678118654755 4.440892098500626e-16 0.0 -10.0
48.0 257.0 10 7.0710678118654755 0.0 8.535533905932738 3.5355339059327373 7.0710678118654755 7.071067811865475 3.535533905932738 8.535533905932738 4.440892098500626e-16 7.0710678118654755 -3.535533905932737 8.535533905932738 -7.071067811865475 7.0710678118654755 -8.535533905932738 3.535533905932738 -7.0710678118654755 4.440892098500626e-16 0.0 -10.0
286.0 47.0 10 7.0710678118654755 0.0 8.535533905932738 3.5355339059327373 7.0710678118654755 7.071067811865475 3.535533905932738 8.535533905932738 4.440892098500626e-16 7.0710678118654755 -3.535533905932737 8.535533905932738 -7.071067811865475 7.0710678118654755 -8.535533905932738 3.535533905932738 -7.0710678118654755 4.440892098500626e-16 0.0 -10.0
119.0 365.0 10 7.0710678118654755 0.0 8.535533905932738 3.5355339059327373 7.0710678118654755 7.071067811865475 3.535533905932738 8.535533905932738 4.440892098500626e-16 7.0710678118654755 -3.535533905932737 8.535533905932738 -7.071067811865475 7.0710678118654755 -8.535533905932738 3.535533905932738 -7.0710678118654755 4.440892098500626e-16 0.0 -10.0
365.0 76.0 10 7.0710678118654755 0.0 8.535533905932738 3.5355339059327373 7.0710678118654755 7.071067811865475 3.535533905932738 8.535533905932738 4.440892098500626e-16 7.0710678118654755 -3.535533905932737 8.535533905932738 -7.071067811865475 7.0710678118654755 -8.535533905932738 3.535533905932738 -7.0710678118654755 4.440892098500626e-16 0.0 -10.0
91.0 260.0 10 7.0710678118654755 0.0 8.535533905932738 3.5355339059327373 7.0710678118654755 7.071067811865475 3.535533905932738 8.535533905932738 4.440892098500626e-16 7.0710678118654755 -3.535533905932737 8.535533905932738 -7.071067811865475 7.0710678118654755 -8.535533905932738 3.535533905932738 -7.0710678118654755 4.440892098500626e-16 0.0 -10.0
169.0 343.0 10 7.0710678118654755 0.0 8.535533905932738 3.5355339059327373 7.0710678118654755 7.071067811865475 3.535533905932738 8.535533905932738 4.440892098500626e-16 7.0710678118654755 -3.535533905932737 8.535533905932738 -7.071067811865475 7.0710678118654755 -8.535533905932738 3.535533905932738 -7.0710678118654755 4.440892098500626e-16 0.0 -10.0
223.0 94.0 10 7.0710678118654755 0.0 8.535533905932738 3.5355339059327373 7.0710678118654755 7.071067811865475 3.535533905932738 8.535533905932738 4.440892098500626e-16 7.0710678118654755 -3.535533905932737 8.535533905932738 -7.071067811865475 7.0710678118654755 -8.535533905932738 3.535533905932738 -7.0710678118654755 4.440892098500626e-16 0.0 -10.0
309.0 56.0 10 7.0710678118654755 0.0 8.535533905932738 3.5355339059327373 7.0710678118654755 7.071067811865475 3.535533905932738 8.535533905932738 4.440892098500626e-16 7.0710678118654755 -3.535533905932737 8.535533905932738 -7.071067811865475 7.0710678118654755 -8.535533905932738 3.535533905932738 -7.0710678118654755 4.440892098500626e-16 0.0 -10.0
222.0 187.0 10 7.0710678118654755 0.0 8.535533905932738 3.5355339059327373 7.0710678118654755 7.071067811865475 3.535533905932738 8.535533905932738 4.440892098500626e-16 7.0710678118654755 -3.535533905932737 8.535533905932738 -7.071067811865475 7.0710678118654755 -8.535533905932738 3.535533905932738 -7.0710678118654755 4.440892098500626e-16 0.0 -10.0
342.0 258.0 10 7.0710678118654755 0.0 8.535533905932738 3.5355339059327373 7.0710678118654755 7.071067811865475 3.535533905932738 8.535533905932738 4.440892098500626e-16 7.0710678118654755 -3.535533905932737 8.535533905932738 -7.071067811865475 7.0710678118654755 -8.535533905932738 3.535533905932738 -7.0710678118654755 4.440892098500626e-16 0.0 -10.0
381.0 56.0 10 7.0710678118654755 0.0 8.535533905932738 3.5355339059327373 7.0710678118654755 7.071067811865475 3.535533905932738 8.535533905932738 4.440892098500626e-16 7.0710678118654755 -3.535533905932737 8.535533905932738 -7.071067811865475 7.0710678118654755 -8.535533905932738 3.535533905932738 -7.0710678118654755 4.440892098500626e-16 0.0 -10.0
394.0 39.0 10 7.0710678118654755 0.0 8.535533905932738 3.5355339059327373 7.0710678118654755 7.071067811865475 3.535533905932738 8.535533905932738 4.440892098500626e-16 7.0710678118654755 -3.535533905932737 8.535533905932738 -7.071067811865475 7.0710678118654755 -8.535533905932738 3.535533905932738 -7.0710678118654755 4.440892098500626e-16 0.0 -10.0
132.0 389.0 10 7.0710678118654755 0.0 8.535533905932738 3.5355339059327373 7.0710678118654755 7.071067811865475 3.535533905932738 8.535533905932738 4.440892098500626e-16 7.0710678118654755 -3.535533905932737 8.535533905932738 -7.071067811865475 7.0710678118654755 -8.535533905932738 3.535533905932738 -7.0710678118654755 4.440892098500626e-16 0.0 -10.0
297.0 25.0 10 7.0710678118654755 0.0 8.535533905932738 3.5355339059327373 7.0710678118654755 7.071067811865475 3.535533905932738 8.535533905932738 4.440892098500626e-16 7.0710678118654755 -3.535533905932737 8.535533905932738 -7.071067811865475 7.0710678118654755 -8.535533905932738 3.535533905932738 -7.0710678118654755 4.440892098500626e-16 0.0 -10.0
100.0 351.0 10 7.0710678118654755 0.0 8.535533905932738 3.5355339059327373 7.0710678118654755 7.071067811865475 3.535533905932738 8.535533905932738 4.440892098500626e-16 7.0710678118654755 -3.535533905932737 8.535533905932738 -7.071067811865475 7.0710678118654755 -8.535533905932738 3.535533905932738 -7.0710678118654755 4.440892098500626e-16 0.0 -10.0
368.0 266.0 10 7.0710678118654755 0.0 8.535533905932738 3.5355339059327373 7.0710678118654755 7.071067811865475 3.535533905932738 8.535533905932738 4.440892098500626e-16 7.0710678118654755 -3.535533905932737 8.535533905932738 -7.071067811865475 7.0710678118654755 -8.535533905932738 3.535533905932738 -7.0710678118654755 4.440892098500626e-16 0.0 -10.0
26.0 379.0 10 7.0710678118654755 0.0 8.535533905932738 3.5355339059327373 7.0710678118654755 7.071067811865475 3.535533905932738 8.535533905932738 4.440892098500626e-16 7.0710678118654755 -3.535533905932737 8.535533905932738 -7.071067811865475 7.0710678118654755 -8.535533905932738 3.535533905932738 -7.0710678118654755 4.440892098500626e-16 0.0 -10.0
48.0 413.0 10 7.0710678118654755 0.0 8.535533905932738 3.5355339059327373 7.0710678118654755 7.071067811865475 3.535533905932738 8.535533905932738 4.440892098500626e-16 7.0710678118654755 -3.535533905932737 8.535533905932738 -7.071067811865475 7.0710678118654755 -8.535533905932738 3.535533905932738 -7.0710678118654755 4.440892098500626e-16 0.0 -10.0
353.0 334.0 10 7.0710678118654755 0.0 8.535533905932738 3.5355339059327373 7.0710678118654755 7.071067811865475 3.535533905932738 8.535533905932738 4.440892098500626e-16 7.0710678118654755 -3.535533905932737 8.535533905932738 -7.071067811865475 7.0710678118654755 -8.535533905932738 3.535533905932738 -7.0710678118654755 4.440892098500626e-16 0.0 -10.0
372.0 120.0 10 7.0710678118654755 0.0 8.535533905932738 3.5355339059327373 7.0710678118654755 7.071067811865475 3.535533905932738 8.535533905932738 4.440892098500626e-16 7.0710678118654755 -3.535533905932737 8.535533905932738 -7.071067811865475 7.0710678118654755 -8.535533905932738 3.535533905932738 -7.0710678118654755 4.440892098500626e-16 0.0 -10.0
379.0 135.0 10 7.0710678118654755 0.0 8.535533905932738 3.5355339059327373 7.0710678118654755 7.071067811865475 3.535533905932738 8.535533905932738 4.440892098500626e-16 7.0710678118654755 -3.535533905932737 8.535533905932738 -7.071067811865475 7.0710678118654755 -8.535533905932738 3.535533905932738 -7.0710678118654755 4.440892098500626e-16 0.0 -10.0
361.0 282.0 10 7.0710678118654755 0.0 8.535533905932738 3.5355339059327373 7.0710678118654755 7.071067811865475 3.535533905932738 8.535533905932738 4.440892098500626e-16 7.0710678118654755 -3.535533905932737 8.535533905932738 -7.071067811865475 7.0710678118654755 -8.535533905932738 3.535533905932738 -7.0710678118654755 4.440892098500626e-16 0.0 -10.0
280.0 343.0 10 7.0710678118654755 0.0 8.535533905932738 3.5355339059327373 7.0710678118654755 7.071067811865475 3.535533905932738 8.535533905932738 4.440892098500626e-16 7.0710678118654755 -3.535533905932737 8.535533905932738 -7.071067811865475 7.0710678118654755 -8.535533905932738 3.535533905932738 -7.0710678118654755 4.440892098500626e-16 0.0 -10.0
276.0 96.0 10 7.0710678118654755 0.0 8.535533905932738 3.5355339059327373 7.0710678118654755 7.071067811865475 3.535533905932738 8.535533905932738 4.440892098500626e-16 7.0710678118654755 -3.535533905932737 8.535533905932738 -7.071067811865475 7.0710678118654755 -8.535533905932738 3.535533905932738 -7.0710678118654755 4.440892098500626e-16 0.0 -10.0
277.0 26.0 10 7.0710678118654755 0.0 8.535533905932738 3.5355339059327373 7.0710678118654755 7.071067811865475 3.535533905932738 8.535533905932738 4.440892098500626e-16 7.0710678118654755 -3.535533905932737 8.535533905932738 -7.071067811865475 7.0710678118654755 -8.535533905932738 3.535533905932738 -7.0710678118654755 4.440892098500626e-16 0.0 -10.0
27.0 251.0 10 7.0710678118654755 0.0 8.535533905932738 3.5355339059327373 7.0710678118654755 7.071067811865475 3.535533905932738 8.535533905932738 4.440892098500626e-16 7.0710678118654755 -3.535533905932737 8.535533905932738 -7.071067811865475 7.0710678118654755 -8.535533905932738 3.535533905932738 -7.0710678118654755 4.440892098500626e-16 0.0 -10.0
412.0 220.0 10 7.0710678118654755 0.0 8.535533905932738 3.5355339059327373 7.0710678118654755 7.071067811865475 3.535533905932738 8.535533905932738 4.440892098500626e-16 7.0710678118654755 -3.535533905932737 8.535533905932738 -7.071067811865475 7.0710678118654755 -8.535533905932738 3.535533905932738 -7.0710678118654755 4.440892098500626e-16 0.0 -10.0
52.0 281.0 10 7.0710678118654755 0.0 8.535533905932738 3.5355339059327373 7.0710678118654755 7.071067811865475 3.535533905932738 8.535533905932738 4.440892098500626e-16 7.0710678118654755 -3.535533905932737 8.535533905932738 -7.071067811865475 7.0710678118654755 -8.535533905932738 3.535533905932738 -7.0710678118654755 4.440892098500626e-16 0.0 -10.0
330.0 38.0 10 7.0710678118654755 0.0 8.535533905932738 3.5355339059327373 7.0710678118654755 7.071067811865475 3.535533905932738 8.535533905932738 4.440892098500626e-16 7.0710678118654755 -3.535533905932737 8.535533905932738 -7.071067811865475 7.0710678118654755 -8.535533905932738 3.535533905932738 -7.0710678118654755 4.440892098500626e-16 0.0 -10.0
132.0 270.0 10 7.0710678118654755 0.0 8.535533905932738 3.5355339059327373 7.0710678118654755 7.071067811865475 3.535533905932738 8.535533905932738 4.440892098500626e-16 7.0710678118654755 -3.535533905932737 8.535533905932738 -7.071067811865475 7.0710678118654755 -8.535533905932738 3.535533905932738 -7.0710678118654755 4.440892098500626e-16 0.0 -10.0
184.0 275.0 10 7.0710678118654755 0.0 8.535533905932738 3.5355339059327373 7.0710678118654755 7.071067811865475 3.535533905932738 8.535533905932738 4.440892098500626e-16 7.0710678118654755 -3.535533905932737 8.535533905932738 -7.071067811865475 7.0710678118654755 -8.535533905932738 3.535533905932738 -7.0710678118654755 4.440892098500626e-16 0.0 -10.0
162.0 225.0 10 7.0710678118654755 0.0 8.535533905932738 3.5355339059327373 7.0710678118654755 7.071067811865475 3.535533905932738 8.535533905932738 4.440892098500626e-16 7.0710678118654755 -3.535533905932737 8.535533905932738 -7.071067811865475 7.0710678118654755 -8.535533905932738 3.535533905932738 -7.0710678118654755 4.440892098500626e-16 0.0 -10.0
58.0 411.0 10 7.0710678118654755 0.0 8.535533905932738 3.5355339059327373 7.0710678118654755 7.071067811865475 3.535533905932738 8.535533905932738 4.440892098500626e-16 7.0710678118654755 -3.535533905932737 8.535533905932738 -7.071067811865475 7.0710678118654755 -8.535533905932738 3.535533905932738 -7.0710678118654755 4.440892098500626e-16 0.0 -10.0
34.0 429.0 10 7.0710678118654755 0.0 8.535533905932738 3.5355339059327373 7.0710678118654755 7.071067811865475 3.535533905932738 8.535533905932738 4.440892098500626e-16 7.0710678118654755 -3.535533905932737 8.535533905932738 -7.071067811865475 7.0710678118654755 -8.535533905932738 3.535533905932738 -7.0710678118654755 4.440892098500626e-16 0.0 -10.0
311.0 282.0 10 7.0710678118654755 0.0 8.535533905932738 3.5355339059327373 7.0710678118654755 7.071067811865475 3.535533905932738 8.535533905932738 4.440892098500626e-16 7.0710678118654755 -3.535533905932737 8.535533905932738 -7.071067811865475 7.0710678118654755 -8.535533905932738 3.535533905932738 -7.0710678118654755 4.440892098500626e-16 0.0 -10.0
312.0 313.0 10 7.0710678118654755 0.0 8.535533905932738 3.5355339059327373 7.0710678118654755 7.071067811865475 3.535533905932738 8.535533905932738 4.440892098500626e-16 7.0710678118654755 -3.535533905932737 8.535533905932738 -7.071067811865475 7.0710678118654755 -8.535533905932738 3.535533905932738 -7.0710678118654755 4.440892098500626e-16 0.0 -10.0
97.0 383.0 10 7.0710678118654755 0.0 8.535533905932738 3.5355339059327373 7.0710678118654755 7.071067811865475 3.535533905932738 8.535533905932738 4.440892098500626e-16 7.0710678118654755 -3.535533905932737 8.535533905932738 -7.071067811865475 7.0710678118654755 -8.535533905932738 3.535533905932738 -7.0710678118654755 4.440892098500626e-16 0.0 -10.0
58.0 246.0 10 7.0710678118654755 0.0 8.535533905932738 3.5355339059327373 7.0710678118654755 7.071067811865475 3.535533905932738 8.535533905932738 4.440892098500626e-16 7.0710678118654755 -3.535533905932737 8.535533905932738 -7.071067811865475 7.0710678118654755 -8.535533905932738 3.535533905932738 -7.0710678118654755 4.440892098500626e-16 0.0 -10.0
436.0 274.0 10 7.0710678118654755 0.0 8.535533905932738 3.5355339059327373 7.0710678118654755 7.071067811865475 3.535533905932738 8.535533905932738 4.440892098500626e-16 7.0710678118654755 -3.535533905932737 8.535533905932738 -7.071067811865475 7.0710678118654755 -8.535533905932738 3.535533905932738 -7.0710678118654755 4.440892098500626e-16 0.0 -10.0
367.0 277.0 10 7.0710678118654755 0.0 8.535533905932738 3.5355339059327373 7.0710678118654755 7.071067811865475 3.535533905932738 8.535533905932738 4.440892098500626e-16 7.0710678118654755 -3.535533905932737 8.535533905932738 -7.071067811865475 7.0710678118654755 -8.535533905932738 3.535533905932738 -7.0710678118654755 4.440892098500626e-16 0.0 -10.0
