200
76.0 91.0 10 7.0710678118654755 0.0 8.535533905932738 3.5355339059327373 7.0710678118654755 7.071067811865475 3.535533905932738 8.535533905932738 4.440892098500626e-16 7.0710678118654755 -3.535533905932737 8.535533905932738 -7.071067811865475 7.0710678118654755 -8.535533905932738 3.535533905932738 -7.0710678118654755 4.440892098500626e-16 0.0 -10.0
86.0 95.0 10 7.0710678118654755 0.0 8.535533905932738 3.5355339059327373 7.0710678118654755 7.071067811865475 3.535533905932738 8.535533905932738 4.440892098500626e-16 7.0710678118654755 -3.535533905932737 8.535533905932738 -7.071067811865475 7.0710678118654755 -8.535533905932738 3.535533905932738 -7.0710678118654755 4.440892098500626e-16 0.0 -10.0
64.0 92.0 10 7.0710678118654755 0.0 8.535533905932738 3.5355339059327373 7.0710678118654755 7.071067811865475 3.535533905932738 8.535533905932738 4.440892098500626e-16 7.0710678118654755 -3.535533905932737 8.535533905932738 -7.071067811865475 7.0710678118654755 -8.535533905932738 3.535533905932738 -7.0710678118654755 4.440892098500626e-16 0.0 -10.0
80.0 94.0 10 7.0710678118654755 0.0 8.535533905932738 3.5355339059327373 7.0710678118654755 7.071067811865475 3.535533905932738 8.535533905932738 4.440892098500626e-16 7.0710678118654755 -3.535533905932737 8.535533905932738 -7.071067811865475 7.0710678118654755 -8.535533905932738 3.535533905932738 -7.0710678118654755 4.440892098500626e-16 0.0 -10.0
82.0 103.0 10 7.0710678118654755 0.0 8.535533905932738 3.5355339059327373 7.0710678118654755 7.071067811865475 3.535533905932738 8.535533905932738 4.440892098500626e-16 7.0710678118654755 -3.535533905932737 8.535533905932738 -7.071067811865475 7.0710678118654755 -8.535533905932738 3.535533905932738 -7.0710678118654755 4.440892098500626e-16 0.0 -10.0
80.0 116.0 10 7.0710678118654755 0.0 8.535533905932738 3.5355339059327373 7.0710678118654755 7.071067811865475 3.535533905932738 8.535533905932738 4.440892098500626e-16 7.0710678118654755 -3.535533905932737 8.535533905932738 -7.071067811865475 7.0710678118654755 -8.535533905932738 3.535533905932738 -7.0710678118654755 4.440892098500626e-16 0.0 -10.0
96.0 92.0 10 7.0710678118654755 0.0 8.535533905932738 3.5355339059327373 7.0710678118654755 7.071067811865475 3.535533905932738 8.535533905932738 4.440892098500626e-16 7.0710678118654755 -3.535533905932737 8.535533905932738 -7.071067811865475 7.0710678118654755 -8.535533905932738 3.535533905932738 -7.0710678118654755 4.440892098500626e-16 0.0 -10.0
107.0 99.0 10 7.0710678118654755 0.0 8.535533905932738 3.5355339059327373 7.0710678118654755 7.071067811865475 3.535533905932738 8.535533905932738 4.440892098500626e-16 7.0710678118654755 -3.535533905932737 8.535533905932738 -7.071067811865475 7.0710678118654755 -8.535533905932738 3.535533905932738 -7.0710678118654755 4.440892098500626e-16 0.0 -10.0
83.0 92.0 10 7.0710678118654755 0.0 8.535533905932738 3.5355339059327373 7.0710678118654755 7.071067811865475 3.535533905932738 8.535533905932738 4.440892098500626e-16 7.0710678118654755 -3.535533905932737 8.535533905932738 -7.071067811865475 7.0710678118654755 -8.535533905932738 3.535533905932738 -7.0710678118654755 4.440892098500626e-16 0.0 -10.0
79.0 99.0 10 7.0710678118654755 0.0 8.535533905932738 3.5355339059327373 7.0710678118654755 7.071067811865475 3.535533905932738 8.535533905932738 4.440892098500626e-16 7.0710678118654755 -3.535533905932737 8.535533905932738 -7.071067811865475 7.0710678118654755 -8.535533905932738 3.535533905932738 -7.0710678118654755 4.440892098500626e-16 0.0 -10.0
67.0 82.0 10 7.0710678118654755 0.0 8.535533905932738 3.5355339059327373 7.0710678118654755 7.071067811865475 3.535533905932738 8.535533905932738 4.440892098500626e-16 7.0710678118654755 -3.535533905932737 8.535533905932738 -7.071067811865475 7.0710678118654755 -8.535533905932738 3.535533905932738 -7.0710678118654755 4.440892098500626e-16 0.0 -10.0
95.0 112.0 10 7.0710678118654755 0.0 8.535533905932738 3.5355339059327373 7.0710678118654755 7.071067811865475 3.535533905932738 8.535533905932738 4.440892098500626e-16 7.0710678118654755 -3.535533905932737 8.535533905932738 -7.071067811865475 7.0710678118654755 -8.535533905932738 3.535533905932738 -7.0710678118654755 4.440892098500626e-16 0.0 -10.0
86.0 77.0 10 7.0710678118654755 0.0 8.535533905932738 3.5355339059327373 7.0710678118654755 7.071067811865475 3.535533905932738 8.535533905932738 4.440892098500626e-16 7.0710678118654755 -3.535533905932737 8.535533905932738 -7.071067811865475 7.0710678118654755 -8.535533905932738 3.535533905932738 -7.0710678118654755 4.440892098500626e-16 0.0 -10.0
91.0 88.0 10 7.0710678118654755 0.0 8.535533905932738 3.5355339059327373 7.0710678118654755 7.071067811865475 3.535533905932738 8.535533905932738 4.440892098500626e-16 7.0710678118654755 -3.535533905932737 8.535533905932738 -7.071067811865475 7.0710678118654755 -8.535533905932738 3.535533905932738 -7.0710678118654755 4.440892098500626e-16 0.0 -10.0
108.0 89.0 10 7.0710678118654755 0.0 8.535533905932738 3.5355339059327373 7.0710678118654755 7.071067811865475 3.535533905932738 8.535533905932738 4.440892098500626e-16 7.0710678118654755 -3.535533905932737 8.535533905932738 -7.071067811865475 7.0710678118654755 -8.535533905932738 3.535533905932738 -7.0710678118654755 4.440892098500626e-16 0.0 -10.0
88.0 84.0 10 7.0710678118654755 0.0 8.535533905932738 3.5355339059327373 7.0710678118654755 7.071067811865475 3.535533905932738 8.535533905932738 4.440892098500626e-16 7.0710678118654755 -3.535533905932737 8.535533905932738 -7.071067811865475 7.0710678118654755 -8.535533905932738 3.535533905932738 -7.0710678118654755 4.440892098500626e-16 0.0 -10.0
99.0 118.0 10 7.0710678118654755 0.0 8.535533905932738 3.5355339059327373 7.0710678118654755 7.071067811865475 3.535533905932738 8.535533905932738 4.440892098500626e-16 7.0710678118654755 -3.535533905932737 8.535533905932738 -7.071067811865475 7.0710678118654755 -8.535533905932738 3.535533905932738 -7.0710678118654755 4.440892098500626e-16 0.0 -10.0
98.0 105.0 10 7.0710678118654755 0.0 8.535533905932738 3.5355339059327373 7.0710678118654755 7.071067811865475 3.535533905932738 8.535533905932738 4.440892098500626e-16 7.0710678118654755 -3.535533905932737 8.535533905932738 -7.071067811865475 7.0710678118654755 -8.535533905932738 3.535533905932738 -7.0710678118654755 4.440892098500626e-16 0.0 -10.0
102.0 125.0 10 7.0710678118654755 0.0 8.535533905932738 3.5355339059327373 7.0710678118654755 7.071067811865475 3.535533905932738 8.535533905932738 4.440892098500626e-16 7.0710678118654755 -3.535533905932737 8.535533905932738 -7.071067811865475 7.0710678118654755 -8.535533905932738 3.535533905932738 -7.0710678118654755 4.440892098500626e-16 0.0 -10.0
66.0 92.0 10 7.0710678118654755 0.0 8.535533905932738 3.5355339059327373 7.0710678118654755 7.071067811865475 3.535533905932738 8.535533905932738 4.440892098500626e-16 7.0710678118654755 -3.535533905932737 8.535533905932738 -7.071067811865475 7.0710678118654755 -8.535533905932738 3.535533905932738 -7.0710678118654755 4.440892098500626e-16 0.0 -10.0
96.0 120.0 10 7.0710678118654755 0.0 8.535533905932738 3.5355339059327373 7.0710678118654755 7.071067811865475 3.535533905932738 8.535533905932738 4.440892098500626e-16 7.0710678118654755 -3.535533905932737 8.535533905932738 -7.071067811865475 7.0710678118654755 -8.535533905932738 3.535533905932738 -7.0710678118654755 4.440892098500626e-16 0.0 -10.0
68.0 97.0 10 7.0710678118654755 0.0 8.535533905932738 3.5355339059327373 7.0710678118654755 7.071067811865475 3.535533905932738 8.535533905932738 4.440892098500626e-16 7.0710678118654755 -3.535533905932737 8.535533905932738 -7.071067811865475 7.0710678118654755 -8.535533905932738 3.535533905932738 -7.0710678118654755 4.440892098500626e-16 0.0 -10.0
113.0 90.0 10 7.0710678118654755 0.0 8.535533905932738 3.5355339059327373 7.0710678118654755 7.071067811865475 3.535533905932738 8.535533905932738 4.440892098500626e-16 7.0710678118654755 -3.535533905932737 8.535533905932738 -7.071067811865475 7.0710678118654755 -8.535533905932738 3.535533905932738 -7.0710678118654755 4.440892098500626e-16 0.0 -10.0
69.0 79.0 10 7.0710678118654755 0.0 8.535533905932738 3.5355339059327373 7.0710678118654755 7.071067811865475 3.535533905932738 8.535533905932738 4.440892098500626e-16 7.0710678118654755 -3.535533905932737 8.535533905932738 -7.071067811865475 7.0710678118654755 -8.535533905932738 3.535533905932738 -7.0710678118654755 4.440892098500626e-16 0.0 -10.0
99.0 81.0 10 7.0710678118654755 0.0 8.535533905932738 3.5355339059327373 7.0710678118654755 7.071067811865475 3.535533905932738 8.535533905932738 4.440892098500626e-16 7.0710678118654755 -3.535533905932737 8.535533905932738 -7.071067811865475 7.0710678118654755 -8.535533905932738 3.535533905932738 -7.0710678118654755 4.440892098500626e-16 0.0 -10.0
62.0 112.0 10 7.0710678118654755 0.0 8.535533905932738 3.5355339059327373 7.0710678118654755 7.071067811865475 3.535533905932738 8.535533905932738 4.440892098500626e-16 7.0710678118654755 -3.535533905932737 8.535533905932738 -7.071067811865475 7.0710678118654755 -8.535533905932738 3.535533905932738 -7.0710678118654755 4.440892098500626e-16 0.0 -10.0
62.0 97.0 10 7.0710678118654755 0.0 8.535533905932738 3.5355339059327373 7.0710678118654755 7.071067811865475 3.535533905932738 8.535533905932738 4.440892098500626e-16 7.0710678118654755 -3.535533905932737 8.535533905932738 -7.071067811865475 7.0710678118654755 -8.535533905932738 3.535533905932738 -7.0710678118654755 4.440892098500626e-16 0.0 -10.0
104.0 107.0 10 7.0710678118654755 0.0 8.535533905932738 3.5355339059327373 7.0710678118654755 7.071067811865475 3.535533905932738 8.535533905932738 4.440892098500626e-16 7.0710678118654755 -3.535533905932737 8.535533905932738 -7.071067811865475 7.0710678118654755 -8.535533905932738 3.535533905932738 -7.0710678118654755 4.440892098500626e-16 0.0 -10.0
120.0 114.0 10 7.0710678118654755 0.0 8.535533905932738 3.5355339059327373 7.0710678118654755 7.071067811865475 3.535533905932738 8.535533905932738 4.440892098500626e-16 7.0710678118654755 -3.535533905932737 8.535533905932738 -7.071067811865475 7.0710678118654755 -8.535533905932738 3.535533905932738 -7.0710678118654755 4.440892098500626e-16 0.0 -10.0
78.0 62.0 10 7.0710678118654755 0.0 8.535533905932738 3.5355339059327373 7.0710678118654755 7.071067811865475 3.535533905932738 8.535533905932738 4.440892098500626e-16 7.0710678118654755 -3.535533905932737 8.535533905932738 -7.071067811865475 7.0710678118654755 -8.535533905932738 3.535533905932738 -7.0710678118654755 4.440892098500626e-16 0.0 -10.0
110.0 125.0 10 7.0710678118654755 0.0 8.535533905932738 3.5355339059327373 7.0710678118654755 7.071067811865475 3.535533905932738 8.535533905932738 4.440892098500626e-16 7.0710678118654755 -3.535533905932737 8.535533905932738 -7.071067811865475 7.0710678118654755 -8.535533905932738 3.535533905932738 -7.0710678118654755 4.440892098500626e-16 0.0 -10.0
81.0 131.0 10 7.0710678118654755 0.0 8.535533905932738 3.5355339059327373 7.0710678118654755 7.071067811865475 3.535533905932738 8.535533905932738 4.440892098500626e-16 7.0710678118654755 -3.535533905932737 8.535533905932738 -7.071067811865475 7.0710678118654755 -8.535533905932738 3.535533905932738 -7.0710678118654755 4.440892098500626e-16 0.0 -10.0
91.0 68.0 10 7.0710678118654755 0.0 8.535533905932738 3.5355339059327373 7.0710678118654755 7.071067811865475 3.535533905932738 8.535533905932738 4.440892098500626e-16 7.0710678118654755 -3.535533905932737 8.535533905932738 -7.071067811865475 7.0710678118654755 -8.535533905932738 3.535533905932738 -7.0710678118654755 4.440892098500626e-16 0.0 -10.0
59.0 68.0 10 7.0710678118654755 0.0 8.535533905932738 3.5355339059327373 7.0710678118654755 7.071067811865475 3.535533905932738 8.535533905932738 4.440892098500626e-16 7.0710678118654755 -3.535533905932737 8.535533905932738 -7.071067811865475 7.0710678118654755 -8.535533905932738 3.535533905932738 -7.0710678118654755 4.440892098500626e-16 0.0 -10.0
100.0 70.0 10 7.0710678118654755 0.0 8.535533905932738 3.5355339059327373 7.0710678118654755 7.071067811865475 3.535533905932738 8.535533905932738 4.440892098500626e-16 7.0710678118654755 -3.535533905932737 8.535533905932738 -7.071067811865475 7.0710678118654755 -8.535533905932738 3.535533905932738 -7.0710678118654755 4.440892098500626e-16 0.0 -10.0
78.0 109.0 10 7.0710678118654755 0.0 8.535533905932738 3.5355339059327373 7.0710678118654755 7.071067811865475 3.535533905932738 8.535533905932738 4.440892098500626e-16 7.0710678118654755 -3.535533905932737 8.535533905932738 -7.071067811865475 7.0710678118654755 -8.535533905932738 3.535533905932738 -7.0710678118654755 4.440892098500626e-16 0.0 -10.0
85.0 112.0 10 7.0710678118654755 0.0 8.535533905932738 3.5355339059327373 7.0710678118654755 7.071067811865475 3.535533905932738 8.535533905932738 4.440892098500626e-16 7.0710678118654755 -3.535533905932737 8.535533905932738 -7.071067811865475 7.0710678118654755 -8.535533905932738 3.535533905932738 -7.0710678118654755 4.440892098500626e-16 0.0 -10.0
89.0 107.0 10 7.0710678118654755 0.0 8.535533905932738 3.5355339059327373 7.0710678118654755 7.071067811865475 3.535533905932738 8.535533905932738 4.440892098500626e-16 7.0710678118654755 -3.535533905932737 8.535533905932738 -7.071067811865475 7.0710678118654755 -8.535533905932738 3.535533905932738 -7.0710678118654755 4.440892098500626e-16 0.0 -10.0
106.0 92.0 10 7.0710678118654755 0.0 8.535533905932738 3.5355339059327373 7.0710678118654755 7.071067811865475 3.535533905932738 8.535533905932738 4.440892098500626e-16 7.0710678118654755 -3.535533905932737 8.535533905932738 -7.071067811865475 7.0710678118654755 -8.535533905932738 3.535533905932738 -7.0710678118654755 4.440892098500626e-16 0.0 -10.0
52.0 75.0 10 7.0710678118654755 0.0 8.535533905932738 3.5355339059327373 7.0710678118654755 7.071067811865475 3.535533905932738 8.535533905932738 4.440892098500626e-16 7.0710678118654755 -3.535533905932737 8.535533905932738 -7.071067811865475 7.0710678118654755 -8.535533905932738 3.535533905932738 -7.0710678118654755 4.440892098500626e-16 0.0 -10.0
75.0 101.0 10 7.0710678118654755 0.0 8.535533905932738 3.5355339059327373 7.0710678118654755 7.071067811865475 3.535533905932738 8.535533905932738 4.440892098500626e-16 7.0710678118654755 -3.535533905932737 8.535533905932738 -7.071067811865475 7.0710678118654755 -8.535533905932738 3.535533905932738 -7.0710678118654755 4.440892098500626e-16 0.0 -10.0
67.0 88.0 10 7.0710678118654755 0.0 8.535533905932738 3.5355339059327373 7.0710678118654755 7.071067811865475 3.535533905932738 8.535533905932738 4.440892098500626e-16 7.0710678118654755 -3.535533905932737 8.535533905932738 -7.071067811865475 7.0710678118654755 -8.535533905932738 3.535533905932738 -7.0710678118654755 4.440892098500626e-16 0.0 -10.0
52.0 109.0 10 7.0710678118654755 0.0 8.535533905932738 3.5355339059327373 7.0710678118654755 7.071067811865475 3.535533905932738 8.535533905932738 4.440892098500626e-16 7.0710678118654755 -3.535533905932737 8.535533905932738 -7.071067811865475 7.0710678118654755 -8.535533905932738 3.535533905932738 -7.0710678118654755 4.440892098500626e-16 0.0 -10.0
101.0 90.0 10 7.0710678118654755 0.0 8.535533905932738 3.5355339059327373 7.0710678118654755 7.071067811865475 3.535533905932738 8.535533905932738 4.440892098500626e-16 7.0710678118654755 -3.535533905932737 8.535533905932738 -7.071067811865475 7.0710678118654755 -8.535533905932738 3.535533905932738 -7.0710678118654755 4.440892098500626e-16 0.0 -10.0
104.0 116.0 10 7.0710678118654755 0.0 8.535533905932738 3.5355339059327373 7.0710678118654755 7.071067811865475 3.535533905932738 8.535533905932738 4.440892098500626e-16 7.0710678118654755 -3.535533905932737 8.535533905932738 -7.071067811865475 7.0710678118654755 -8.535533905932738 3.535533905932738 -7.0710678118654755 4.440892098500626e-16 0.0 -10.0
110.0 81.0 10 7.0710678118654755 0.0 8.535533905932738 3.5355339059327373 7.0710678118654755 7.071067811865475 3.535533905932738 8.535533905932738 4.440892098500626e-16 7.0710678118654755 -3.535533905932737 8.535533905932738 -7.071067811865475 7.0710678118654755 -8.535533905932738 3.535533905932738 -7.0710678118654755 4.440892098500626e-16 0.0 -10.0
114.0 110.0 10 7.0710678118654755 0.0 8.535533905932738 3.5355339059327373 7.0710678118654755 7.071067811865475 3.535533905932738 8.535533905932738 4.440892098500626e-16 7.0710678118654755 -3.535533905932737 8.535533905932738 -7.071067811865475 7.0710678118654755 -8.535533905932738 3.535533905932738 -7.0710678118654755 4.440892098500626e-16 0.0 -10.0
121.0 105.0 10 7.0710678118654755 0.0 8.535533905932738 3.5355339059327373 7.0710678118654755 7.071067811865475 3.535533905932738 8.535533905932738 4.440892098500626e-16 7.0710678118654755 -3.535533905932737 8.535533905932738 -7.071067811865475 7.0710678118654755 -8.535533905932738 3.535533905932738 -7.0710678118654755 4.440892098500626e-16 0.0 -10.0
74.0 61.0 10 7.0710678118654755 0.0 8.535533905932738 3.5355339059327373 7.0710678118654755 7.071067811865475 3.535533905932738 8.535533905932738 4.440892098500626e-16 7.0710678118654755 -3.535533905932737 8.535533905932738 -7.071067811865475 7.0710678118654755 -8.535533905932738 3.535533905932738 -7.0710678118654755 4.440892098500626e-16 0.0 -10.0
94.0 64.0 10 7.0710678118654755 0.0 8.535533905932738 3.5355339059327373 7.0710678118654755 7.071067811865475 3.535533905932738 8.535533905932738 4.440892098500626e-16 7.0710678118654755 -3.535533905932737 8.535533905932738 -7.071067811865475 7.0710678118654755 -8.535533905932738 3.535533905932738 -7.0710678118654755 4.440892098500626e-16 0.0 -10.0
77.0 70.0 10 7.0710678118654755 0.0 8.535533905932738 3.5355339059327373 7.0710678118654755 7.071067811865475 3.535533905932738 8.535533905932738 4.440892098500626e-16 7.0710678118654755 -3.535533905932737 8.535533905932738 -7.071067811865475 7.0710678118654755 -8.535533905932738 3.535533905932738 -7.0710678118654755 4.440892098500626e-16 0.0 -10.0
121.0 71.0 10 7.0710678118654755 0.0 8.535533905932738 3.5355339059327373 7.0710678118654755 7.071067811865475 3.535533905932738 8.535533905932738 4.440892098500626e-16 7.0710678118654755 -3.535533905932737 8.535533905932738 -7.071067811865475 7.0710678118654755 -8.535533905932738 3.535533905932738 -7.0710678118654755 4.440892098500626e-16 0.0 -10.0
39.0 94.0 10 7.0710678118654755 0.0 8.535533905932738 3.5355339059327373 7.0710678118654755 7.071067811865475 3.535533905932738 8.535533905932738 4.440892098500626e-16 7.0710678118654755 -3.535533905932737 8.535533905932738 -7.071067811865475 7.0710678118654755 -8.535533905932738 3.535533905932738 -7.0710678118654755 4.440892098500626e-16 0.0 -10.0
112.0 94.0 10 7.0710678118654755 0.0 8.535533905932738 3.5355339059327373 7.0710678118654755 7.071067811865475 3.535533905932738 8.535533905932738 4.440892098500626e-16 7.0710678118654755 -3.535533905932737 8.535533905932738 -7.071067811865475 7.0710678118654755 -8.535533905932738 3.535533905932738 -7.0710678118654755 4.440892098500626e-16 0.0 -10.0
95.0 58.0 10 7.0710678118654755 0.0 8.535533905932738 3.5355339059327373 7.0710678118654755 7.071067811865475 3.535533905932738 8.535533905932738 4.440892098500626e-16 7.0710678118654755 -3.535533905932737 8.535533905932738 -7.071067811865475 7.0710678118654755 -8.535533905932738 3.535533905932738 -7.0710678118654755 4.440892098500626e-16 0.0 -10.0
95.0 78.0 10 7.0710678118654755 0.0 8.535533905932738 3.5355339059327373 7.0710678118654755 7.071067811865475 3.535533905932738 8.535533905932738 4.440892098500626e-16 7.0710678118654755 -3.535533905932737 8.535533905932738 -7.071067811865475 7.0710678118654755 -8.535533905932738 3.535533905932738 -7.0710678118654755 4.440892098500626e-16 0.0 -10.0
87.0 116.0 10 7.0710678118654755 0.0 8.535533905932738 3.5355339059327373 7.0710678118654755 7.071067811865475 3.535533905932738 8.535533905932738 4.440892098500626e-16 7.0710678118654755 -3.535533905932737 8.535533905932738 -7.071067811865475 7.0710678118654755 -8.535533905932738 3.535533905932738 -7.0710678118654755 4.440892098500626e-16 0.0 -10.0
102.0 102.0 10 7.0710678118654755 0.0 8.535533905932738 3.5355339059327373 7.0710678118654755 7.071067811865475 3.535533905932738 8.535533905932738 4.440892098500626e-16 7.0710678118654755 -3.535533905932737 8.535533905932738 -7.071067811865475 7.0710678118654755 -8.535533905932738 3.535533905932738 -7.0710678118654755 4.440892098500626e-16 0.0 -10.0
76.0 67.0 10 7.0710678118654755 0.0 8.535533905932738 3.5355339059327373 7.0710678118654755 7.071067811865475 3.535533905932738 8.535533905932738 4.440892098500626e-16 7.0710678118654755 -3.535533905932737 8.535533905932738 -7.071067811865475 7.0710678118654755 -8.535533905932738 3.535533905932738 -7.0710678118654755 4.440892098500626e-16 0.0 -10.0
112.0 72.0 10 7.0710678118654755 0.0 8.535533905932738 3.5355339059327373 7.0710678118654755 7.071067811865475 3.535533905932738 8.535533905932738 4.440892098500626e-16 7.0710678118654755 -3.535533905932737 8.535533905932738 -7.071067811865475 7.0710678118654755 -8.535533905932738 3.535533905932738 -7.0710678118654755 4.440892098500626e-16 0.0 -10.0
73.0 123.0 10 7.0710678118654755 0.0 8.535533905932738 3.5355339059327373 7.0710678118654755 7.071067811865475 3.535533905932738 8.535533905932738 4.440892098500626e-16 7.0710678118654755 -3.535533905932737 8.535533905932738 -7.071067811865475 7.0710678118654755 -8.535533905932738 3.535533905932738 -7.0710678118654755 4.440892098500626e-16 0.0 -10.0
101.0 130.0 10 7.0710678118654755 0.0 8.535533905932738 3.5355339059327373 7.0710678118654755 7.071067811865475 3.535533905932738 8.535533905932738 4.440892098500626e-16 7.0710678118654755 -3.535533905932737 8.535533905932738 -7.071067811865475 7.0710678118654755 -8.535533905932738 3.535533905932738 -7.0710678118654755 4.440892098500626e-16 0.0 -10.0
93.0 137.0 10 7.0710678118654755 0.0 8.535533905932738 3.5355339059327373 7.0710678118654755 7.071067811865475 3.535533905932738 8.535533905932738 4.440892098500626e-16 7.0710678118654755 -3.535533905932737 8.535533905932738 -7.071067811865475 7.0710678118654755 -8.535533905932738 3.535533905932738 -7.0710678118654755 4.440892098500626e-16 0.0 -10.0
58.0 91.0 10 7.0710678118654755 0.0 8.535533905932738 3.5355339059327373 7.0710678118654755 7.071067811865475 3.535533905932738 8.535533905932738 4.440892098500626e-16 7.0710678118654755 -3.535533905932737 8.535533905932738 -7.071067811865475 7.0710678118654755 -8.535533905932738 3.535533905932738 -7.0710678118654755 4.440892098500626e-16 0.0 -10.0
61.0 71.0 10 7.0710678118654755 0.0 8.535533905932738 3.5355339059327373 7.0710678118654755 7.071067811865475 3.535533905932738 8.535533905932738 4.440892098500626e-16 7.0710678118654755 -3.535533905932737 8.535533905932738 -7.071067811865475 7.0710678118654755 -8.535533905932738 3.535533905932738 -7.0710678118654755 4.440892098500626e-16 0.0 -10.0
122.0 99.0 10 7.0710678118654755 0.0 8.535533905932738 3.5355339059327373 7.0710678118654755 7.071067811865475 3.535533905932738 8.535533905932738 4.440892098500626e-16 7.0710678118654755 -3.535533905932737 8.535533905932738 -7.071067811865475 7.0710678118654755 -8.535533905932738 3.535533905932738 -7.0710678118654755 4.440892098500626e-16 0.0 -10.0
93.0 103.0 10 7.0710678118654755 0.0 8.535533905932738 3.5355339059327373 7.0710678118654755 7.071067811865475 3.535533905932738 8.535533905932738 4.440892098500626e-16 7.0710678118654755 -3.535533905932737 8.535533905932738 -7.071067811865475 7.0710678118654755 -8.535533905932738 3.535533905932738 -7.0710678118654755 4.440892098500626e-16 0.0 -10.0
131.0 115.0 10 7.0710678118654755 0.0 8.535533905932738 3.5355339059327373 7.0710678118654755 7.071067811865475 3.535533905932738 8.535533905932738 4.440892098500626e-16 7.0710678118654755 -3.535533905932737 8.535533905932738 -7.071067811865475 7.0710678118654755 -8.535533905932738 3.535533905932738 -7.0710678118654755 4.440892098500626e-16 0.0 -10.0
114.0 126.0 10 7.0710678118654755 0.0 8.535533905932738 3.5355339059327373 7.0710678118654755 7.071067811865475 3.535533905932738 8.535533905932738 4.440892098500626e-16 7.0710678118654755 -3.535533905932737 8.535533905932738 -7.071067811865475 7.0710678118654755 -8.535533905932738 3.535533905932738 -7.0710678118654755 4.440892098500626e-16 0.0 -10.0
74.0 73.0 10 7.0710678118654755 0.0 8.535533905932738 3.5355339059327373 7.0710678118654755 7.071067811865475 3.535533905932738 8.535533905932738 4.440892098500626e-16 7.0710678118654755 -3.535533905932737 8.535533905932738 -7.071067811865475 7.0710678118654755 -8.535533905932738 3.535533905932738 -7.0710678118654755 4.440892098500626e-16 0.0 -10.0
63.0 54.0 10 7.0710678118654755 0.0 8.535533905932738 3.5355339059327373 7.0710678118654755 7.071067811865475 3.535533905932738 8.535533905932738 4.440892098500626e-16 7.0710678118654755 -3.535533905932737 8.535533905932738 -7.071067811865475 7.0710678118654755 -8.535533905932738 3.535533905932738 -7.0710678118654755 4.440892098500626e-16 0.0 -10.0
75.0 56.0 10 7.0710678118654755 0.0 8.535533905932738 3.5355339059327373 7.0710678118654755 7.071067811865475 3.535533905932738 8.535533905932738 4.440892098500626e-16 7.0710678118654755 -3.535533905932737 8.535533905932738 -7.071067811865475 7.0710678118654755 -8.535533905932738 3.535533905932738 -7.0710678118654755 4.440892098500626e-16 0.0 -10.0
115.0 101.0 10 7.0710678118654755 0.0 8.535533905932738 3.5355339059327373 7.0710678118654755 7.071067811865475 3.535533905932738 8.535533905932738 4.440892098500626e-16 7.0710678118654755 -3.535533905932737 8.535533905932738 -7.071067811865475 7.0710678118654755 -8.535533905932738 3.535533905932738 -7.0710678118654755 4.440892098500626e-16 0.0 -10.0
63.0 62.0 10 7.0710678118654755 0.0 8.535533905932738 3.5355339059327373 7.0710678118654755 7.071067811865475 3.535533905932738 8.535533905932738 4.440892098500626e-16 7.0710678118654755 -3.535533905932737 8.535533905932738 -7.071067811865475 7.0710678118654755 -8.535533905932738 3.535533905932738 -7.0710678118654755 4.440892098500626e-16 0.0 -10.0
106.0 128.0 10 7.0710678118654755 0.0 8.535533905932738 3.5355339059327373 7.0710678118654755 7.071067811865475 3.535533905932738 8.535533905932738 4.440892098500626e-16 7.0710678118654755 -3.535533905932737 8.535533905932738 -7.071067811865475 7.0710678118654755 -8.535533905932738 3.535533905932738 -7.0710678118654755 4.440892098500626e-16 0.0 -10.0
57.0 126.0 10 7.0710678118654755 0.0 8.535533905932738 3.5355339059327373 7.0710678118654755 7.071067811865475 3.535533905932738 8.535533905932738 4.440892098500626e-16 7.0710678118654755 -3.535533905932737 8.535533905932738 -7.071067811865475 7.0710678118654755 -8.535533905932738 3.535533905932738 -7.0710678118654755 4.440892098500626e-16 0.0 -10.0
95.0 48.0 10 7.0710678118654755 0.0 8.535533905932738 3.5355339059327373 7.0710678118654755 7.071067811865475 3.535533905932738 8.535533905932738 4.440892098500626e-16 7.0710678118654755 -3.535533905932737 8.535533905932738 -7.071067811865475 7.0710678118654755 -8.535533905932738 3.535533905932738 -7.0710678118654755 4.440892098500626e-16 0.0 -10.0
52.0 96.0 10 7.0710678118654755 0.0 8.535533905932738 3.5355339059327373 7.0710678118654755 7.071067811865475 3.535533905932738 8.535533905932738 4.440892098500626e-16 7.0710678118654755 -3.535533905932737 8.535533905932738 -7.071067811865475 7.0710678118654755 -8.535533905932738 3.535533905932738 -7.0710678118654755 4.440892098500626e-16 0.0 -10.0
61.0 118.0 10 7.0710678118654755 0.0 8.535533905932738 3.5355339059327373 7.0710678118654755 7.071067811865475 3.535533905932738 8.535533905932738 4.440892098500626e-16 7.0710678118654755 -3.535533905932737 8.535533905932738 -7.071067811865475 7.0710678118654755 -8.535533905932738 3.535533905932738 -7.0710678118654755 4.440892098500626e-16 0.0 -10.0
81.0 119.0 10 7.0710678118654755 0.0 8.535533905932738 3.5355339059327373 7.0710678118654755 7.071067811865475 3.535533905932738 8.535533905932738 4.440892098500626e-16 7.0710678118654755 -3.535533905932737 8.535533905932738 -7.071067811865475 7.0710678118654755 -8.535533905932738 3.535533905932738 -7.0710678118654755 4.440892098500626e-16 0.0 -10.0
68.0 125.0 10 7.0710678118654755 0.0 8.535533905932738 3.5355339059327373 7.0710678118654755 7.071067811865475 3.535533905932738 8.535533905932738 4.440892098500626e-16 7.0710678118654755 -3.535533905932737 8.535533905932738 -7.071067811865475 7.0710678118654755 -8.535533905932738 3.535533905932738 -7.0710678118654755 4.440892098500626e-16 0.0 -10.0
32.0 84.0 10 7.0710678118654755 0.0 8.535533905932738 3.5355339059327373 7.0710678118654755 7.071067811865475 3.535533905932738 8.535533905932738 4.440892098500626e-16 7.0710678118654755 -3.535533905932737 8.535533905932738 -7.071067811865475 7.0710678118654755 -8.535533905932738 3.535533905932738 -7.0710678118654755 4.440892098500626e-16 0.0 -10.0
99.0 135.0 10 7.0710678118654755 0.0 8.535533905932738 3.5355339059327373 7.0710678118654755 7.071067811865475 3.535533905932738 8.535533905932738 4.440892098500626e-16 7.0710678118654755 -3.535533905932737 8.535533905932738 -7.071067811865475 7.0710678118654755 -8.535533905932738 3.535533905932738 -7.0710678118654755 4.440892098500626e-16 0.0 -10.0
102.0 108.0 10 7.0710678118654755 0.0 8.535533905932738 3.5355339059327373 7.0710678118654755 7.071067811865475 3.535533905932738 8.535533905932738 4.440892098500626e-16 7.0710678118654755 -3.535533905932737 8.535533905932738 -7.071067811865475 7.0710678118654755 -8.535533905932738 3.535533905932738 -7.0710678118654755 4.440892098500626e-16 0.0 -10.0
57.0 119.0 10 7.0710678118654755 0.0 8.535533905932738 3.5355339059327373 7.0710678118654755 7.071067811865475 3.535533905932738 8.535533905932738 4.440892098500626e-16 7.0710678118654755 -3.535533905932737 8.535533905932738 -7.071067811865475 7.0710678118654755 -8.535533905932738 3.535533905932738 -7.0710678118654755 4.440892098500626e-16 0.0 -10.0
94.0 38.0 10 7.0710678118654755 0.0 8.535533905932738 3.5355339059327373 7.0710678118654755 7.071067811865475 3.535533905932738 8.535533905932738 4.440892098500626e-16 7.0710678118654755 -3.535533905932737 8.535533905932738 -7.071067811865475 7.0710678118654755 -8.535533905932738 3.535533905932738 -7.0710678118654755 4.440892098500626e-16 0.0 -10.0
63.0 106.0 10 7.0710678118654755 0.0 8.535533905932738 3.5355339059327373 7.0710678118654755 7.071067811865475 3.535533905932738 8.535533905932738 4.440892098500626e-16 7.0710678118654755 -3.535533905932737 8.535533905932738 -7.071067811865475 7.0710678118654755 -8.535533905932738 3.535533905932738 -7.0710678118654755 4.440892098500626e-16 0.0 -10.0
105.0 74.0 10 7.0710678118654755 0.0 8.535533905932738 3.5355339059327373 7.0710678118654755 7.071067811865475 3.535533905932738 8.535533905932738 4.440892098500626e-16 7.0710678118654755 -3.535533905932737 8.535533905932738 -7.071067811865475 7.0710678118654755 -8.535533905932738 3.535533905932738 -7.0710678118654755 4.440892098500626e-16 0.0 -10.0
77.0 153.0 10 7.0710678118654755 0.0 8.535533905932738 3.5355339059327373 7.0710678118654755 7.071067811865475 3.535533905932738 8.535533905932738 4.440892098500626e-16 7.0710678118654755 -3.535533905932737 8.535533905932738 -7.071067811865475 7.0710678118654755 -8.535533905932738 3.535533905932738 -7.0710678118654755 4.440892098500626e-16 0.0 -10.0
78.0 121.0 10 7.0710678118654755 0.0 8.535533905932738 3.5355339059327373 7.0710678118654755 7.071067811865475 3.535533905932738 8.535533905932738 4.440892098500626e-16 7.0710678118654755 -3.535533905932737 8.535533905932738 -7.071067811865475 7.0710678118654755 -8.535533905932738 3.535533905932738 -7.0710678118654755 4.440892098500626e-16 0.0 -10.0
115.0 106.0 10 7.0710678118654755 0.0 8.535533905932738 3.5355339059327373 7.0710678118654755 7.071067811865475 3.535533905932738 8.535533905932738 4.440892098500626e-16 7.0710678118654755 -3.535533905932737 8.535533905932738 -7.071067811865475 7.0710678118654755 -8.535533905932738 3.535533905932738 -7.0710678118654755 4.440892098500626e-16 0.0 -10.0
111.0 140.0 10 7.0710678118654755 0.0 8.535533905932738 3.5355339059327373 7.0710678118654755 7.071067811865475 3.535533905932738 8.535533905932738 4.440892098500626e-16 7.0710678118654755 -3.535533905932737 8.535533905932738 -7.071067811865475 7.0710678118654755 -8.535533905932738 3.535533905932738 -7.0710678118654755 4.440892098500626e-16 0.0 -10.0
50.0 123.0 10 7.0710678118654755 0.0 8.535533905932738 3.5355339059327373 7.0710678118654755 7.071067811865475 3.535533905932738 8.535533905932738 4.440892098500626e-16 7.0710678118654755 -3.535533905932737 8.535533905932738 -7.071067811865475 7.0710678118654755 -8.535533905932738 3.535533905932738 -7.0710678118654755 4.440892098500626e-16 0.0 -10.0
141.0 105.0 10 7.0710678118654755 0.0 8.535533905932738 3.5355339059327373 7.0710678118654755 7.071067811865475 3.535533905932738 8.535533905932738 4.440892098500626e-16 7.0710678118654755 -3.535533905932737 8.535533905932738 -7.071067811865475 7.0710678118654755 -8.535533905932738 3.535533905932738 -7.0710678118654755 4.440892098500626e-16 0.0 -10.0
78.0 53.0 10 7.0710678118654755 0.0 8.535533905932738 3.5355339059327373 7.0710678118654755 7.071067811865475 3.535533905932738 8.535533905932738 4.440892098500626e-16 7.0710678118654755 -3.535533905932737 8.535533905932738 -7.071067811865475 7.0710678118654755 -8.535533905932738 3.535533905932738 -7.0710678118654755 4.440892098500626e-16 0.0 -10.0
144.0 95.0 10 7.0710678118654755 0.0 8.535533905932738 3.5355339059327373 7.0710678118654755 7.071067811865475 3.535533905932738 8.535533905932738 4.440892098500626e-16 7.0710678118654755 -3.535533905932737 8.535533905932738 -7.071067811865475 7.0710678118654755 -8.535533905932738 3.535533905932738 -7.0710678118654755 4.440892098500626e-16 0.0 -10.0
62.0 86.0 10 7.0710678118654755 0.0 8.535533905932738 3.5355339059327373 7.0710678118654755 7.071067811865475 3.535533905932738 8.535533905932738 4.440892098500626e-16 7.0710678118654755 -3.535533905932737 8.535533905932738 -7.071067811865475 7.0710678118654755 -8.535533905932738 3.535533905932738 -7.0710678118654755 4.440892098500626e-16 0.0 -10.0
51.0 103.0 10 7.0710678118654755 0.0 8.535533905932738 3.5355339059327373 7.0710678118654755 7.071067811865475 3.535533905932738 8.535533905932738 4.440892098500626e-16 7.0710678118654755 -3.535533905932737 8.535533905932738 -7.071067811865475 7.0710678118654755 -8.535533905932738 3.535533905932738 -7.0710678118654755 4.440892098500626e-16 0.0 -10.0
55.0 67.0 10 7.0710678118654755 0.0 8.535533905932738 3.5355339059327373 7.0710678118654755 7.071067811865475 3.535533905932738 8.535533905932738 4.440892098500626e-16 7.0710678118654755 -3.535533905932737 8.535533905932738 -7.071067811865475 7.0710678118654755 -8.535533905932738 3.535533905932738 -7.0710678118654755 4.440892098500626e-16 0.0 -10.0
43.0 75.0 10 7.0710678118654755 0.0 8.535533905932738 3.5355339059327373 7.0710678118654755 7.071067811865475 3.535533905932738 8.535533905932738 4.440892098500626e-16 7.0710678118654755 -3.535533905932737 8.535533905932738 -7.071067811865475 7.0710678118654755 -8.535533905932738 3.535533905932738 -7.0710678118654755 4.440892098500626e-16 0.0 -10.0
82.0 55.0 10 7.0710678118654755 0.0 8.535533905932738 3.5355339059327373 7.0710678118654755 7.071067811865475 3.535533905932738 8.535533905932738 4.440892098500626e-16 7.0710678118654755 -3.535533905932737 8.535533905932738 -7.071067811865475 7.0710678118654755 -8.535533905932738 3.535533905932738 -7.0710678118654755 4.440892098500626e-16 0.0 -10.0
124.0 147.0 10 7.0710678118654755 0.0 8.535533905932738 3.5355339059327373 7.0710678118654755 7.071067811865475 3.535533905932738 8.535533905932738 4.440892098500626e-16 7.0710678118654755 -3.535533905932737 8.535533905932738 -7.071067811865475 7.0710678118654755 -8.535533905932738 3.535533905932738 -7.0710678118654755 4.440892098500626e-16 0.0 -10.0
68.0 73.0 10 7.0710678118654755 0.0 8.535533905932738 3.5355339059327373 7.0710678118654755 7.071067811865475 3.535533905932738 8.535533905932738 4.440892098500626e-16 7.0710678118654755 -3.535533905932737 8.535533905932738 -7.071067811865475 7.0710678118654755 -8.535533905932738 3.535533905932738 -7.0710678118654755 4.440892098500626e-16 0.0 -10.0
85.0 38.0 10 7.0710678118654755 0.0 8.535533905932738 3.5355339059327373 7.0710678118654755 7.071067811865475 3.535533905932738 8.535533905932738 4.440892098500626e-16 7.0710678118654755 -3.535533905932737 8.535533905932738 -7.071067811865475 7.0710678118654755 -8.535533905932738 3.535533905932738 -7.0710678118654755 4.440892098500626e-16 0.0 -10.0
65.0 78.0 10 7.0710678118654755 0.0 8.535533905932738 3.5355339059327373 7.0710678118654755 7.071067811865475 3.535533905932738 8.535533905932738 4.440892098500626e-16 7.0710678118654755 -3.535533905932737 8.535533905932738 -7.071067811865475 7.0710678118654755 -8.535533905932738 3.535533905932738 -7.0710678118654755 4.440892098500626e-16 0.0 -10.0
49.0 129.0 10 7.0710678118654755 0.0 8.535533905932738 3.5355339059327373 7.0710678118654755 7.071067811865475 3.535533905932738 8.535533905932738 4.440892098500626e-16 7.0710678118654755 -3.535533905932737 8.535533905932738 -7.071067811865475 7.0710678118654755 -8.535533905932738 3.535533905932738 -7.0710678118654755 4.440892098500626e-16 0.0 -10.0
131.0 88.0 10 7.0710678118654755 0.0 8.535533905932738 3.5355339059327373 7.0710678118654755 7.071067811865475 3.535533905932738 8.535533905932738 4.440892098500626e-16 7.0710678118654755 -3.535533905932737 8.535533905932738 -7.071067811865475 7.0710678118654755 -8.535533905932738 3.535533905932738 -7.0710678118654755 4.440892098500626e-16 0.0 -10.0
90.0 74.0 10 7.0710678118654755 0.0 8.535533905932738 3.5355339059327373 7.0710678118654755 7.071067811865475 3.535533905932738 8.535533905932738 4.440892098500626e-16 7.0710678118654755 -3.535533905932737 8.535533905932738 -7.071067811865475 7.0710678118654755 -8.535533905932738 3.535533905932738 -7.0710678118654755 4.440892098500626e-16 0.0 -10.0
119.0 119.0 10 7.0710678118654755 0.0 8.535533905932738 3.5355339059327373 7.0710678118654755 7.071067811865475 3.535533905932738 8.535533905932738 4.440892098500626e-16 7.0710678118654755 -3.535533905932737 8.535533905932738 -7.071067811865475 7.0710678118654755 -8.535533905932738 3.535533905932738 -7.0710678118654755 4.440892098500626e-16 0.0 -10.0
40.0 107.0 10 7.0710678118654755 0.0 8.535533905932738 3.5355339059327373 7.0710678118654755 7.071067811865475 3.535533905932738 8.535533905932738 4.440892098500626e-16 7.0710678118654755 -3.535533905932737 8.535533905932738 -7.071067811865475 7.0710678118654755 -8.535533905932738 3.535533905932738 -7.0710678118654755 4.440892098500626e-16 0.0 -10.0
107.0 43.0 10 7.0710678118654755 0.0 8.535533905932738 3.5355339059327373 7.0710678118654755 7.071067811865475 3.535533905932738 8.535533905932738 4.440892098500626e-16 7.0710678118654755 -3.535533905932737 8.535533905932738 -7.071067811865475 7.0710678118654755 -8.535533905932738 3.535533905932738 -7.0710678118654755 4.440892098500626e-16 0.0 -10.0
66.0 61.0 10 7.0710678118654755 0.0 8.535533905932738 3.5355339059327373 7.0710678118654755 7.071067811865475 3.535533905932738 8.535533905932738 4.440892098500626e-16 7.0710678118654755 -3.535533905932737 8.535533905932738 -7.071067811865475 7.0710678118654755 -8.535533905932738 3.535533905932738 -7.0710678118654755 4.440892098500626e-16 0.0 -10.0
39.0 58.0 10 7.0710678118654755 0.0 8.535533905932738 3.5355339059327373 7.0710678118654755 7.071067811865475 3.535533905932738 8.535533905932738 4.440892098500626e-16 7.0710678118654755 -3.535533905932737 8.535533905932738 -7.071067811865475 7.0710678118654755 -8.535533905932738 3.535533905932738 -7.0710678118654755 4.440892098500626e-16 0.0 -10.0
76.0 134.0 10 7.0710678118654755 0.0 8.535533905932738 3.5355339059327373 7.0710678118654755 7.071067811865475 3.535533905932738 8.535533905932738 4.440892098500626e-16 7.0710678118654755 -3.535533905932737 8.535533905932738 -7.071067811865475 7.0710678118654755 -8.535533905932738 3.535533905932738 -7.0710678118654755 4.440892098500626e-16 0.0 -10.0
90.0 58.0 10 7.0710678118654755 0.0 8.535533905932738 3.5355339059327373 7.0710678118654755 7.071067811865475 3.535533905932738 8.535533905932738 4.440892098500626e-16 7.0710678118654755 -3.535533905932737 8.535533905932738 -7.071067811865475 7.0710678118654755 -8.535533905932738 3.535533905932738 -7.0710678118654755 4.440892098500626e-16 0.0 -10.0
126.0 81.0 10 7.0710678118654755 0.0 8.535533905932738 3.5355339059327373 7.0710678118654755 7.071067811865475 3.535533905932738 8.535533905932738 4.440892098500626e-16 7.0710678118654755 -3.535533905932737 8.535533905932738 -7.071067811865475 7.0710678118654755 -8.535533905932738 3.535533905932738 -7.0710678118654755 4.440892098500626e-16 0.0 -10.0
51.0 54.0 10 7.0710678118654755 0.0 8.535533905932738 3.5355339059327373 7.0710678118654755 7.071067811865475 3.535533905932738 8.535533905932738 4.440892098500626e-16 7.0710678118654755 -3.535533905932737 8.535533905932738 -7.071067811865475 7.0710678118654755 -8.535533905932738 3.535533905932738 -7.0710678118654755 4.440892098500626e-16 0.0 -10.0
51.0 67.0 10 7.0710678118654755 0.0 8.535533905932738 3.5355339059327373 7.0710678118654755 7.071067811865475 3.535533905932738 8.535533905932738 4.440892098500626e-16 7.0710678118654755 -3.535533905932737 8.535533905932738 -7.071067811865475 7.0710678118654755 -8.535533905932738 3.535533905932738 -7.0710678118654755 4.440892098500626e-16 0.0 -10.0
114.0 61.0 10 7.0710678118654755 0.0 8.535533905932738 3.5355339059327373 7.0710678118654755 7.071067811865475 3.535533905932738 8.535533905932738 4.440892098500626e-16 7.0710678118654755 -3.535533905932737 8.535533905932738 -7.071067811865475 7.0710678118654755 -8.535533905932738 3.535533905932738 -7.0710678118654755 4.440892098500626e-16 0.0 -10.0
64.0 121.0 10 7.0710678118654755 0.0 8.535533905932738 3.5355339059327373 7.0710678118654755 7.071067811865475 3.535533905932738 8.535533905932738 4.440892098500626e-16 7.0710678118654755 -3.535533905932737 8.535533905932738 -7.071067811865475 7.0710678118654755 -8.535533905932738 3.535533905932738 -7.0710678118654755 4.440892098500626e-16 0.0 -10.0
125.0 46.0 10 7.0710678118654755 0.0 8.535533905932738 3.5355339059327373 7.0710678118654755 7.071067811865475 3.535533905932738 8.535533905932738 4.440892098500626e-16 7.0710678118654755 -3.535533905932737 8.535533905932738 -7.071067811865475 7.0710678118654755 -8.535533905932738 3.535533905932738 -7.0710678118654755 4.440892098500626e-16 0.0 -10.0
101.0 54.0 10 7.0710678118654755 0.0 8.535533905932738 3.5355339059327373 7.0710678118654755 7.071067811865475 3.535533905932738 8.535533905932738 4.440892098500626e-16 7.0710678118654755 -3.535533905932737 8.535533905932738 -7.071067811865475 7.0710678118654755 -8.535533905932738 3.535533905932738 -7.0710678118654755 4.440892098500626e-16 0.0 -10.0
76.0 112.0 10 7.0710678118654755 0.0 8.535533905932738 3.5355339059327373 7.0710678118654755 7.071067811865475 3.535533905932738 8.535533905932738 4.440892098500626e-16 7.0710678118654755 -3.535533905932737 8.535533905932738 -7.071067811865475 7.0710678118654755 -8.535533905932738 3.535533905932738 -7.0710678118654755 4.440892098500626e-16 0.0 -10.0
134.0 125.0 10 7.0710678118654755 0.0 8.535533905932738 3.5355339059327373 7.0710678118654755 7.071067811865475 3.535533905932738 8.535533905932738 4.440892098500626e-16 7.0710678118654755 -3.535533905932737 8.535533905932738 -7.071067811865475 7.0710678118654755 -8.535533905932738 3.535533905932738 -7.0710678118654755 4.440892098500626e-16 0.0 -10.0
71.0 138.0 10 7.0710678118654755 0.0 8.535533905932738 3.5355339059327373 7.0710678118654755 7.071067811865475 3.535533905932738 8.535533905932738 4.440892098500626e-16 7.0710678118654755 -3.535533905932737 8.535533905932738 -7.071067811865475 7.0710678118654755 -8.535533905932738 3.535533905932738 -7.0710678118654755 4.440892098500626e-16 0.0 -10.0
66.0 139.0 10 7.0710678118654755 0.0 8.535533905932738 3.5355339059327373 7.0710678118654755 7.071067811865475 3.535533905932738 8.535533905932738 4.440892098500626e-16 7.0710678118654755 -3.535533905932737 8.535533905932738 -7.071067811865475 7.0710678118654755 -8.535533905932738 3.535533905932738 -7.0710678118654755 4.440892098500626e-16 0.0 -10.0
31.0 91.0 10 7.0710678118654755 0.0 8.535533905932738 3.5355339059327373 7.0710678118654755 7.071067811865475 3.535533905932738 8.535533905932738 4.440892098500626e-16 7.0710678118654755 -3.535533905932737 8.535533905932738 -7.071067811865475 7.0710678118654755 -8.535533905932738 3.535533905932738 -7.0710678118654755 4.440892098500626e-16 0.0 -10.0
94.0 143.0 10 7.0710678118654755 0.0 8.535533905932738 3.5355339059327373 7.0710678118654755 7.071067811865475 3.535533905932738 8.535533905932738 4.440892098500626e-16 7.0710678118654755 -3.535533905932737 8.535533905932738 -7.071067811865475 7.0710678118654755 -8.535533905932738 3.535533905932738 -7.0710678118654755 4.440892098500626e-16 0.0 -10.0
41.0 86.0 10 7.0710678118654755 0.0 8.535533905932738 3.5355339059327373 7.0710678118654755 7.071067811865475 3.535533905932738 8.535533905932738 4.440892098500626e-16 7.0710678118654755 -3.535533905932737 8.535533905932738 -7.071067811865475 7.0710678118654755 -8.535533905932738 3.535533905932738 -7.0710678118654755 4.440892098500626e-16 0.0 -10.0
46.0 39.0 10 7.0710678118654755 0.0 8.535533905932738 3.5355339059327373 7.0710678118654755 7.071067811865475 3.535533905932738 8.535533905932738 4.440892098500626e-16 7.0710678118654755 -3.535533905932737 8.535533905932738 -7.071067811865475 7.0710678118654755 -8.535533905932738 3.535533905932738 -7.0710678118654755 4.440892098500626e-16 0.0 -10.0
125.0 61.0 10 7.0710678118654755 0.0 8.535533905932738 3.5355339059327373 7.0710678118654755 7.071067811865475 3.535533905932738 8.535533905932738 4.440892098500626e-16 7.0710678118654755 -3.535533905932737 8.535533905932738 -7.071067811865475 7.0710678118654755 -8.535533905932738 3.535533905932738 -7.0710678118654755 4.440892098500626e-16 0.0 -10.0
60.0 48.0 10 7.0710678118654755 0.0 8.535533905932738 3.5355339059327373 7.0710678118654755 7.071067811865475 3.535533905932738 8.535533905932738 4.440892098500626e-16 7.0710678118654755 -3.535533905932737 8.535533905932738 -7.071067811865475 7.0710678118654755 -8.535533905932738 3.535533905932738 -7.0710678118654755 4.440892098500626e-16 0.0 -10.0
65.0 132.0 10 7.0710678118654755 0.0 8.535533905932738 3.5355339059327373 7.0710678118654755 7.071067811865475 3.535533905932738 8.535533905932738 4.440892098500626e-16 7.0710678118654755 -3.535533905932737 8.535533905932738 -7.071067811865475 7.0710678118654755 -8.535533905932738 3.535533905932738 -7.0710678118654755 4.440892098500626e-16 0.0 -10.0
108.0 60.0 10 7.0710678118654755 0.0 8.535533905932738 3.5355339059327373 7.0710678118654755 7.071067811865475 3.535533905932738 8.535533905932738 4.440892098500626e-16 7.0710678118654755 -3.535533905932737 8.535533905932738 -7.071067811865475 7.0710678118654755 -8.535533905932738 3.535533905932738 -7.0710678118654755 4.440892098500626e-16 0.0 -10.0
107.0 56.0 10 7.0710678118654755 0.0 8.535533905932738 3.5355339059327373 7.0710678118654755 7.071067811865475 3.535533905932738 8.535533905932738 4.440892098500626e-16 7.0710678118654755 -3.535533905932737 8.535533905932738 -7.071067811865475 7.0710678118654755 -8.535533905932738 3.535533905932738 -7.0710678118654755 4.440892098500626e-16 0.0 -10.0
78.0 144.0 10 7.0710678118654755 0.0 8.535533905932738 3.5355339059327373 7.0710678118654755 7.071067811865475 3.535533905932738 8.535533905932738 4.440892098500626e-16 7.0710678118654755 -3.535533905932737 8.535533905932738 -7.071067811865475 7.0710678118654755 -8.535533905932738 3.535533905932738 -7.0710678118654755 4.440892098500626e-16 0.0 -10.0
56.0 101.0 10 7.0710678118654755 0.0 8.535533905932738 3.5355339059327373 7.0710678118654755 7.071067811865475 3.535533905932738 8.535533905932738 4.440892098500626e-16 7.0710678118654755 -3.535533905932737 8.535533905932738 -7.071067811865475 7.0710678118654755 -8.535533905932738 3.535533905932738 -7.0710678118654755 4.440892098500626e-16 0.0 -10.0
127.0 138.0 10 7.0710678118654755 0.0 8.535533905932738 3.5355339059327373 7.0710678118654755 7.071067811865475 3.535533905932738 8.535533905932738 4.440892098500626e-16 7.0710678118654755 -3.535533905932737 8.535533905932738 -7.071067811865475 7.0710678118654755 -8.535533905932738 3.535533905932738 -7.0710678118654755 4.440892098500626e-16 0.0 -10.0
27.0 104.0 10 7.0710678118654755 0.0 8.535533905932738 3.5355339059327373 7.0710678118654755 7.071067811865475 3.535533905932738 8.535533905932738 4.440892098500626e-16 7.0710678118654755 -3.535533905932737 8.535533905932738 -7.071067811865475 7.0710678118654755 -8.535533905932738 3.535533905932738 -7.0710678118654755 4.440892098500626e-16 0.0 -10.0
28.0 53.0 10 7.0710678118654755 0.0 8.535533905932738 3.5355339059327373 7.0710678118654755 7.071067811865475 3.535533905932738 8.535533905932738 4.440892098500626e-16 7.0710678118654755 -3.535533905932737 8.535533905932738 -7.071067811865475 7.0710678118654755 -8.535533905932738 3.535533905932738 -7.0710678118654755 4.440892098500626e-16 0.0 -10.0
94.0 129.0 10 7.0710678118654755 0.0 8.535533905932738 3.5355339059327373 7.0710678118654755 7.071067811865475 3.535533905932738 8.535533905932738 4.440892098500626e-16 7.0710678118654755 -3.535533905932737 8.535533905932738 -7.071067811865475 7.0710678118654755 -8.535533905932738 3.535533905932738 -7.0710678118654755 4.440892098500626e-16 0.0 -10.0
100.0 65.0 10 7.0710678118654755 0.0 8.535533905932738 3.5355339059327373 7.0710678118654755 7.071067811865475 3.535533905932738 8.535533905932738 4.440892098500626e-16 7.0710678118654755 -3.535533905932737 8.535533905932738 -7.071067811865475 7.0710678118654755 -8.535533905932738 3.535533905932738 -7.0710678118654755 4.440892098500626e-16 0.0 -10.0
129.0 111.0 10 7.0710678118654755 0.0 8.535533905932738 3.5355339059327373 7.0710678118654755 7.071067811865475 3.535533905932738 8.535533905932738 4.440892098500626e-16 7.0710678118654755 -3.535533905932737 8.535533905932738 -7.071067811865475 7.0710678118654755 -8.535533905932738 3.535533905932738 -7.0710678118654755 4.440892098500626e-16 0.0 -10.0
101.0 84.0 10 7.0710678118654755 0.0 8.535533905932738 3.5355339059327373 7.0710678118654755 7.071067811865475 3.535533905932738 8.535533905932738 4.440892098500626e-16 7.0710678118654755 -3.535533905932737 8.535533905932738 -7.071067811865475 7.0710678118654755 -8.535533905932738 3.535533905932738 -7.0710678118654755 4.440892098500626e-16 0.0 -10.0
114.0 137.0 10 7.0710678118654755 0.0 8.535533905932738 3.5355339059327373 7.0710678118654755 7.071067811865475 3.535533905932738 8.535533905932738 4.440892098500626e-16 7.0710678118654755 -3.535533905932737 8.535533905932738 -7.071067811865475 7.0710678118654755 -8.535533905932738 3.535533905932738 -7.0710678118654755 4.440892098500626e-16 0.0 -10.0
34.0 120.0 10 7.0710678118654755 0.0 8.535533905932738 3.5355339059327373 7.0710678118654755 7.071067811865475 3.535533905932738 8.535533905932738 4.440892098500626e-16 7.0710678118654755 -3.535533905932737 8.535533905932738 -7.071067811865475 7.0710678118654755 -8.535533905932738 3.535533905932738 -7.0710678118654755 4.440892098500626e-16 0.0 -10.0
50.0 60.0 10 7.0710678118654755 0.0 8.535533905932738 3.5355339059327373 7.0710678118654755 7.071067811865475 3.535533905932738 8.535533905932738 4.440892098500626e-16 7.0710678118654755 -3.535533905932737 8.535533905932738 -7.071067811865475 7.0710678118654755 -8.535533905932738 3.535533905932738 -7.0710678118654755 4.440892098500626e-16 0.0 -10.0
71.0 143.0 10 7.0710678118654755 0.0 8.535533905932738 3.5355339059327373 7.0710678118654755 7.071067811865475 3.535533905932738 8.535533905932738 4.440892098500626e-16 7.0710678118654755 -3.535533905932737 8.535533905932738 -7.071067811865475 7.0710678118654755 -8.535533905932738 3.535533905932738 -7.0710678118654755 4.440892098500626e-16 0.0 -10.0
153.0 78.0 10 7.0710678118654755 0.0 8.535533905932738 3.5355339059327373 7.0710678118654755 7.071067811865475 3.535533905932738 8.535533905932738 4.440892098500626e-16 7.0710678118654755 -3.535533905932737 8.535533905932738 -7.071067811865475 7.0710678118654755 -8.535533905932738 3.535533905932738 -7.0710678118654755 4.440892098500626e-16 0.0 -10.0
138.0 75.0 10 7.0710678118654755 0.0 8.535533905932738 3.5355339059327373 7.0710678118654755 7.071067811865475 3.535533905932738 8.535533905932738 4.440892098500626e-16 7.0710678118654755 -3.535533905932737 8.535533905932738 -7.071067811865475 7.0710678118654755 -8.535533905932738 3.535533905932738 -7.0710678118654755 4.440892098500626e-16 0.0 -10.0
137.0 110.0 10 7.0710678118654755 0.0 8.535533905932738 3.5355339059327373 7.0710678118654755 7.071067811865475 3.535533905932738 8.535533905932738 4.440892098500626e-16 7.0710678118654755 -3.535533905932737 8.535533905932738 -7.071067811865475 7.0710678118654755 -8.535533905932738 3.535533905932738 -7.0710678118654755 4.440892098500626e-16 0.0 -10.0
100.0 146.0 10 7.0710678118654755 0.0 8.535533905932738 3.5355339059327373 7.0710678118654755 7.071067811865475 3.535533905932738 8.535533905932738 4.440892098500626e-16 7.0710678118654755 -3.535533905932737 8.535533905932738 -7.071067811865475 7.0710678118654755 -8.535533905932738 3.535533905932738 -7.0710678118654755 4.440892098500626e-16 0.0 -10.0
128.0 104.0 10 7.0710678118654755 0.0 8.535533905932738 3.5355339059327373 7.0710678118654755 7.071067811865475 3.535533905932738 8.535533905932738 4.440892098500626e-16 7.0710678118654755 -3.535533905932737 8.535533905932738 -7.071067811865475 7.0710678118654755 -8.535533905932738 3.535533905932738 -7.0710678118654755 4.440892098500626e-16 0.0 -10.0
47.0 72.0 10 7.0710678118654755 0.0 8.535533905932738 3.5355339059327373 7.0710678118654755 7.071067811865475 3.535533905932738 8.535533905932738 4.440892098500626e-16 7.0710678118654755 -3.535533905932737 8.535533905932738 -7.071067811865475 7.0710678118654755 -8.535533905932738 3.535533905932738 -7.0710678118654755 4.440892098500626e-16 0.0 -10.0
131.0 131.0 10 7.0710678118654755 0.0 8.535533905932738 3.5355339059327373 7.0710678118654755 7.071067811865475 3.535533905932738 8.535533905932738 4.440892098500626e-16 7.0710678118654755 -3.535533905932737 8.535533905932738 -7.071067811865475 7.0710678118654755 -8.535533905932738 3.535533905932738 -7.0710678118654755 4.440892098500626e-16 0.0 -10.0
111.0 67.0 10 7.0710678118654755 0.0 8.535533905932738 3.5355339059327373 7.0710678118654755 7.071067811865475 3.535533905932738 8.535533905932738 4.440892098500626e-16 7.0710678118654755 -3.535533905932737 8.535533905932738 -7.071067811865475 7.0710678118654755 -8.535533905932738 3.535533905932738 -7.0710678118654755 4.440892098500626e-16 0.0 -10.0
59.0 130.0 10 7.0710678118654755 0.0 8.535533905932738 3.5355339059327373 7.0710678118654755 7.071067811865475 3.535533905932738 8.535533905932738 4.440892098500626e-16 7.0710678118654755 -3.535533905932737 8.535533905932738 -7.071067811865475 7.0710678118654755 -8.535533905932738 3.535533905932738 -7.0710678118654755 4.440892098500626e-16 0.0 -10.0
38.0 79.0 10 7.0710678118654755 0.0 8.535533905932738 3.5355339059327373 7.0710678118654755 7.071067811865475 3.535533905932738 8.535533905932738 4.440892098500626e-16 7.0710678118654755 -3.535533905932737 8.535533905932738 -7.071067811865475 7.0710678118654755 -8.535533905932738 3.535533905932738 -7.0710678118654755 4.440892098500626e-16 0.0 -10.0
45.0 106.0 10 7.0710678118654755 0.0 8.535533905932738 3.5355339059327373 7.0710678118654755 7.071067811865475 3.535533905932738 8.535533905932738 4.440892098500626e-16 7.0710678118654755 -3.535533905932737 8.535533905932738 -7.071067811865475 7.0710678118654755 -8.535533905932738 3.535533905932738 -7.0710678118654755 4.440892098500626e-16 0.0 -10.0
43.0 92.0 10 7.0710678118654755 0.0 8.535533905932738 3.5355339059327373 7.0710678118654755 7.071067811865475 3.535533905932738 8.535533905932738 4.440892098500626e-16 7.0710678118654755 -3.535533905932737 8.535533905932738 -7.071067811865475 7.0710678118654755 -8.535533905932738 3.535533905932738 -7.0710678118654755 4.440892098500626e-16 0.0 -10.0
104.0 144.0 10 7.0710678118654755 0.0 8.535533905932738 3.5355339059327373 7.0710678118654755 7.071067811865475 3.535533905932738 8.535533905932738 4.440892098500626e-16 7.0710678118654755 -3.535533905932737 8.535533905932738 -7.071067811865475 7.0710678118654755 -8.535533905932738 3.535533905932738 -7.0710678118654755 4.440892098500626e-16 0.0 -10.0
123.0 130.0 10 7.0710678118654755 0.0 8.535533905932738 3.5355339059327373 7.0710678118654755 7.071067811865475 3.535533905932738 8.535533905932738 4.440892098500626e-16 7.0710678118654755 -3.535533905932737 8.535533905932738 -7.071067811865475 7.0710678118654755 -8.535533905932738 3.535533905932738 -7.0710678118654755 4.440892098500626e-16 0.0 -10.0
64.0 67.0 10 7.0710678118654755 0.0 8.535533905932738 3.5355339059327373 7.0710678118654755 7.071067811865475 3.535533905932738 8.535533905932738 4.440892098500626e-16 7.0710678118654755 -3.535533905932737 8.535533905932738 -7.071067811865475 7.0710678118654755 -8.535533905932738 3.535533905932738 -7.0710678118654755 4.440892098500626e-16 0.0 -10.0
99.0 30.0 10 7.0710678118654755 0.0 8.535533905932738 3.5355339059327373 7.0710678118654755 7.071067811865475 3.535533905932738 8.535533905932738 4.440892098500626e-16 7.0710678118654755 -3.535533905932737 8.535533905932738 -7.071067811865475 7.0710678118654755 -8.535533905932738 3.535533905932738 -7.0710678118654755 4.440892098500626e-16 0.0 -10.0
44.0 101.0 10 7.0710678118654755 0.0 8.535533905932738 3.5355339059327373 7.0710678118654755 7.071067811865475 3.535533905932738 8.535533905932738 4.440892098500626e-16 7.0710678118654755 -3.535533905932737 8.535533905932738 -7.071067811865475 7.0710678118654755 -8.535533905932738 3.535533905932738 -7.0710678118654755 4.440892098500626e-16 0.0 -10.0
48.0 82.0 10 7.0710678118654755 0.0 8.535533905932738 3.5355339059327373 7.0710678118654755 7.071067811865475 3.535533905932738 8.535533905932738 4.440892098500626e-16 7.0710678118654755 -3.535533905932737 8.535533905932738 -7.071067811865475 7.0710678118654755 -8.535533905932738 3.535533905932738 -7.0710678118654755 4.440892098500626e-16 0.0 -10.0
68.0 110.0 10 7.0710678118654755 0.0 8.535533905932738 3.5355339059327373 7.0710678118654755 7.071067811865475 3.535533905932738 8.535533905932738 4.440892098500626e-16 7.0710678118654755 -3.535533905932737 8.535533905932738 -7.071067811865475 7.0710678118654755 -8.535533905932738 3.535533905932738 -7.0710678118654755 4.440892098500626e-16 0.0 -10.0
137.0 102.0 10 7.0710678118654755 0.0 8.535533905932738 3.5355339059327373 7.0710678118654755 7.071067811865475 3.535533905932738 8.535533905932738 4.440892098500626e-16 7.0710678118654755 -3.535533905932737 8.535533905932738 -7.071067811865475 7.0710678118654755 -8.535533905932738 3.535533905932738 -7.0710678118654755 4.440892098500626e-16 0.0 -10.0
86.0 126.0 10 7.0710678118654755 0.0 8.535533905932738 3.5355339059327373 7.0710678118654755 7.071067811865475 3.535533905932738 8.535533905932738 4.440892098500626e-16 7.0710678118654755 -3.535533905932737 8.535533905932738 -7.071067811865475 7.0710678118654755 -8.535533905932738 3.535533905932738 -7.0710678118654755 4.440892098500626e-16 0.0 -10.0
102.0 37.0 10 7.0710678118654755 0.0 8.535533905932738 3.5355339059327373 7.0710678118654755 7.071067811865475 3.535533905932738 8.535533905932738 4.440892098500626e-16 7.0710678118654755 -3.535533905932737 8.535533905932738 -7.071067811865475 7.0710678118654755 -8.535533905932738 3.535533905932738 -7.0710678118654755 4.440892098500626e-16 0.0 -10.0
133.0 97.0 10 7.0710678118654755 0.0 8.535533905932738 3.5355339059327373 7.0710678118654755 7.071067811865475 3.535533905932738 8.535533905932738 4.440892098500626e-16 7.0710678118654755 -3.535533905932737 8.535533905932738 -7.071067811865475 7.0710678118654755 -8.535533905932738 3.535533905932738 -7.0710678118654755 4.440892098500626e-16 0.0 -10.0
89.0 41.0 10 7.0710678118654755 0.0 8.535533905932738 3.5355339059327373 7.0710678118654755 7.071067811865475 3.535533905932738 8.535533905932738 4.440892098500626e-16 7.0710678118654755 -3.535533905932737 8.535533905932738 -7.071067811865475 7.0710678118654755 -8.535533905932738 3.535533905932738 -7.0710678118654755 4.440892098500626e-16 0.0 -10.0
85.0 150.0 10 7.0710678118654755 0.0 8.535533905932738 3.5355339059327373 7.0710678118654755 7.071067811865475 3.535533905932738 8.535533905932738 4.440892098500626e-16 7.0710678118654755 -3.535533905932737 8.535533905932738 -7.071067811865475 7.0710678118654755 -8.535533905932738 3.535533905932738 -7.0710678118654755 4.440892098500626e-16 0.0 -10.0
46.0 64.0 10 7.0710678118654755 0.0 8.535533905932738 3.5355339059327373 7.0710678118654755 7.071067811865475 3.535533905932738 8.535533905932738 4.440892098500626e-16 7.0710678118654755 -3.535533905932737 8.535533905932738 -7.071067811865475 7.0710678118654755 -8.535533905932738 3.535533905932738 -7.0710678118654755 4.440892098500626e-16 0.0 -10.0
61.0 36.0 10 7.0710678118654755 0.0 8.535533905932738 3.5355339059327373 7.0710678118654755 7.071067811865475 3.535533905932738 8.535533905932738 4.440892098500626e-16 7.0710678118654755 -3.535533905932737 8.535533905932738 -7.071067811865475 7.0710678118654755 -8.535533905932738 3.535533905932738 -7.0710678118654755 4.440892098500626e-16 0.0 -10.0
26.0 74.0 10 7.0710678118654755 0.0 8.535533905932738 3.5355339059327373 7.0710678118654755 7.071067811865475 3.535533905932738 8.535533905932738 4.440892098500626e-16 7.0710678118654755 -3.535533905932737 8.535533905932738 -7.071067811865475 7.0710678118654755 -8.535533905932738 3.535533905932738 -7.0710678118654755 4.440892098500626e-16 0.0 -10.0
50.0 132.0 10 7.0710678118654755 0.0 8.535533905932738 3.5355339059327373 7.0710678118654755 7.071067811865475 3.535533905932738 8.535533905932738 4.440892098500626e-16 7.0710678118654755 -3.535533905932737 8.535533905932738 -7.071067811865475 7.0710678118654755 -8.535533905932738 3.535533905932738 -7.0710678118654755 4.440892098500626e-16 0.0 -10.0
85.0 143.0 10 7.0710678118654755 0.0 8.535533905932738 3.5355339059327373 7.0710678118654755 7.071067811865475 3.535533905932738 8.535533905932738 4.440892098500626e-16 7.0710678118654755 -3.535533905932737 8.535533905932738 -7.071067811865475 7.0710678118654755 -8.535533905932738 3.535533905932738 -7.0710678118654755 4.440892098500626e-16 0.0 -10.0
90.0 120.0 10 7.0710678118654755 0.0 8.535533905932738 3.5355339059327373 7.0710678118654755 7.071067811865475 3.535533905932738 8.535533905932738 4.440892098500626e-16 7.0710678118654755 -3.535533905932737 8.535533905932738 -7.071067811865475 7.0710678118654755 -8.535533905932738 3.535533905932738 -7.0710678118654755 4.440892098500626e-16 0.0 -10.0
112.0 85.0 10 7.0710678118654755 0.0 8.535533905932738 3.5355339059327373 7.0710678118654755 7.071067811865475 3.535533905932738 8.535533905932738 4.440892098500626e-16 7.0710678118654755 -3.535533905932737 8.535533905932738 -7.071067811865475 7.0710678118654755 -8.535533905932738 3.535533905932738 -7.0710678118654755 4.440892098500626e-16 0.0 -10.0
83.0 64.0 10 7.0710678118654755 0.0 8.535533905932738 3.5355339059327373 7.0710678118654755 7.071067811865475 3.535533905932738 8.535533905932738 4.440892098500626e-16 7.0710678118654755 -3.535533905932737 8.535533905932738 -7.071067811865475 7.0710678118654755 -8.535533905932738 3.535533905932738 -7.0710678118654755 4.440892098500626e-16 0.0 -10.0
120.0 76.0 10 7.0710678118654755 0.0 8.535533905932738 3.5355339059327373 7.0710678118654755 7.071067811865475 3.535533905932738 8.535533905932738 4.440892098500626e-16 7.0710678118654755 -3.535533905932737 8.535533905932738 -7.071067811865475 7.0710678118654755 -8.535533905932738 3.535533905932738 -7.0710678118654755 4.440892098500626e-16 0.0 -10.0
121.0 84.0 10 7.0710678118654755 0.0 8.535533905932738 3.5355339059327373 7.0710678118654755 7.071067811865475 3.535533905932738 8.535533905932738 4.440892098500626e-16 7.0710678118654755 -3.535533905932737 8.535533905932738 -7.071067811865475 7.0710678118654755 -8.535533905932738 3.535533905932738 -7.0710678118654755 4.440892098500626e-16 0.0 -10.0
55.0 53.0 10 7.0710678118654755 0.0 8.535533905932738 3.5355339059327373 7.0710678118654755 7.071067811865475 3.535533905932738 8.535533905932738 4.440892098500626e-16 7.0710678118654755 -3.535533905932737 8.535533905932738 -7.071067811865475 7.0710678118654755 -8.535533905932738 3.535533905932738 -7.0710678118654755 4.440892098500626e-16 0.0 -10.0
70.0 45.0 10 7.0710678118654755 0.0 8.535533905932738 3.5355339059327373 7.0710678118654755 7.071067811865475 3.535533905932738 8.535533905932738 4.440892098500626e-16 7.0710678118654755 -3.535533905932737 8.535533905932738 -7.071067811865475 7.0710678118654755 -8.535533905932738 3.535533905932738 -7.0710678118654755 4.440892098500626e-16 0.0 -10.0
77.0 39.0 10 7.0710678118654755 0.0 8.535533905932738 3.5355339059327373 7.0710678118654755 7.071067811865475 3.535533905932738 8.535533905932738 4.440892098500626e-16 7.0710678118654755 -3.535533905932737 8.535533905932738 -7.071067811865475 7.0710678118654755 -8.535533905932738 3.535533905932738 -7.0710678118654755 4.440892098500626e-16 0.0 -10.0
84.0 135.0 10 7.0710678118654755 0.0 8.535533905932738 3.5355339059327373 7.0710678118654755 7.071067811865475 3.535533905932738 8.535533905932738 4.440892098500626e-16 7.0710678118654755 -3.535533905932737 8.535533905932738 -7.071067811865475 7.0710678118654755 -8.535533905932738 3.535533905932738 -7.0710678118654755 4.440892098500626e-16 0.0 -10.0
86.0 25.0 10 7.0710678118654755 0.0 8.535533905932738 3.5355339059327373 7.0710678118654755 7.071067811865475 3.535533905932738 8.535533905932738 4.440892098500626e-16 7.0710678118654755 -3.535533905932737 8.535533905932738 -7.071067811865475 7.0710678118654755 -8.535533905932738 3.535533905932738 -7.0710678118654755 4.440892098500626e-16 0.0 -10.0
25.0 97.0 10 7.0710678118654755 0.0 8.535533905932738 3.5355339059327373 7.0710678118654755 7.071067811865475 3.535533905932738 8.535533905932738 4.440892098500626e-16 7.0710678118654755 -3.535533905932737 8.535533905932738 -7.071067811865475 7.0710678118654755 -8.535533905932738 3.535533905932738 -7.0710678118654755 4.440892098500626e-16 0.0 -10.0
86.0 60.0 10 7.0710678118654755 0.0 8.535533905932738 3.5355339059327373 7.0710678118654755 7.071067811865475 3.535533905932738 8.535533905932738 4.440892098500626e-16 7.0710678118654755 -3.535533905932737 8.535533905932738 -7.071067811865475 7.0710678118654755 -8.535533905932738 3.535533905932738 -7.0710678118654755 4.440892098500626e-16 0.0 -10.0
31.0 71.0 10 7.0710678118654755 0.0 8.535533905932738 3.5355339059327373 7.0710678118654755 7.071067811865475 3.535533905932738 8.535533905932738 4.440892098500626e-16 7.0710678118654755 -3.535533905932737 8.535533905932738 -7.071067811865475 7.0710678118654755 -8.535533905932738 3.535533905932738 -7.0710678118654755 4.440892098500626e-16 0.0 -10.0
71.0 38.0 10 7.0710678118654755 0.0 8.535533905932738 3.5355339059327373 7.0710678118654755 7.071067811865475 3.535533905932738 8.535533905932738 4.440892098500626e-16 7.0710678118654755 -3.535533905932737 8.535533905932738 -7.071067811865475 7.0710678118654755 -8.535533905932738 3.535533905932738 -7.0710678118654755 4.440892098500626e-16 0.0 -10.0
31.0 140.0 10 7.0710678118654755 0.0 8.535533905932738 3.5355339059327373 7.0710678118654755 7.071067811865475 3.535533905932738 8.535533905932738 4.440892098500626e-16 7.0710678118654755 -3.535533905932737 8.535533905932738 -7.071067811865475 7.0710678118654755 -8.535533905932738 3.535533905932738 -7.0710678118654755 4.440892098500626e-16 0.0 -10.0
50.0 119.0 10 7.0710678118654755 0.0 8.535533905932738 3.5355339059327373 7.0710678118654755 7.071067811865475 3.535533905932738 8.535533905932738 4.440892098500626e-16 7.0710678118654755 -3.535533905932737 8.535533905932738 -7.071067811865475 7.0710678118654755 -8.535533905932738 3.535533905932738 -7.0710678118654755 4.440892098500626e-16 0.0 -10.0
105.0 62.0 10 7.0710678118654755 0.0 8.535533905932738 3.5355339059327373 7.0710678118654755 7.071067811865475 3.535533905932738 8.535533905932738 4.440892098500626e-16 7.0710678118654755 -3.535533905932737 8.535533905932738 -7.071067811865475 7.0710678118654755 -8.535533905932738 3.535533905932738 -7.0710678118654755 4.440892098500626e-16 0.0 -10.0
128.0 27.0 10 7.0710678118654755 0.0 8.535533905932738 3.5355339059327373 7.0710678118654755 7.071067811865475 3.535533905932738 8.535533905932738 4.440892098500626e-16 7.0710678118654755 -3.535533905932737 8.535533905932738 -7.071067811865475 7.0710678118654755 -8.535533905932738 3.535533905932738 -7.0710678118654755 4.440892098500626e-16 0.0 -10.0
114.0 52.0 10 7.0710678118654755 0.0 8.535533905932738 3.5355339059327373 7.0710678118654755 7.071067811865475 3.535533905932738 8.535533905932738 4.440892098500626e-16 7.0710678118654755 -3.535533905932737 8.535533905932738 -7.071067811865475 7.0710678118654755 -8.535533905932738 3.535533905932738 -7.0710678118654755 4.440892098500626e-16 0.0 -10.0
126.0 75.0 10 7.0710678118654755 0.0 8.535533905932738 3.5355339059327373 7.0710678118654755 7.071067811865475 3.535533905932738 8.535533905932738 4.440892098500626e-16 7.0710678118654755 -3.535533905932737 8.535533905932738 -7.071067811865475 7.0710678118654755 -8.535533905932738 3.535533905932738 -7.0710678118654755 4.440892098500626e-16 0.0 -10.0
146.0 87.0 10 7.0710678118654755 0.0 8.535533905932738 3.5355339059327373 7.0710678118654755 7.071067811865475 3.535533905932738 8.535533905932738 4.440892098500626e-16 7.0710678118654755 -3.535533905932737 8.535533905932738 -7.071067811865475 7.0710678118654755 -8.535533905932738 3.535533905932738 -7.0710678118654755 4.440892098500626e-16 0.0 -10.0
30.0 110.0 10 7.0710678118654755 0.0 8.535533905932738 3.5355339059327373 7.0710678118654755 7.071067811865475 3.535533905932738 8.535533905932738 4.440892098500626e-16 7.0710678118654755 -3.535533905932737 8.535533905932738 -7.071067811865475 7.0710678118654755 -8.535533905932738 3.535533905932738 -7.0710678118654755 4.440892098500626e-16 0.0 -10.0
