20
143.0 106.0 10 7.0710678118654755 0.0 8.535533905932738 3.5355339059327373 7.0710678118654755 7.071067811865475 3.535533905932738 8.535533905932738 4.440892098500626e-16 7.0710678118654755 -3.535533905932737 8.535533905932738 -7.071067811865475 7.0710678118654755 -8.535533905932738 3.535533905932738 -7.0710678118654755 4.440892098500626e-16 0.0 -10.0
111.0 124.0 10 7.0710678118654755 0.0 8.535533905932738 3.5355339059327373 7.0710678118654755 7.071067811865475 3.535533905932738 8.535533905932738 4.440892098500626e-16 7.0710678118654755 -3.535533905932737 8.535533905932738 -7.071067811865475 7.0710678118654755 -8.535533905932738 3.535533905932738 -7.0710678118654755 4.440892098500626e-16 0.0 -10.0
205.0 95.0 10 7.0710678118654755 0.0 8.535533905932738 3.5355339059327373 7.0710678118654755 7.071067811865475 3.535533905932738 8.535533905932738 4.440892098500626e-16 7.0710678118654755 -3.535533905932737 8.535533905932738 -7.071067811865475 7.0710678118654755 -8.535533905932738 3.535533905932738 -7.0710678118654755 4.440892098500626e-16 0.0 -10.0
66.0 227.0 10 7.0710678118654755 0.0 8.535533905932738 3.5355339059327373 7.0710678118654755 7.071067811865475 3.535533905932738 8.535533905932738 4.440892098500626e-16 7.0710678118654755 -3.535533905932737 8.535533905932738 -7.071067811865475 7.0710678118654755 -8.535533905932738 3.535533905932738 -7.0710678118654755 4.440892098500626e-16 0.0 -10.0
188.0 54.0 10 7.0710678118654755 0.0 8.535533905932738 3.5355339059327373 7.0710678118654755 7.071067811865475 3.535533905932738 8.535533905932738 4.440892098500626e-16 7.0710678118654755 -3.535533905932737 8.535533905932738 -7.071067811865475 7.0710678118654755 -8.535533905932738 3.535533905932738 -7.0710678118654755 4.440892098500626e-16 0.0 -10.0
174.0 86.0 10 7.0710678118654755 0.0 8.535533905932738 3.5355339059327373 7.0710678118654755 7.071067811865475 3.535533905932738 8.535533905932738 4.440892098500626e-16 7.0710678118654755 -3.535533905932737 8.535533905932738 -7.071067811865475 7.0710678118654755 -8.535533905932738 3.535533905932738 -7.0710678118654755 4.440892098500626e-16 0.0 -10.0
80.0 133.0 10 7.0710678118654755 0.0 8.535533905932738 3.5355339059327373 7.0710678118654755 7.071067811865475 3.535533905932738 8.535533905932738 4.440892098500626e-16 7.0710678118654755 -3.535533905932737 8.535533905932738 -7.071067811865475 7.0710678118654755 -8.535533905932738 3.535533905932738 -7.0710678118654755 4.440892098500626e-16 0.0 -10.0
72.0 165.0 10 7.0710678118654755 0.0 8.535533905932738 3.5355339059327373 7.0710678118654755 7.071067811865475 3.535533905932738 8.535533905932738 4.440892098500626e-16 7.0710678118654755 -3.535533905932737 8.535533905932738 -7.071067811865475 7.0710678118654755 -8.535533905932738 3.535533905932738 -7.0710678118654755 4.440892098500626e-16 0.0 -10.0
65.0 197.0 10 7.0710678118654755 0.0 8.535533905932738 3.5355339059327373 7.0710678118654755 7.071067811865475 3.535533905932738 8.535533905932738 4.440892098500626e-16 7.0710678118654755 -3.535533905932737 8.535533905932738 -7.071067811865475 7.0710678118654755 -8.535533905932738 3.535533905932738 -7.0710678118654755 4.440892098500626e-16 0.0 -10.0
105.0 95.0 10 7.0710678118654755 0.0 8.535533905932738 3.5355339059327373 7.0710678118654755 7.071067811865475 3.535533905932738 8.535533905932738 4.440892098500626e-16 7.0710678118654755 -3.535533905932737 8.535533905932738 -7.071067811865475 7.0710678118654755 -8.535533905932738 3.535533905932738 -7.0710678118654755 4.440892098500626e-16 0.0 -10.0
183.0 25.0 10 7.0710678118654755 0.0 8.535533905932738 3.5355339059327373 7.0710678118654755 7.071067811865475 3.535533905932738 8.535533905932738 4.440892098500626e-16 7.0710678118654755 -3.535533905932737 8.535533905932738 -7.071067811865475 7.0710678118654755 -8.535533905932738 3.535533905932738 -7.0710678118654755 4.440892098500626e-16 0.0 -10.0
241.0 26.0 10 7.0710678118654755 0.0 8.535533905932738 3.5355339059327373 7.0710678118654755 7.071067811865475 3.535533905932738 8.535533905932738 4.440892098500626e-16 7.0710678118654755 -3.535533905932737 8.535533905932738 -7.071067811865475 7.0710678118654755 -8.535533905932738 3.535533905932738 -7.0710678118654755 4.440892098500626e-16 0.0 -10.0
214.0 37.0 10 7.0710678118654755 0.0 8.535533905932738 3.5355339059327373 7.0710678118654755 7.071067811865475 3.535533905932738 8.535533905932738 4.440892098500626e-16 7.0710678118654755 -3.535533905932737 8.535533905932738 -7.071067811865475 7.0710678118654755 -8.535533905932738 3.535533905932738 -7.0710678118654755 4.440892098500626e-16 0.0 -10.0
25.0 164.0 10 7.0710678118654755 0.0 8.535533905932738 3.5355339059327373 7.0710678118654755 7.071067811865475 3.535533905932738 8.535533905932738 4.440892098500626e-16 7.0710678118654755 -3.535533905932737 8.535533905932738 -7.071067811865475 7.0710678118654755 -8.535533905932738 3.535533905932738 -7.0710678118654755 4.440892098500626e-16 0.0 -10.0
29.0 186.0 10 7.0710678118654755 0.0 8.535533905932738 3.5355339059327373 7.0710678118654755 7.071067811865475 3.535533905932738 8.535533905932738 4.440892098500626e-16 7.0710678118654755 -3.535533905932737 8.535533905932738 -7.071067811865475 7.0710678118654755 -8.535533905932738 3.535533905932738 -7.0710678118654755 4.440892098500626e-16 0.0 -10.0
55.0 169.0 10 7.0710678118654755 0.0 8.535533905932738 3.5355339059327373 7.0710678118654755 7.071067811865475 3.535533905932738 8.535533905932738 4.440892098500626e-16 7.0710678118654755 -3.535533905932737 8.535533905932738 -7.071067811865475 7.0710678118654755 -8.535533905932738 3.535533905932738 -7.0710678118654755 4.440892098500626e-16 0.0 -10.0
110.0 179.0 10 7.0710678118654755 0.0 8.535533905932738 3.5355339059327373 7.0710678118654755 7.071067811865475 3.535533905932738 8.535533905932738 4.440892098500626e-16 7.0710678118654755 -3.535533905932737 8.535533905932738 -7.071067811865475 7.0710678118654755 -8.535533905932738 3.535533905932738 -7.0710678118654755 4.440892098500626e-16 0.0 -10.0
90.0 154.0 10 7.0710678118654755 0.0 8.535533905932738 3.5355339059327373 7.0710678118654755 7.071067811865475 3.535533905932738 8.535533905932738 4.440892098500626e-16 7.0710678118654755 -3.535533905932737 8.535533905932738 -7.071067811865475 7.0710678118654755 -8.535533905932738 3.535533905932738 -7.0710678118654755 4.440892098500626e-16 0.0 -10.0
59.0 110.0 10 7.0710678118654755 0.0 8.535533905932738 3.5355339059327373 7.0710678118654755 7.071067811865475 3.535533905932738 8.535533905932738 4.440892098500626e-16 7.0710678118654755 -3.535533905932737 8.535533905932738 -7.071067811865475 7.0710678118654755 -8.535533905932738 3.535533905932738 -7.0710678118654755 4.440892098500626e-16 0.0 -10.0
235.0 98.0 10 7.0710678118654755 0.0 8.535533905932738 3.5355339059327373 7.0710678118654755 7.071067811865475 3.535533905932738 8.535533905932738 4.440892098500626e-16 7.0710678118654755 -3.535533905932737 8.535533905932738 -7.071067811865475 7.0710678118654755 -8.535533905932738 3.535533905932738 -7.0710678118654755 4.440892098500626e-16 0.0 -10.0
