10
84.0 91.0 13 -7.0710678118654755 -1.414213562373095 -8.242640687119284 -4.242640687119286 -7.071067811865475 -7.0710678118654755 -4.242640687119285 -8.242640687119284 -1.414213562373094 -7.071067811865475 -2.5 -9.0 2.5 -9.0 1.414213562373095 -7.0710678118654755 4.242640687119285 -8.242640687119284 7.0710678118654755 -7.071067811865475 8.242640687119284 -4.242640687119285 7.0710678118654755 -1.414213562373095 0.0 10.0
35.0 123.0 13 -7.0710678118654755 -1.414213562373095 -8.242640687119284 -4.242640687119286 -7.071067811865475 -7.0710678118654755 -4.242640687119285 -8.242640687119284 -1.414213562373094 -7.071067811865475 -2.5 -9.0 2.5 -9.0 1.414213562373095 -7.0710678118654755 4.242640687119285 -8.242640687119284 7.0710678118654755 -7.071067811865475 8.242640687119284 -4.242640687119285 7.0710678118654755 -1.414213562373095 0.0 10.0
50.0 95.0 13 -7.0710678118654755 -1.414213562373095 -8.242640687119284 -4.242640687119286 -7.071067811865475 -7.0710678118654755 -4.242640687119285 -8.242640687119284 -1.414213562373094 -7.071067811865475 -2.5 -9.0 2.5 -9.0 1.414213562373095 -7.0710678118654755 4.242640687119285 -8.242640687119284 7.0710678118654755 -7.071067811865475 8.242640687119284 -4.242640687119285 7.0710678118654755 -1.414213562373095 0.0 10.0
90.0 123.0 13 -7.0710678118654755 -1.414213562373095 -8.242640687119284 -4.242640687119286 -7.071067811865475 -7.0710678118654755 -4.242640687119285 -8.242640687119284 -1.414213562373094 -7.071067811865475 -2.5 -9.0 2.5 -9.0 1.414213562373095 -7.0710678118654755 4.242640687119285 -8.242640687119284 7.0710678118654755 -7.071067811865475 8.242640687119284 -4.242640687119285 7.0710678118654755 -1.414213562373095 0.0 10.0
76.0 152.0 13 -7.0710678118654755 -1.414213562373095 -8.242640687119284 -4.242640687119286 -7.071067811865475 -7.0710678118654755 -4.242640687119285 -8.242640687119284 -1.414213562373094 -7.071067811865475 -2.5 -9.0 2.5 -9.0 1.414213562373095 -7.0710678118654755 4.242640687119285 -8.242640687119284 7.0710678118654755 -7.071067811865475 8.242640687119284 -4.242640687119285 7.0710678118654755 -1.414213562373095 0.0 10.0
46.0 153.0 13 -7.0710678118654755 -1.414213562373095 -8.242640687119284 -4.242640687119286 -7.071067811865475 -7.0710678118654755 -4.242640687119285 -8.242640687119284 -1.414213562373094 -7.071067811865475 -2.5 -9.0 2.5 -9.0 1.414213562373095 -7.0710678118654755 4.242640687119285 -8.242640687119284 7.0710678118654755 -7.071067811865475 8.242640687119284 -4.242640687119285 7.0710678118654755 -1.414213562373095 0.0 10.0
157.0 24.0 13 -7.0710678118654755 -1.414213562373095 -8.242640687119284 -4.242640687119286 -7.071067811865475 -7.0710678118654755 -4.242640687119285 -8.242640687119284 -1.414213562373094 -7.071067811865475 -2.5 -9.0 2.5 -9.0 1.414213562373095 -7.0710678118654755 4.242640687119285 -8.242640687119284 7.0710678118654755 -7.071067811865475 8.242640687119284 -4.242640687119285 7.0710678118654755 -1.414213562373095 0.0 10.0
133.0 45.0 13 -7.0710678118654755 -1.414213562373095 -8.242640687119284 -4.242640687119286 -7.071067811865475 -7.0710678118654755 -4.242640687119285 -8.242640687119284 -1.414213562373094 -7.071067811865475 -2.5 -9.0 2.5 -9.0 1.414213562373095 -7.0710678118654755 4.242640687119285 -8.242640687119284 7.0710678118654755 -7.071067811865475 8.242640687119284 -4.242640687119285 7.0710678118654755 -1.414213562373095 0.0 10.0
108.0 68.0 13 -7.0710678118654755 -1.414213562373095 -8.242640687119284 -4.242640687119286 -7.071067811865475 -7.0710678118654755 -4.242640687119285 -8.242640687119284 -1.414213562373094 -7.071067811865475 -2.5 -9.0 2.5 -9.0 1.414213562373095 -7.0710678118654755 4.242640687119285 -8.242640687119284 7.0710678118654755 -7.071067811865475 8.242640687119284 -4.242640687119285 7.0710678118654755 -1.414213562373095 0.0 10.0
25.0 77.0 13 -7.0710678118654755 -1.414213562373095 -8.242640687119284 -4.242640687119286 -7.071067811865475 -7.0710678118654755 -4.242640687119285 -8.242640687119284 -1.414213562373094 -7.071067811865475 -2.5 -9.0 2.5 -9.0 1.414213562373095 -7.0710678118654755 4.242640687119285 -8.242640687119284 7.0710678118654755 -7.071067811865475 8.242640687119284 -4.242640687119285 7.0710678118654755 -1.414213562373095 0.0 10.0
