200
147.0 88.0 13 -7.0710678118654755 -1.414213562373095 -8.242640687119284 -4.242640687119286 -7.071067811865475 -7.0710678118654755 -4.242640687119285 -8.242640687119284 -1.414213562373094 -7.071067811865475 -2.5 -9.0 2.5 -9.0 1.414213562373095 -7.0710678118654755 4.242640687119285 -8.242640687119284 7.0710678118654755 -7.071067811865475 8.242640687119284 -4.242640687119285 7.0710678118654755 -1.414213562373095 0.0 10.0
60.0 125.0 13 -7.0710678118654755 -1.414213562373095 -8.242640687119284 -4.242640687119286 -7.071067811865475 -7.0710678118654755 -4.242640687119285 -8.242640687119284 -1.414213562373094 -7.071067811865475 -2.5 -9.0 2.5 -9.0 1.414213562373095 -7.0710678118654755 4.242640687119285 -8.242640687119284 7.0710678118654755 -7.071067811865475 8.242640687119284 -4.242640687119285 7.0710678118654755 -1.414213562373095 0.0 10.0
192.0 122.0 13 -7.0710678118654755 -1.414213562373095 -8.242640687119284 -4.242640687119286 -7.071067811865475 -7.0710678118654755 -4.242640687119285 -8.242640687119284 -1.414213562373094 -7.071067811865475 -2.5 -9.0 2.5 -9.0 1.414213562373095 -7.0710678118654755 4.242640687119285 -8.242640687119284 7.0710678118654755 -7.071067811865475 8.242640687119284 -4.242640687119285 7.0710678118654755 -1.414213562373095 0.0 10.0
104.0 137.0 13 -7.0710678118654755 -1.414213562373095 -8.242640687119284 -4.242640687119286 -7.071067811865475 -7.0710678118654755 -4.242640687119285 -8.242640687119284 -1.414213562373094 -7.071067811865475 -2.5 -9.0 2.5 -9.0 1.414213562373095 -7.0710678118654755 4.242640687119285 -8.242640687119284 7.0710678118654755 -7.071067811865475 8.242640687119284 -4.242640687119285 7.0710678118654755 -1.414213562373095 0.0 10.0
106.0 125.0 13 -7.0710678118654755 -1.414213562373095 -8.242640687119284 -4.242640687119286 -7.071067811865475 -7.0710678118654755 -4.242640687119285 -8.242640687119284 -1.414213562373094 -7.071067811865475 -2.5 -9.0 2.5 -9.0 1.414213562373095 -7.0710678118654755 4.242640687119285 -8.242640687119284 7.0710678118654755 -7.071067811865475 8.242640687119284 -4.242640687119285 7.0710678118654755 -1.414213562373095 0.0 10.0
100.0 132.0 13 -7.0710678118654755 -1.414213562373095 -8.242640687119284 -4.242640687119286 -7.071067811865475 -7.0710678118654755 -4.242640687119285 -8.242640687119284 -1.414213562373094 -7.071067811865475 -2.5 -9.0 2.5 -9.0 1.414213562373095 -7.0710678118654755 4.242640687119285 -8.242640687119284 7.0710678118654755 -7.071067811865475 8.242640687119284 -4.242640687119285 7.0710678118654755 -1.414213562373095 0.0 10.0
131.0 65.0 13 -7.0710678118654755 -1.414213562373095 -8.242640687119284 -4.242640687119286 -7.071067811865475 -7.0710678118654755 -4.242640687119285 -8.242640687119284 -1.414213562373094 -7.071067811865475 -2.5 -9.0 2.5 -9.0 1.414213562373095 -7.0710678118654755 4.242640687119285 -8.242640687119284 7.0710678118654755 -7.071067811865475 8.242640687119284 -4.242640687119285 7.0710678118654755 -1.414213562373095 0.0 10.0
144.0 139.0 13 -7.0710678118654755 -1.414213562373095 -8.242640687119284 -4.242640687119286 -7.071067811865475 -7.0710678118654755 -4.242640687119285 -8.242640687119284 -1.414213562373094 -7.071067811865475 -2.5 -9.0 2.5 -9.0 1.414213562373095 -7.0710678118654755 4.242640687119285 -8.242640687119284 7.0710678118654755 -7.071067811865475 8.242640687119284 -4.242640687119285 7.0710678118654755 -1.414213562373095 0.0 10.0
131.0 106.0 13 -7.0710678118654755 -1.414213562373095 -8.242640687119284 -4.242640687119286 -7.071067811865475 -7.0710678118654755 -4.242640687119285 -8.242640687119284 -1.414213562373094 -7.071067811865475 -2.5 -9.0 2.5 -9.0 1.414213562373095 -7.0710678118654755 4.242640687119285 -8.242640687119284 7.0710678118654755 -7.071067811865475 8.242640687119284 -4.242640687119285 7.0710678118654755 -1.414213562373095 0.0 10.0
176.0 187.0 13 -7.0710678118654755 -1.414213562373095 -8.242640687119284 -4.242640687119286 -7.071067811865475 -7.0710678118654755 -4.242640687119285 -8.242640687119284 -1.414213562373094 -7.071067811865475 -2.5 -9.0 2.5 -9.0 1.414213562373095 -7.0710678118654755 4.242640687119285 -8.242640687119284 7.0710678118654755 -7.071067811865475 8.242640687119284 -4.242640687119285 7.0710678118654755 -1.414213562373095 0.0 10.0
119.0 73.0 13 -7.0710678118654755 -1.414213562373095 -8.242640687119284 -4.242640687119286 -7.071067811865475 -7.0710678118654755 -4.242640687119285 -8.242640687119284 -1.414213562373094 -7.071067811865475 -2.5 -9.0 2.5 -9.0 1.414213562373095 -7.0710678118654755 4.242640687119285 -8.242640687119284 7.0710678118654755 -7.071067811865475 8.242640687119284 -4.242640687119285 7.0710678118654755 -1.414213562373095 0.0 10.0
110.0 49.0 13 -7.0710678118654755 -1.414213562373095 -8.242640687119284 -4.242640687119286 -7.071067811865475 -7.0710678118654755 -4.242640687119285 -8.242640687119284 -1.414213562373094 -7.071067811865475 -2.5 -9.0 2.5 -9.0 1.414213562373095 -7.0710678118654755 4.242640687119285 -8.242640687119284 7.0710678118654755 -7.071067811865475 8.242640687119284 -4.242640687119285 7.0710678118654755 -1.414213562373095 0.0 10.0
126.0 122.0 13 -7.0710678118654755 -1.414213562373095 -8.242640687119284 -4.242640687119286 -7.071067811865475 -7.0710678118654755 -4.242640687119285 -8.242640687119284 -1.414213562373094 -7.071067811865475 -2.5 -9.0 2.5 -9.0 1.414213562373095 -7.0710678118654755 4.242640687119285 -8.242640687119284 7.0710678118654755 -7.071067811865475 8.242640687119284 -4.242640687119285 7.0710678118654755 -1.414213562373095 0.0 10.0
101.0 104.0 13 -7.0710678118654755 -1.414213562373095 -8.242640687119284 -4.242640687119286 -7.071067811865475 -7.0710678118654755 -4.242640687119285 -8.242640687119284 -1.414213562373094 -7.071067811865475 -2.5 -9.0 2.5 -9.0 1.414213562373095 -7.0710678118654755 4.242640687119285 -8.242640687119284 7.0710678118654755 -7.071067811865475 8.242640687119284 -4.242640687119285 7.0710678118654755 -1.414213562373095 0.0 10.0
115.0 123.0 13 -7.0710678118654755 -1.414213562373095 -8.242640687119284 -4.242640687119286 -7.071067811865475 -7.0710678118654755 -4.242640687119285 -8.242640687119284 -1.414213562373094 -7.071067811865475 -2.5 -9.0 2.5 -9.0 1.414213562373095 -7.0710678118654755 4.242640687119285 -8.242640687119284 7.0710678118654755 -7.071067811865475 8.242640687119284 -4.242640687119285 7.0710678118654755 -1.414213562373095 0.0 10.0
117.0 91.0 13 -7.0710678118654755 -1.414213562373095 -8.242640687119284 -4.242640687119286 -7.071067811865475 -7.0710678118654755 -4.242640687119285 -8.242640687119284 -1.414213562373094 -7.071067811865475 -2.5 -9.0 2.5 -9.0 1.414213562373095 -7.0710678118654755 4.242640687119285 -8.242640687119284 7.0710678118654755 -7.071067811865475 8.242640687119284 -4.242640687119285 7.0710678118654755 -1.414213562373095 0.0 10.0
128.0 84.0 13 -7.0710678118654755 -1.414213562373095 -8.242640687119284 -4.242640687119286 -7.071067811865475 -7.0710678118654755 -4.242640687119285 -8.242640687119284 -1.414213562373094 -7.071067811865475 -2.5 -9.0 2.5 -9.0 1.414213562373095 -7.0710678118654755 4.242640687119285 -8.242640687119284 7.0710678118654755 -7.071067811865475 8.242640687119284 -4.242640687119285 7.0710678118654755 -1.414213562373095 0.0 10.0
114.0 109.0 13 -7.0710678118654755 -1.414213562373095 -8.242640687119284 -4.242640687119286 -7.071067811865475 -7.0710678118654755 -4.242640687119285 -8.242640687119284 -1.414213562373094 -7.071067811865475 -2.5 -9.0 2.5 -9.0 1.414213562373095 -7.0710678118654755 4.242640687119285 -8.242640687119284 7.0710678118654755 -7.071067811865475 8.242640687119284 -4.242640687119285 7.0710678118654755 -1.414213562373095 0.0 10.0
114.0 78.0 13 -7.0710678118654755 -1.414213562373095 -8.242640687119284 -4.242640687119286 -7.071067811865475 -7.0710678118654755 -4.242640687119285 -8.242640687119284 -1.414213562373094 -7.071067811865475 -2.5 -9.0 2.5 -9.0 1.414213562373095 -7.0710678118654755 4.242640687119285 -8.242640687119284 7.0710678118654755 -7.071067811865475 8.242640687119284 -4.242640687119285 7.0710678118654755 -1.414213562373095 0.0 10.0
146.0 73.0 13 -7.0710678118654755 -1.414213562373095 -8.242640687119284 -4.242640687119286 -7.071067811865475 -7.0710678118654755 -4.242640687119285 -8.242640687119284 -1.414213562373094 -7.071067811865475 -2.5 -9.0 2.5 -9.0 1.414213562373095 -7.0710678118654755 4.242640687119285 -8.242640687119284 7.0710678118654755 -7.071067811865475 8.242640687119284 -4.242640687119285 7.0710678118654755 -1.414213562373095 0.0 10.0
96.0 125.0 13 -7.0710678118654755 -1.414213562373095 -8.242640687119284 -4.242640687119286 -7.071067811865475 -7.0710678118654755 -4.242640687119285 -8.242640687119284 -1.414213562373094 -7.071067811865475 -2.5 -9.0 2.5 -9.0 1.414213562373095 -7.0710678118654755 4.242640687119285 -8.242640687119284 7.0710678118654755 -7.071067811865475 8.242640687119284 -4.242640687119285 7.0710678118654755 -1.414213562373095 0.0 10.0
113.0 82.0 13 -7.0710678118654755 -1.414213562373095 -8.242640687119284 -4.242640687119286 -7.071067811865475 -7.0710678118654755 -4.242640687119285 -8.242640687119284 -1.414213562373094 -7.071067811865475 -2.5 -9.0 2.5 -9.0 1.414213562373095 -7.0710678118654755 4.242640687119285 -8.242640687119284 7.0710678118654755 -7.071067811865475 8.242640687119284 -4.242640687119285 7.0710678118654755 -1.414213562373095 0.0 10.0
110.0 57.0 13 -7.0710678118654755 -1.414213562373095 -8.242640687119284 -4.242640687119286 -7.071067811865475 -7.0710678118654755 -4.242640687119285 -8.242640687119284 -1.414213562373094 -7.071067811865475 -2.5 -9.0 2.5 -9.0 1.414213562373095 -7.0710678118654755 4.242640687119285 -8.242640687119284 7.0710678118654755 -7.071067811865475 8.242640687119284 -4.242640687119285 7.0710678118654755 -1.414213562373095 0.0 10.0
148.0 135.0 13 -7.0710678118654755 -1.414213562373095 -8.242640687119284 -4.242640687119286 -7.071067811865475 -7.0710678118654755 -4.242640687119285 -8.242640687119284 -1.414213562373094 -7.071067811865475 -2.5 -9.0 2.5 -9.0 1.414213562373095 -7.0710678118654755 4.242640687119285 -8.242640687119284 7.0710678118654755 -7.071067811865475 8.242640687119284 -4.242640687119285 7.0710678118654755 -1.414213562373095 0.0 10.0
159.0 111.0 13 -7.0710678118654755 -1.414213562373095 -8.242640687119284 -4.242640687119286 -7.071067811865475 -7.0710678118654755 -4.242640687119285 -8.242640687119284 -1.414213562373094 -7.071067811865475 -2.5 -9.0 2.5 -9.0 1.414213562373095 -7.0710678118654755 4.242640687119285 -8.242640687119284 7.0710678118654755 -7.071067811865475 8.242640687119284 -4.242640687119285 7.0710678118654755 -1.414213562373095 0.0 10.0
73.0 92.0 13 -7.0710678118654755 -1.414213562373095 -8.242640687119284 -4.242640687119286 -7.071067811865475 -7.0710678118654755 -4.242640687119285 -8.242640687119284 -1.414213562373094 -7.071067811865475 -2.5 -9.0 2.5 -9.0 1.414213562373095 -7.0710678118654755 4.242640687119285 -8.242640687119284 7.0710678118654755 -7.071067811865475 8.242640687119284 -4.242640687119285 7.0710678118654755 -1.414213562373095 0.0 10.0
93.0 136.0 13 -7.0710678118654755 -1.414213562373095 -8.242640687119284 -4.242640687119286 -7.071067811865475 -7.0710678118654755 -4.242640687119285 -8.242640687119284 -1.414213562373094 -7.071067811865475 -2.5 -9.0 2.5 -9.0 1.414213562373095 -7.0710678118654755 4.242640687119285 -8.242640687119284 7.0710678118654755 -7.071067811865475 8.242640687119284 -4.242640687119285 7.0710678118654755 -1.414213562373095 0.0 10.0
119.0 126.0 13 -7.0710678118654755 -1.414213562373095 -8.242640687119284 -4.242640687119286 -7.071067811865475 -7.0710678118654755 -4.242640687119285 -8.242640687119284 -1.414213562373094 -7.071067811865475 -2.5 -9.0 2.5 -9.0 1.414213562373095 -7.0710678118654755 4.242640687119285 -8.242640687119284 7.0710678118654755 -7.071067811865475 8.242640687119284 -4.242640687119285 7.0710678118654755 -1.414213562373095 0.0 10.0
142.0 68.0 13 -7.0710678118654755 -1.414213562373095 -8.242640687119284 -4.242640687119286 -7.071067811865475 -7.0710678118654755 -4.242640687119285 -8.242640687119284 -1.414213562373094 -7.071067811865475 -2.5 -9.0 2.5 -9.0 1.414213562373095 -7.0710678118654755 4.242640687119285 -8.242640687119284 7.0710678118654755 -7.071067811865475 8.242640687119284 -4.242640687119285 7.0710678118654755 -1.414213562373095 0.0 10.0
105.0 86.0 13 -7.0710678118654755 -1.414213562373095 -8.242640687119284 -4.242640687119286 -7.071067811865475 -7.0710678118654755 -4.242640687119285 -8.242640687119284 -1.414213562373094 -7.071067811865475 -2.5 -9.0 2.5 -9.0 1.414213562373095 -7.0710678118654755 4.242640687119285 -8.242640687119284 7.0710678118654755 -7.071067811865475 8.242640687119284 -4.242640687119285 7.0710678118654755 -1.414213562373095 0.0 10.0
138.0 71.0 13 -7.0710678118654755 -1.414213562373095 -8.242640687119284 -4.242640687119286 -7.071067811865475 -7.0710678118654755 -4.242640687119285 -8.242640687119284 -1.414213562373094 -7.071067811865475 -2.5 -9.0 2.5 -9.0 1.414213562373095 -7.0710678118654755 4.242640687119285 -8.242640687119284 7.0710678118654755 -7.071067811865475 8.242640687119284 -4.242640687119285 7.0710678118654755 -1.414213562373095 0.0 10.0
101.0 67.0 13 -7.0710678118654755 -1.414213562373095 -8.242640687119284 -4.242640687119286 -7.071067811865475 -7.0710678118654755 -4.242640687119285 -8.242640687119284 -1.414213562373094 -7.071067811865475 -2.5 -9.0 2.5 -9.0 1.414213562373095 -7.0710678118654755 4.242640687119285 -8.242640687119284 7.0710678118654755 -7.071067811865475 8.242640687119284 -4.242640687119285 7.0710678118654755 -1.414213562373095 0.0 10.0
102.0 92.0 13 -7.0710678118654755 -1.414213562373095 -8.242640687119284 -4.242640687119286 -7.071067811865475 -7.0710678118654755 -4.242640687119285 -8.242640687119284 -1.414213562373094 -7.071067811865475 -2.5 -9.0 2.5 -9.0 1.414213562373095 -7.0710678118654755 4.242640687119285 -8.242640687119284 7.0710678118654755 -7.071067811865475 8.242640687119284 -4.242640687119285 7.0710678118654755 -1.414213562373095 0.0 10.0
147.0 69.0 13 -7.0710678118654755 -1.414213562373095 -8.242640687119284 -4.242640687119286 -7.071067811865475 -7.0710678118654755 -4.242640687119285 -8.242640687119284 -1.414213562373094 -7.071067811865475 -2.5 -9.0 2.5 -9.0 1.414213562373095 -7.0710678118654755 4.242640687119285 -8.242640687119284 7.0710678118654755 -7.071067811865475 8.242640687119284 -4.242640687119285 7.0710678118654755 -1.414213562373095 0.0 10.0
96.0 98.0 13 -7.0710678118654755 -1.414213562373095 -8.242640687119284 -4.242640687119286 -7.071067811865475 -7.0710678118654755 -4.242640687119285 -8.242640687119284 -1.414213562373094 -7.071067811865475 -2.5 -9.0 2.5 -9.0 1.414213562373095 -7.0710678118654755 4.242640687119285 -8.242640687119284 7.0710678118654755 -7.071067811865475 8.242640687119284 -4.242640687119285 7.0710678118654755 -1.414213562373095 0.0 10.0
177.0 62.0 13 -7.0710678118654755 -1.414213562373095 -8.242640687119284 -4.242640687119286 -7.071067811865475 -7.0710678118654755 -4.242640687119285 -8.242640687119284 -1.414213562373094 -7.071067811865475 -2.5 -9.0 2.5 -9.0 1.414213562373095 -7.0710678118654755 4.242640687119285 -8.242640687119284 7.0710678118654755 -7.071067811865475 8.242640687119284 -4.242640687119285 7.0710678118654755 -1.414213562373095 0.0 10.0
145.0 103.0 13 -7.0710678118654755 -1.414213562373095 -8.242640687119284 -4.242640687119286 -7.071067811865475 -7.0710678118654755 -4.242640687119285 -8.242640687119284 -1.414213562373094 -7.071067811865475 -2.5 -9.0 2.5 -9.0 1.414213562373095 -7.0710678118654755 4.242640687119285 -8.242640687119284 7.0710678118654755 -7.071067811865475 8.242640687119284 -4.242640687119285 7.0710678118654755 -1.414213562373095 0.0 10.0
132.0 81.0 13 -7.0710678118654755 -1.414213562373095 -8.242640687119284 -4.242640687119286 -7.071067811865475 -7.0710678118654755 -4.242640687119285 -8.242640687119284 -1.414213562373094 -7.071067811865475 -2.5 -9.0 2.5 -9.0 1.414213562373095 -7.0710678118654755 4.242640687119285 -8.242640687119284 7.0710678118654755 -7.071067811865475 8.242640687119284 -4.242640687119285 7.0710678118654755 -1.414213562373095 0.0 10.0
155.0 157.0 13 -7.0710678118654755 -1.414213562373095 -8.242640687119284 -4.242640687119286 -7.071067811865475 -7.0710678118654755 -4.242640687119285 -8.242640687119284 -1.414213562373094 -7.071067811865475 -2.5 -9.0 2.5 -9.0 1.414213562373095 -7.0710678118654755 4.242640687119285 -8.242640687119284 7.0710678118654755 -7.071067811865475 8.242640687119284 -4.242640687119285 7.0710678118654755 -1.414213562373095 0.0 10.0
128.0 141.0 13 -7.0710678118654755 -1.414213562373095 -8.242640687119284 -4.242640687119286 -7.071067811865475 -7.0710678118654755 -4.242640687119285 -8.242640687119284 -1.414213562373094 -7.071067811865475 -2.5 -9.0 2.5 -9.0 1.414213562373095 -7.0710678118654755 4.242640687119285 -8.242640687119284 7.0710678118654755 -7.071067811865475 8.242640687119284 -4.242640687119285 7.0710678118654755 -1.414213562373095 0.0 10.0
110.0 116.0 13 -7.0710678118654755 -1.414213562373095 -8.242640687119284 -4.242640687119286 -7.071067811865475 -7.0710678118654755 -4.242640687119285 -8.242640687119284 -1.414213562373094 -7.071067811865475 -2.5 -9.0 2.5 -9.0 1.414213562373095 -7.0710678118654755 4.242640687119285 -8.242640687119284 7.0710678118654755 -7.071067811865475 8.242640687119284 -4.242640687119285 7.0710678118654755 -1.414213562373095 0.0 10.0
147.0 116.0 13 -7.0710678118654755 -1.414213562373095 -8.242640687119284 -4.242640687119286 -7.071067811865475 -7.0710678118654755 -4.242640687119285 -8.242640687119284 -1.414213562373094 -7.071067811865475 -2.5 -9.0 2.5 -9.0 1.414213562373095 -7.0710678118654755 4.242640687119285 -8.242640687119284 7.0710678118654755 -7.071067811865475 8.242640687119284 -4.242640687119285 7.0710678118654755 -1.414213562373095 0.0 10.0
161.0 126.0 13 -7.0710678118654755 -1.414213562373095 -8.242640687119284 -4.242640687119286 -7.071067811865475 -7.0710678118654755 -4.242640687119285 -8.242640687119284 -1.414213562373094 -7.071067811865475 -2.5 -9.0 2.5 -9.0 1.414213562373095 -7.0710678118654755 4.242640687119285 -8.242640687119284 7.0710678118654755 -7.071067811865475 8.242640687119284 -4.242640687119285 7.0710678118654755 -1.414213562373095 0.0 10.0
161.0 84.0 13 -7.0710678118654755 -1.414213562373095 -8.242640687119284 -4.242640687119286 -7.071067811865475 -7.0710678118654755 -4.242640687119285 -8.242640687119284 -1.414213562373094 -7.071067811865475 -2.5 -9.0 2.5 -9.0 1.414213562373095 -7.0710678118654755 4.242640687119285 -8.242640687119284 7.0710678118654755 -7.071067811865475 8.242640687119284 -4.242640687119285 7.0710678118654755 -1.414213562373095 0.0 10.0
149.0 76.0 13 -7.0710678118654755 -1.414213562373095 -8.242640687119284 -4.242640687119286 -7.071067811865475 -7.0710678118654755 -4.242640687119285 -8.242640687119284 -1.414213562373094 -7.071067811865475 -2.5 -9.0 2.5 -9.0 1.414213562373095 -7.0710678118654755 4.242640687119285 -8.242640687119284 7.0710678118654755 -7.071067811865475 8.242640687119284 -4.242640687119285 7.0710678118654755 -1.414213562373095 0.0 10.0
100.0 95.0 13 -7.0710678118654755 -1.414213562373095 -8.242640687119284 -4.242640687119286 -7.071067811865475 -7.0710678118654755 -4.242640687119285 -8.242640687119284 -1.414213562373094 -7.071067811865475 -2.5 -9.0 2.5 -9.0 1.414213562373095 -7.0710678118654755 4.242640687119285 -8.242640687119284 7.0710678118654755 -7.071067811865475 8.242640687119284 -4.242640687119285 7.0710678118654755 -1.414213562373095 0.0 10.0
92.0 80.0 13 -7.0710678118654755 -1.414213562373095 -8.242640687119284 -4.242640687119286 -7.071067811865475 -7.0710678118654755 -4.242640687119285 -8.242640687119284 -1.414213562373094 -7.071067811865475 -2.5 -9.0 2.5 -9.0 1.414213562373095 -7.0710678118654755 4.242640687119285 -8.242640687119284 7.0710678118654755 -7.071067811865475 8.242640687119284 -4.242640687119285 7.0710678118654755 -1.414213562373095 0.0 10.0
154.0 100.0 13 -7.0710678118654755 -1.414213562373095 -8.242640687119284 -4.242640687119286 -7.071067811865475 -7.0710678118654755 -4.242640687119285 -8.242640687119284 -1.414213562373094 -7.071067811865475 -2.5 -9.0 2.5 -9.0 1.414213562373095 -7.0710678118654755 4.242640687119285 -8.242640687119284 7.0710678118654755 -7.071067811865475 8.242640687119284 -4.242640687119285 7.0710678118654755 -1.414213562373095 0.0 10.0
113.0 95.0 13 -7.0710678118654755 -1.414213562373095 -8.242640687119284 -4.242640687119286 -7.071067811865475 -7.0710678118654755 -4.242640687119285 -8.242640687119284 -1.414213562373094 -7.071067811865475 -2.5 -9.0 2.5 -9.0 1.414213562373095 -7.0710678118654755 4.242640687119285 -8.242640687119284 7.0710678118654755 -7.071067811865475 8.242640687119284 -4.242640687119285 7.0710678118654755 -1.414213562373095 0.0 10.0
150.0 64.0 13 -7.0710678118654755 -1.414213562373095 -8.242640687119284 -4.242640687119286 -7.071067811865475 -7.0710678118654755 -4.242640687119285 -8.242640687119284 -1.414213562373094 -7.071067811865475 -2.5 -9.0 2.5 -9.0 1.414213562373095 -7.0710678118654755 4.242640687119285 -8.242640687119284 7.0710678118654755 -7.071067811865475 8.242640687119284 -4.242640687119285 7.0710678118654755 -1.414213562373095 0.0 10.0
147.0 109.0 13 -7.0710678118654755 -1.414213562373095 -8.242640687119284 -4.242640687119286 -7.071067811865475 -7.0710678118654755 -4.242640687119285 -8.242640687119284 -1.414213562373094 -7.071067811865475 -2.5 -9.0 2.5 -9.0 1.414213562373095 -7.0710678118654755 4.242640687119285 -8.242640687119284 7.0710678118654755 -7.071067811865475 8.242640687119284 -4.242640687119285 7.0710678118654755 -1.414213562373095 0.0 10.0
135.0 55.0 13 -7.0710678118654755 -1.414213562373095 -8.242640687119284 -4.242640687119286 -7.071067811865475 -7.0710678118654755 -4.242640687119285 -8.242640687119284 -1.414213562373094 -7.071067811865475 -2.5 -9.0 2.5 -9.0 1.414213562373095 -7.0710678118654755 4.242640687119285 -8.242640687119284 7.0710678118654755 -7.071067811865475 8.242640687119284 -4.242640687119285 7.0710678118654755 -1.414213562373095 0.0 10.0
122.0 63.0 13 -7.0710678118654755 -1.414213562373095 -8.242640687119284 -4.242640687119286 -7.071067811865475 -7.0710678118654755 -4.242640687119285 -8.242640687119284 -1.414213562373094 -7.071067811865475 -2.5 -9.0 2.5 -9.0 1.414213562373095 -7.0710678118654755 4.242640687119285 -8.242640687119284 7.0710678118654755 -7.071067811865475 8.242640687119284 -4.242640687119285 7.0710678118654755 -1.414213562373095 0.0 10.0
126.0 76.0 13 -7.0710678118654755 -1.414213562373095 -8.242640687119284 -4.242640687119286 -7.071067811865475 -7.0710678118654755 -4.242640687119285 -8.242640687119284 -1.414213562373094 -7.071067811865475 -2.5 -9.0 2.5 -9.0 1.414213562373095 -7.0710678118654755 4.242640687119285 -8.242640687119284 7.0710678118654755 -7.071067811865475 8.242640687119284 -4.242640687119285 7.0710678118654755 -1.414213562373095 0.0 10.0
168.0 68.0 13 -7.0710678118654755 -1.414213562373095 -8.242640687119284 -4.242640687119286 -7.071067811865475 -7.0710678118654755 -4.242640687119285 -8.242640687119284 -1.414213562373094 -7.071067811865475 -2.5 -9.0 2.5 -9.0 1.414213562373095 -7.0710678118654755 4.242640687119285 -8.242640687119284 7.0710678118654755 -7.071067811865475 8.242640687119284 -4.242640687119285 7.0710678118654755 -1.414213562373095 0.0 10.0
113.0 104.0 13 -7.0710678118654755 -1.414213562373095 -8.242640687119284 -4.242640687119286 -7.071067811865475 -7.0710678118654755 -4.242640687119285 -8.242640687119284 -1.414213562373094 -7.071067811865475 -2.5 -9.0 2.5 -9.0 1.414213562373095 -7.0710678118654755 4.242640687119285 -8.242640687119284 7.0710678118654755 -7.071067811865475 8.242640687119284 -4.242640687119285 7.0710678118654755 -1.414213562373095 0.0 10.0
107.0 99.0 13 -7.0710678118654755 -1.414213562373095 -8.242640687119284 -4.242640687119286 -7.071067811865475 -7.0710678118654755 -4.242640687119285 -8.242640687119284 -1.414213562373094 -7.071067811865475 -2.5 -9.0 2.5 -9.0 1.414213562373095 -7.0710678118654755 4.242640687119285 -8.242640687119284 7.0710678118654755 -7.071067811865475 8.242640687119284 -4.242640687119285 7.0710678118654755 -1.414213562373095 0.0 10.0
131.0 85.0 13 -7.0710678118654755 -1.414213562373095 -8.242640687119284 -4.242640687119286 -7.071067811865475 -7.0710678118654755 -4.242640687119285 -8.242640687119284 -1.414213562373094 -7.071067811865475 -2.5 -9.0 2.5 -9.0 1.414213562373095 -7.0710678118654755 4.242640687119285 -8.242640687119284 7.0710678118654755 -7.071067811865475 8.242640687119284 -4.242640687119285 7.0710678118654755 -1.414213562373095 0.0 10.0
98.0 59.0 13 -7.0710678118654755 -1.414213562373095 -8.242640687119284 -4.242640687119286 -7.071067811865475 -7.0710678118654755 -4.242640687119285 -8.242640687119284 -1.414213562373094 -7.071067811865475 -2.5 -9.0 2.5 -9.0 1.414213562373095 -7.0710678118654755 4.242640687119285 -8.242640687119284 7.0710678118654755 -7.071067811865475 8.242640687119284 -4.242640687119285 7.0710678118654755 -1.414213562373095 0.0 10.0
101.0 147.0 13 -7.0710678118654755 -1.414213562373095 -8.242640687119284 -4.242640687119286 -7.071067811865475 -7.0710678118654755 -4.242640687119285 -8.242640687119284 -1.414213562373094 -7.071067811865475 -2.5 -9.0 2.5 -9.0 1.414213562373095 -7.0710678118654755 4.242640687119285 -8.242640687119284 7.0710678118654755 -7.071067811865475 8.242640687119284 -4.242640687119285 7.0710678118654755 -1.414213562373095 0.0 10.0
124.0 119.0 13 -7.0710678118654755 -1.414213562373095 -8.242640687119284 -4.242640687119286 -7.071067811865475 -7.0710678118654755 -4.242640687119285 -8.242640687119284 -1.414213562373094 -7.071067811865475 -2.5 -9.0 2.5 -9.0 1.414213562373095 -7.0710678118654755 4.242640687119285 -8.242640687119284 7.0710678118654755 -7.071067811865475 8.242640687119284 -4.242640687119285 7.0710678118654755 -1.414213562373095 0.0 10.0
108.0 65.0 13 -7.0710678118654755 -1.414213562373095 -8.242640687119284 -4.242640687119286 -7.071067811865475 -7.0710678118654755 -4.242640687119285 -8.242640687119284 -1.414213562373094 -7.071067811865475 -2.5 -9.0 2.5 -9.0 1.414213562373095 -7.0710678118654755 4.242640687119285 -8.242640687119284 7.0710678118654755 -7.071067811865475 8.242640687119284 -4.242640687119285 7.0710678118654755 -1.414213562373095 0.0 10.0
140.0 60.0 13 -7.0710678118654755 -1.414213562373095 -8.242640687119284 -4.242640687119286 -7.071067811865475 -7.0710678118654755 -4.242640687119285 -8.242640687119284 -1.414213562373094 -7.071067811865475 -2.5 -9.0 2.5 -9.0 1.414213562373095 -7.0710678118654755 4.242640687119285 -8.242640687119284 7.0710678118654755 -7.071067811865475 8.242640687119284 -4.242640687119285 7.0710678118654755 -1.414213562373095 0.0 10.0
112.0 135.0 13 -7.0710678118654755 -1.414213562373095 -8.242640687119284 -4.242640687119286 -7.071067811865475 -7.0710678118654755 -4.242640687119285 -8.242640687119284 -1.414213562373094 -7.071067811865475 -2.5 -9.0 2.5 -9.0 1.414213562373095 -7.0710678118654755 4.242640687119285 -8.242640687119284 7.0710678118654755 -7.071067811865475 8.242640687119284 -4.242640687119285 7.0710678118654755 -1.414213562373095 0.0 10.0
169.0 97.0 13 -7.0710678118654755 -1.414213562373095 -8.242640687119284 -4.242640687119286 -7.071067811865475 -7.0710678118654755 -4.242640687119285 -8.242640687119284 -1.414213562373094 -7.071067811865475 -2.5 -9.0 2.5 -9.0 1.414213562373095 -7.0710678118654755 4.242640687119285 -8.242640687119284 7.0710678118654755 -7.071067811865475 8.242640687119284 -4.242640687119285 7.0710678118654755 -1.414213562373095 0.0 10.0
136.0 130.0 13 -7.0710678118654755 -1.414213562373095 -8.242640687119284 -4.242640687119286 -7.071067811865475 -7.0710678118654755 -4.242640687119285 -8.242640687119284 -1.414213562373094 -7.071067811865475 -2.5 -9.0 2.5 -9.0 1.414213562373095 -7.0710678118654755 4.242640687119285 -8.242640687119284 7.0710678118654755 -7.071067811865475 8.242640687119284 -4.242640687119285 7.0710678118654755 -1.414213562373095 0.0 10.0
83.0 120.0 13 -7.0710678118654755 -1.414213562373095 -8.242640687119284 -4.242640687119286 -7.071067811865475 -7.0710678118654755 -4.242640687119285 -8.242640687119284 -1.414213562373094 -7.071067811865475 -2.5 -9.0 2.5 -9.0 1.414213562373095 -7.0710678118654755 4.242640687119285 -8.242640687119284 7.0710678118654755 -7.071067811865475 8.242640687119284 -4.242640687119285 7.0710678118654755 -1.414213562373095 0.0 10.0
154.0 95.0 13 -7.0710678118654755 -1.414213562373095 -8.242640687119284 -4.242640687119286 -7.071067811865475 -7.0710678118654755 -4.242640687119285 -8.242640687119284 -1.414213562373094 -7.071067811865475 -2.5 -9.0 2.5 -9.0 1.414213562373095 -7.0710678118654755 4.242640687119285 -8.242640687119284 7.0710678118654755 -7.071067811865475 8.242640687119284 -4.242640687119285 7.0710678118654755 -1.414213562373095 0.0 10.0
149.0 93.0 13 -7.0710678118654755 -1.414213562373095 -8.242640687119284 -4.242640687119286 -7.071067811865475 -7.0710678118654755 -4.242640687119285 -8.242640687119284 -1.414213562373094 -7.071067811865475 -2.5 -9.0 2.5 -9.0 1.414213562373095 -7.0710678118654755 4.242640687119285 -8.242640687119284 7.0710678118654755 -7.071067811865475 8.242640687119284 -4.242640687119285 7.0710678118654755 -1.414213562373095 0.0 10.0
75.0 75.0 13 -7.0710678118654755 -1.414213562373095 -8.242640687119284 -4.242640687119286 -7.071067811865475 -7.0710678118654755 -4.242640687119285 -8.242640687119284 -1.414213562373094 -7.071067811865475 -2.5 -9.0 2.5 -9.0 1.414213562373095 -7.0710678118654755 4.242640687119285 -8.242640687119284 7.0710678118654755 -7.071067811865475 8.242640687119284 -4.242640687119285 7.0710678118654755 -1.414213562373095 0.0 10.0
74.0 106.0 13 -7.0710678118654755 -1.414213562373095 -8.242640687119284 -4.242640687119286 -7.071067811865475 -7.0710678118654755 -4.242640687119285 -8.242640687119284 -1.414213562373094 -7.071067811865475 -2.5 -9.0 2.5 -9.0 1.414213562373095 -7.0710678118654755 4.242640687119285 -8.242640687119284 7.0710678118654755 -7.071067811865475 8.242640687119284 -4.242640687119285 7.0710678118654755 -1.414213562373095 0.0 10.0
141.0 108.0 13 -7.0710678118654755 -1.414213562373095 -8.242640687119284 -4.242640687119286 -7.071067811865475 -7.0710678118654755 -4.242640687119285 -8.242640687119284 -1.414213562373094 -7.071067811865475 -2.5 -9.0 2.5 -9.0 1.414213562373095 -7.0710678118654755 4.242640687119285 -8.242640687119284 7.0710678118654755 -7.071067811865475 8.242640687119284 -4.242640687119285 7.0710678118654755 -1.414213562373095 0.0 10.0
122.0 94.0 13 -7.0710678118654755 -1.414213562373095 -8.242640687119284 -4.242640687119286 -7.071067811865475 -7.0710678118654755 -4.242640687119285 -8.242640687119284 -1.414213562373094 -7.071067811865475 -2.5 -9.0 2.5 -9.0 1.414213562373095 -7.0710678118654755 4.242640687119285 -8.242640687119284 7.0710678118654755 -7.071067811865475 8.242640687119284 -4.242640687119285 7.0710678118654755 -1.414213562373095 0.0 10.0
85.0 68.0 13 -7.0710678118654755 -1.414213562373095 -8.242640687119284 -4.242640687119286 -7.071067811865475 -7.0710678118654755 -4.242640687119285 -8.242640687119284 -1.414213562373094 -7.071067811865475 -2.5 -9.0 2.5 -9.0 1.414213562373095 -7.0710678118654755 4.242640687119285 -8.242640687119284 7.0710678118654755 -7.071067811865475 8.242640687119284 -4.242640687119285 7.0710678118654755 -1.414213562373095 0.0 10.0
25.0 106.0 13 -7.0710678118654755 -1.414213562373095 -8.242640687119284 -4.242640687119286 -7.071067811865475 -7.0710678118654755 -4.242640687119285 -8.242640687119284 -1.414213562373094 -7.071067811865475 -2.5 -9.0 2.5 -9.0 1.414213562373095 -7.0710678118654755 4.242640687119285 -8.242640687119284 7.0710678118654755 -7.071067811865475 8.242640687119284 -4.242640687119285 7.0710678118654755 -1.414213562373095 0.0 10.0
96.0 81.0 13 -7.0710678118654755 -1.414213562373095 -8.242640687119284 -4.242640687119286 -7.071067811865475 -7.0710678118654755 -4.242640687119285 -8.242640687119284 -1.414213562373094 -7.071067811865475 -2.5 -9.0 2.5 -9.0 1.414213562373095 -7.0710678118654755 4.242640687119285 -8.242640687119284 7.0710678118654755 -7.071067811865475 8.242640687119284 -4.242640687119285 7.0710678118654755 -1.414213562373095 0.0 10.0
119.0 99.0 13 -7.0710678118654755 -1.414213562373095 -8.242640687119284 -4.242640687119286 -7.071067811865475 -7.0710678118654755 -4.242640687119285 -8.242640687119284 -1.414213562373094 -7.071067811865475 -2.5 -9.0 2.5 -9.0 1.414213562373095 -7.0710678118654755 4.242640687119285 -8.242640687119284 7.0710678118654755 -7.071067811865475 8.242640687119284 -4.242640687119285 7.0710678118654755 -1.414213562373095 0.0 10.0
110.0 111.0 13 -7.0710678118654755 -1.414213562373095 -8.242640687119284 -4.242640687119286 -7.071067811865475 -7.0710678118654755 -4.242640687119285 -8.242640687119284 -1.414213562373094 -7.071067811865475 -2.5 -9.0 2.5 -9.0 1.414213562373095 -7.0710678118654755 4.242640687119285 -8.242640687119284 7.0710678118654755 -7.071067811865475 8.242640687119284 -4.242640687119285 7.0710678118654755 -1.414213562373095 0.0 10.0
138.0 101.0 13 -7.0710678118654755 -1.414213562373095 -8.242640687119284 -4.242640687119286 -7.071067811865475 -7.0710678118654755 -4.242640687119285 -8.242640687119284 -1.414213562373094 -7.071067811865475 -2.5 -9.0 2.5 -9.0 1.414213562373095 -7.0710678118654755 4.242640687119285 -8.242640687119284 7.0710678118654755 -7.071067811865475 8.242640687119284 -4.242640687119285 7.0710678118654755 -1.414213562373095 0.0 10.0
64.0 113.0 13 -7.0710678118654755 -1.414213562373095 -8.242640687119284 -4.242640687119286 -7.071067811865475 -7.0710678118654755 -4.242640687119285 -8.242640687119284 -1.414213562373094 -7.071067811865475 -2.5 -9.0 2.5 -9.0 1.414213562373095 -7.0710678118654755 4.242640687119285 -8.242640687119284 7.0710678118654755 -7.071067811865475 8.242640687119284 -4.242640687119285 7.0710678118654755 -1.414213562373095 0.0 10.0
120.0 123.0 13 -7.0710678118654755 -1.414213562373095 -8.242640687119284 -4.242640687119286 -7.071067811865475 -7.0710678118654755 -4.242640687119285 -8.242640687119284 -1.414213562373094 -7.071067811865475 -2.5 -9.0 2.5 -9.0 1.414213562373095 -7.0710678118654755 4.242640687119285 -8.242640687119284 7.0710678118654755 -7.071067811865475 8.242640687119284 -4.242640687119285 7.0710678118654755 -1.414213562373095 0.0 10.0
106.0 105.0 13 -7.0710678118654755 -1.414213562373095 -8.242640687119284 -4.242640687119286 -7.071067811865475 -7.0710678118654755 -4.242640687119285 -8.242640687119284 -1.414213562373094 -7.071067811865475 -2.5 -9.0 2.5 -9.0 1.414213562373095 -7.0710678118654755 4.242640687119285 -8.242640687119284 7.0710678118654755 -7.071067811865475 8.242640687119284 -4.242640687119285 7.0710678118654755 -1.414213562373095 0.0 10.0
119.0 103.0 13 -7.0710678118654755 -1.414213562373095 -8.242640687119284 -4.242640687119286 -7.071067811865475 -7.0710678118654755 -4.242640687119285 -8.242640687119284 -1.414213562373094 -7.071067811865475 -2.5 -9.0 2.5 -9.0 1.414213562373095 -7.0710678118654755 4.242640687119285 -8.242640687119284 7.0710678118654755 -7.071067811865475 8.242640687119284 -4.242640687119285 7.0710678118654755 -1.414213562373095 0.0 10.0
146.0 97.0 13 -7.0710678118654755 -1.414213562373095 -8.242640687119284 -4.242640687119286 -7.071067811865475 -7.0710678118654755 -4.242640687119285 -8.242640687119284 -1.414213562373094 -7.071067811865475 -2.5 -9.0 2.5 -9.0 1.414213562373095 -7.0710678118654755 4.242640687119285 -8.242640687119284 7.0710678118654755 -7.071067811865475 8.242640687119284 -4.242640687119285 7.0710678118654755 -1.414213562373095 0.0 10.0
84.0 80.0 13 -7.0710678118654755 -1.414213562373095 -8.242640687119284 -4.242640687119286 -7.071067811865475 -7.0710678118654755 -4.242640687119285 -8.242640687119284 -1.414213562373094 -7.071067811865475 -2.5 -9.0 2.5 -9.0 1.414213562373095 -7.0710678118654755 4.242640687119285 -8.242640687119284 7.0710678118654755 -7.071067811865475 8.242640687119284 -4.242640687119285 7.0710678118654755 -1.414213562373095 0.0 10.0
84.0 116.0 13 -7.0710678118654755 -1.414213562373095 -8.242640687119284 -4.242640687119286 -7.071067811865475 -7.0710678118654755 -4.242640687119285 -8.242640687119284 -1.414213562373094 -7.071067811865475 -2.5 -9.0 2.5 -9.0 1.414213562373095 -7.0710678118654755 4.242640687119285 -8.242640687119284 7.0710678118654755 -7.071067811865475 8.242640687119284 -4.242640687119285 7.0710678118654755 -1.414213562373095 0.0 10.0
150.0 139.0 13 -7.0710678118654755 -1.414213562373095 -8.242640687119284 -4.242640687119286 -7.071067811865475 -7.0710678118654755 -4.242640687119285 -8.242640687119284 -1.414213562373094 -7.071067811865475 -2.5 -9.0 2.5 -9.0 1.414213562373095 -7.0710678118654755 4.242640687119285 -8.242640687119284 7.0710678118654755 -7.071067811865475 8.242640687119284 -4.242640687119285 7.0710678118654755 -1.414213562373095 0.0 10.0
98.0 122.0 13 -7.0710678118654755 -1.414213562373095 -8.242640687119284 -4.242640687119286 -7.071067811865475 -7.0710678118654755 -4.242640687119285 -8.242640687119284 -1.414213562373094 -7.071067811865475 -2.5 -9.0 2.5 -9.0 1.414213562373095 -7.0710678118654755 4.242640687119285 -8.242640687119284 7.0710678118654755 -7.071067811865475 8.242640687119284 -4.242640687119285 7.0710678118654755 -1.414213562373095 0.0 10.0
135.0 105.0 13 -7.0710678118654755 -1.414213562373095 -8.242640687119284 -4.242640687119286 -7.071067811865475 -7.0710678118654755 -4.242640687119285 -8.242640687119284 -1.414213562373094 -7.071067811865475 -2.5 -9.0 2.5 -9.0 1.414213562373095 -7.0710678118654755 4.242640687119285 -8.242640687119284 7.0710678118654755 -7.071067811865475 8.242640687119284 -4.242640687119285 7.0710678118654755 -1.414213562373095 0.0 10.0
67.0 69.0 13 -7.0710678118654755 -1.414213562373095 -8.242640687119284 -4.242640687119286 -7.071067811865475 -7.0710678118654755 -4.242640687119285 -8.242640687119284 -1.414213562373094 -7.071067811865475 -2.5 -9.0 2.5 -9.0 1.414213562373095 -7.0710678118654755 4.242640687119285 -8.242640687119284 7.0710678118654755 -7.071067811865475 8.242640687119284 -4.242640687119285 7.0710678118654755 -1.414213562373095 0.0 10.0
89.0 99.0 13 -7.0710678118654755 -1.414213562373095 -8.242640687119284 -4.242640687119286 -7.071067811865475 -7.0710678118654755 -4.242640687119285 -8.242640687119284 -1.414213562373094 -7.071067811865475 -2.5 -9.0 2.5 -9.0 1.414213562373095 -7.0710678118654755 4.242640687119285 -8.242640687119284 7.0710678118654755 -7.071067811865475 8.242640687119284 -4.242640687119285 7.0710678118654755 -1.414213562373095 0.0 10.0
156.0 72.0 13 -7.0710678118654755 -1.414213562373095 -8.242640687119284 -4.242640687119286 -7.071067811865475 -7.0710678118654755 -4.242640687119285 -8.242640687119284 -1.414213562373094 -7.071067811865475 -2.5 -9.0 2.5 -9.0 1.414213562373095 -7.0710678118654755 4.242640687119285 -8.242640687119284 7.0710678118654755 -7.071067811865475 8.242640687119284 -4.242640687119285 7.0710678118654755 -1.414213562373095 0.0 10.0
71.0 144.0 13 -7.0710678118654755 -1.414213562373095 -8.242640687119284 -4.242640687119286 -7.071067811865475 -7.0710678118654755 -4.242640687119285 -8.242640687119284 -1.414213562373094 -7.071067811865475 -2.5 -9.0 2.5 -9.0 1.414213562373095 -7.0710678118654755 4.242640687119285 -8.242640687119284 7.0710678118654755 -7.071067811865475 8.242640687119284 -4.242640687119285 7.0710678118654755 -1.414213562373095 0.0 10.0
84.0 97.0 13 -7.0710678118654755 -1.414213562373095 -8.242640687119284 -4.242640687119286 -7.071067811865475 -7.0710678118654755 -4.242640687119285 -8.242640687119284 -1.414213562373094 -7.071067811865475 -2.5 -9.0 2.5 -9.0 1.414213562373095 -7.0710678118654755 4.242640687119285 -8.242640687119284 7.0710678118654755 -7.071067811865475 8.242640687119284 -4.242640687119285 7.0710678118654755 -1.414213562373095 0.0 10.0
111.0 84.0 13 -7.0710678118654755 -1.414213562373095 -8.242640687119284 -4.242640687119286 -7.071067811865475 -7.0710678118654755 -4.242640687119285 -8.242640687119284 -1.414213562373094 -7.071067811865475 -2.5 -9.0 2.5 -9.0 1.414213562373095 -7.0710678118654755 4.242640687119285 -8.242640687119284 7.0710678118654755 -7.071067811865475 8.242640687119284 -4.242640687119285 7.0710678118654755 -1.414213562373095 0.0 10.0
65.0 107.0 13 -7.0710678118654755 -1.414213562373095 -8.242640687119284 -4.242640687119286 -7.071067811865475 -7.0710678118654755 -4.242640687119285 -8.242640687119284 -1.414213562373094 -7.071067811865475 -2.5 -9.0 2.5 -9.0 1.414213562373095 -7.0710678118654755 4.242640687119285 -8.242640687119284 7.0710678118654755 -7.071067811865475 8.242640687119284 -4.242640687119285 7.0710678118654755 -1.414213562373095 0.0 10.0
102.0 79.0 13 -7.0710678118654755 -1.414213562373095 -8.242640687119284 -4.242640687119286 -7.071067811865475 -7.0710678118654755 -4.242640687119285 -8.242640687119284 -1.414213562373094 -7.071067811865475 -2.5 -9.0 2.5 -9.0 1.414213562373095 -7.0710678118654755 4.242640687119285 -8.242640687119284 7.0710678118654755 -7.071067811865475 8.242640687119284 -4.242640687119285 7.0710678118654755 -1.414213562373095 0.0 10.0
71.0 110.0 13 -7.0710678118654755 -1.414213562373095 -8.242640687119284 -4.242640687119286 -7.071067811865475 -7.0710678118654755 -4.242640687119285 -8.242640687119284 -1.414213562373094 -7.071067811865475 -2.5 -9.0 2.5 -9.0 1.414213562373095 -7.0710678118654755 4.242640687119285 -8.242640687119284 7.0710678118654755 -7.071067811865475 8.242640687119284 -4.242640687119285 7.0710678118654755 -1.414213562373095 0.0 10.0
125.0 103.0 13 -7.0710678118654755 -1.414213562373095 -8.242640687119284 -4.242640687119286 -7.071067811865475 -7.0710678118654755 -4.242640687119285 -8.242640687119284 -1.414213562373094 -7.071067811865475 -2.5 -9.0 2.5 -9.0 1.414213562373095 -7.0710678118654755 4.242640687119285 -8.242640687119284 7.0710678118654755 -7.071067811865475 8.242640687119284 -4.242640687119285 7.0710678118654755 -1.414213562373095 0.0 10.0
125.0 111.0 13 -7.0710678118654755 -1.414213562373095 -8.242640687119284 -4.242640687119286 -7.071067811865475 -7.0710678118654755 -4.242640687119285 -8.242640687119284 -1.414213562373094 -7.071067811865475 -2.5 -9.0 2.5 -9.0 1.414213562373095 -7.0710678118654755 4.242640687119285 -8.242640687119284 7.0710678118654755 -7.071067811865475 8.242640687119284 -4.242640687119285 7.0710678118654755 -1.414213562373095 0.0 10.0
97.0 74.0 13 -7.0710678118654755 -1.414213562373095 -8.242640687119284 -4.242640687119286 -7.071067811865475 -7.0710678118654755 -4.242640687119285 -8.242640687119284 -1.414213562373094 -7.071067811865475 -2.5 -9.0 2.5 -9.0 1.414213562373095 -7.0710678118654755 4.242640687119285 -8.242640687119284 7.0710678118654755 -7.071067811865475 8.242640687119284 -4.242640687119285 7.0710678118654755 -1.414213562373095 0.0 10.0
106.0 110.0 13 -7.0710678118654755 -1.414213562373095 -8.242640687119284 -4.242640687119286 -7.071067811865475 -7.0710678118654755 -4.242640687119285 -8.242640687119284 -1.414213562373094 -7.071067811865475 -2.5 -9.0 2.5 -9.0 1.414213562373095 -7.0710678118654755 4.242640687119285 -8.242640687119284 7.0710678118654755 -7.071067811865475 8.242640687119284 -4.242640687119285 7.0710678118654755 -1.414213562373095 0.0 10.0
137.0 95.0 13 -7.0710678118654755 -1.414213562373095 -8.242640687119284 -4.242640687119286 -7.071067811865475 -7.0710678118654755 -4.242640687119285 -8.242640687119284 -1.414213562373094 -7.071067811865475 -2.5 -9.0 2.5 -9.0 1.414213562373095 -7.0710678118654755 4.242640687119285 -8.242640687119284 7.0710678118654755 -7.071067811865475 8.242640687119284 -4.242640687119285 7.0710678118654755 -1.414213562373095 0.0 10.0
137.0 82.0 13 -7.0710678118654755 -1.414213562373095 -8.242640687119284 -4.242640687119286 -7.071067811865475 -7.0710678118654755 -4.242640687119285 -8.242640687119284 -1.414213562373094 -7.071067811865475 -2.5 -9.0 2.5 -9.0 1.414213562373095 -7.0710678118654755 4.242640687119285 -8.242640687119284 7.0710678118654755 -7.071067811865475 8.242640687119284 -4.242640687119285 7.0710678118654755 -1.414213562373095 0.0 10.0
145.0 107.0 13 -7.0710678118654755 -1.414213562373095 -8.242640687119284 -4.242640687119286 -7.071067811865475 -7.0710678118654755 -4.242640687119285 -8.242640687119284 -1.414213562373094 -7.071067811865475 -2.5 -9.0 2.5 -9.0 1.414213562373095 -7.0710678118654755 4.242640687119285 -8.242640687119284 7.0710678118654755 -7.071067811865475 8.242640687119284 -4.242640687119285 7.0710678118654755 -1.414213562373095 0.0 10.0
89.0 119.0 13 -7.0710678118654755 -1.414213562373095 -8.242640687119284 -4.242640687119286 -7.071067811865475 -7.0710678118654755 -4.242640687119285 -8.242640687119284 -1.414213562373094 -7.071067811865475 -2.5 -9.0 2.5 -9.0 1.414213562373095 -7.0710678118654755 4.242640687119285 -8.242640687119284 7.0710678118654755 -7.071067811865475 8.242640687119284 -4.242640687119285 7.0710678118654755 -1.414213562373095 0.0 10.0
78.0 65.0 13 -7.0710678118654755 -1.414213562373095 -8.242640687119284 -4.242640687119286 -7.071067811865475 -7.0710678118654755 -4.242640687119285 -8.242640687119284 -1.414213562373094 -7.071067811865475 -2.5 -9.0 2.5 -9.0 1.414213562373095 -7.0710678118654755 4.242640687119285 -8.242640687119284 7.0710678118654755 -7.071067811865475 8.242640687119284 -4.242640687119285 7.0710678118654755 -1.414213562373095 0.0 10.0
119.0 139.0 13 -7.0710678118654755 -1.414213562373095 -8.242640687119284 -4.242640687119286 -7.071067811865475 -7.0710678118654755 -4.242640687119285 -8.242640687119284 -1.414213562373094 -7.071067811865475 -2.5 -9.0 2.5 -9.0 1.414213562373095 -7.0710678118654755 4.242640687119285 -8.242640687119284 7.0710678118654755 -7.071067811865475 8.242640687119284 -4.242640687119285 7.0710678118654755 -1.414213562373095 0.0 10.0
102.0 151.0 13 -7.0710678118654755 -1.414213562373095 -8.242640687119284 -4.242640687119286 -7.071067811865475 -7.0710678118654755 -4.242640687119285 -8.242640687119284 -1.414213562373094 -7.071067811865475 -2.5 -9.0 2.5 -9.0 1.414213562373095 -7.0710678118654755 4.242640687119285 -8.242640687119284 7.0710678118654755 -7.071067811865475 8.242640687119284 -4.242640687119285 7.0710678118654755 -1.414213562373095 0.0 10.0
103.0 25.0 13 -7.0710678118654755 -1.414213562373095 -8.242640687119284 -4.242640687119286 -7.071067811865475 -7.0710678118654755 -4.242640687119285 -8.242640687119284 -1.414213562373094 -7.071067811865475 -2.5 -9.0 2.5 -9.0 1.414213562373095 -7.0710678118654755 4.242640687119285 -8.242640687119284 7.0710678118654755 -7.071067811865475 8.242640687119284 -4.242640687119285 7.0710678118654755 -1.414213562373095 0.0 10.0
129.0 100.0 13 -7.0710678118654755 -1.414213562373095 -8.242640687119284 -4.242640687119286 -7.071067811865475 -7.0710678118654755 -4.242640687119285 -8.242640687119284 -1.414213562373094 -7.071067811865475 -2.5 -9.0 2.5 -9.0 1.414213562373095 -7.0710678118654755 4.242640687119285 -8.242640687119284 7.0710678118654755 -7.071067811865475 8.242640687119284 -4.242640687119285 7.0710678118654755 -1.414213562373095 0.0 10.0
89.0 123.0 13 -7.0710678118654755 -1.414213562373095 -8.242640687119284 -4.242640687119286 -7.071067811865475 -7.0710678118654755 -4.242640687119285 -8.242640687119284 -1.414213562373094 -7.071067811865475 -2.5 -9.0 2.5 -9.0 1.414213562373095 -7.0710678118654755 4.242640687119285 -8.242640687119284 7.0710678118654755 -7.071067811865475 8.242640687119284 -4.242640687119285 7.0710678118654755 -1.414213562373095 0.0 10.0
138.0 89.0 13 -7.0710678118654755 -1.414213562373095 -8.242640687119284 -4.242640687119286 -7.071067811865475 -7.0710678118654755 -4.242640687119285 -8.242640687119284 -1.414213562373094 -7.071067811865475 -2.5 -9.0 2.5 -9.0 1.414213562373095 -7.0710678118654755 4.242640687119285 -8.242640687119284 7.0710678118654755 -7.071067811865475 8.242640687119284 -4.242640687119285 7.0710678118654755 -1.414213562373095 0.0 10.0
123.0 68.0 13 -7.0710678118654755 -1.414213562373095 -8.242640687119284 -4.242640687119286 -7.071067811865475 -7.0710678118654755 -4.242640687119285 -8.242640687119284 -1.414213562373094 -7.071067811865475 -2.5 -9.0 2.5 -9.0 1.414213562373095 -7.0710678118654755 4.242640687119285 -8.242640687119284 7.0710678118654755 -7.071067811865475 8.242640687119284 -4.242640687119285 7.0710678118654755 -1.414213562373095 0.0 10.0
138.0 86.0 13 -7.0710678118654755 -1.414213562373095 -8.242640687119284 -4.242640687119286 -7.071067811865475 -7.0710678118654755 -4.242640687119285 -8.242640687119284 -1.414213562373094 -7.071067811865475 -2.5 -9.0 2.5 -9.0 1.414213562373095 -7.0710678118654755 4.242640687119285 -8.242640687119284 7.0710678118654755 -7.071067811865475 8.242640687119284 -4.242640687119285 7.0710678118654755 -1.414213562373095 0.0 10.0
164.0 119.0 13 -7.0710678118654755 -1.414213562373095 -8.242640687119284 -4.242640687119286 -7.071067811865475 -7.0710678118654755 -4.242640687119285 -8.242640687119284 -1.414213562373094 -7.071067811865475 -2.5 -9.0 2.5 -9.0 1.414213562373095 -7.0710678118654755 4.242640687119285 -8.242640687119284 7.0710678118654755 -7.071067811865475 8.242640687119284 -4.242640687119285 7.0710678118654755 -1.414213562373095 0.0 10.0
141.0 112.0 13 -7.0710678118654755 -1.414213562373095 -8.242640687119284 -4.242640687119286 -7.071067811865475 -7.0710678118654755 -4.242640687119285 -8.242640687119284 -1.414213562373094 -7.071067811865475 -2.5 -9.0 2.5 -9.0 1.414213562373095 -7.0710678118654755 4.242640687119285 -8.242640687119284 7.0710678118654755 -7.071067811865475 8.242640687119284 -4.242640687119285 7.0710678118654755 -1.414213562373095 0.0 10.0
80.0 182.0 13 -7.0710678118654755 -1.414213562373095 -8.242640687119284 -4.242640687119286 -7.071067811865475 -7.0710678118654755 -4.242640687119285 -8.242640687119284 -1.414213562373094 -7.071067811865475 -2.5 -9.0 2.5 -9.0 1.414213562373095 -7.0710678118654755 4.242640687119285 -8.242640687119284 7.0710678118654755 -7.071067811865475 8.242640687119284 -4.242640687119285 7.0710678118654755 -1.414213562373095 0.0 10.0
141.0 125.0 13 -7.0710678118654755 -1.414213562373095 -8.242640687119284 -4.242640687119286 -7.071067811865475 -7.0710678118654755 -4.242640687119285 -8.242640687119284 -1.414213562373094 -7.071067811865475 -2.5 -9.0 2.5 -9.0 1.414213562373095 -7.0710678118654755 4.242640687119285 -8.242640687119284 7.0710678118654755 -7.071067811865475 8.242640687119284 -4.242640687119285 7.0710678118654755 -1.414213562373095 0.0 10.0
97.0 71.0 13 -7.0710678118654755 -1.414213562373095 -8.242640687119284 -4.242640687119286 -7.071067811865475 -7.0710678118654755 -4.242640687119285 -8.242640687119284 -1.414213562373094 -7.071067811865475 -2.5 -9.0 2.5 -9.0 1.414213562373095 -7.0710678118654755 4.242640687119285 -8.242640687119284 7.0710678118654755 -7.071067811865475 8.242640687119284 -4.242640687119285 7.0710678118654755 -1.414213562373095 0.0 10.0
171.0 81.0 13 -7.0710678118654755 -1.414213562373095 -8.242640687119284 -4.242640687119286 -7.071067811865475 -7.0710678118654755 -4.242640687119285 -8.242640687119284 -1.414213562373094 -7.071067811865475 -2.5 -9.0 2.5 -9.0 1.414213562373095 -7.0710678118654755 4.242640687119285 -8.242640687119284 7.0710678118654755 -7.071067811865475 8.242640687119284 -4.242640687119285 7.0710678118654755 -1.414213562373095 0.0 10.0
130.0 160.0 13 -7.0710678118654755 -1.414213562373095 -8.242640687119284 -4.242640687119286 -7.071067811865475 -7.0710678118654755 -4.242640687119285 -8.242640687119284 -1.414213562373094 -7.071067811865475 -2.5 -9.0 2.5 -9.0 1.414213562373095 -7.0710678118654755 4.242640687119285 -8.242640687119284 7.0710678118654755 -7.071067811865475 8.242640687119284 -4.242640687119285 7.0710678118654755 -1.414213562373095 0.0 10.0
88.0 73.0 13 -7.0710678118654755 -1.414213562373095 -8.242640687119284 -4.242640687119286 -7.071067811865475 -7.0710678118654755 -4.242640687119285 -8.242640687119284 -1.414213562373094 -7.071067811865475 -2.5 -9.0 2.5 -9.0 1.414213562373095 -7.0710678118654755 4.242640687119285 -8.242640687119284 7.0710678118654755 -7.071067811865475 8.242640687119284 -4.242640687119285 7.0710678118654755 -1.414213562373095 0.0 10.0
133.0 69.0 13 -7.0710678118654755 -1.414213562373095 -8.242640687119284 -4.242640687119286 -7.071067811865475 -7.0710678118654755 -4.242640687119285 -8.242640687119284 -1.414213562373094 -7.071067811865475 -2.5 -9.0 2.5 -9.0 1.414213562373095 -7.0710678118654755 4.242640687119285 -8.242640687119284 7.0710678118654755 -7.071067811865475 8.242640687119284 -4.242640687119285 7.0710678118654755 -1.414213562373095 0.0 10.0
96.0 96.0 13 -7.0710678118654755 -1.414213562373095 -8.242640687119284 -4.242640687119286 -7.071067811865475 -7.0710678118654755 -4.242640687119285 -8.242640687119284 -1.414213562373094 -7.071067811865475 -2.5 -9.0 2.5 -9.0 1.414213562373095 -7.0710678118654755 4.242640687119285 -8.242640687119284 7.0710678118654755 -7.071067811865475 8.242640687119284 -4.242640687119285 7.0710678118654755 -1.414213562373095 0.0 10.0
118.0 43.0 13 -7.0710678118654755 -1.414213562373095 -8.242640687119284 -4.242640687119286 -7.071067811865475 -7.0710678118654755 -4.242640687119285 -8.242640687119284 -1.414213562373094 -7.071067811865475 -2.5 -9.0 2.5 -9.0 1.414213562373095 -7.0710678118654755 4.242640687119285 -8.242640687119284 7.0710678118654755 -7.071067811865475 8.242640687119284 -4.242640687119285 7.0710678118654755 -1.414213562373095 0.0 10.0
173.0 74.0 13 -7.0710678118654755 -1.414213562373095 -8.242640687119284 -4.242640687119286 -7.071067811865475 -7.0710678118654755 -4.242640687119285 -8.242640687119284 -1.414213562373094 -7.071067811865475 -2.5 -9.0 2.5 -9.0 1.414213562373095 -7.0710678118654755 4.242640687119285 -8.242640687119284 7.0710678118654755 -7.071067811865475 8.242640687119284 -4.242640687119285 7.0710678118654755 -1.414213562373095 0.0 10.0
139.0 150.0 13 -7.0710678118654755 -1.414213562373095 -8.242640687119284 -4.242640687119286 -7.071067811865475 -7.0710678118654755 -4.242640687119285 -8.242640687119284 -1.414213562373094 -7.071067811865475 -2.5 -9.0 2.5 -9.0 1.414213562373095 -7.0710678118654755 4.242640687119285 -8.242640687119284 7.0710678118654755 -7.071067811865475 8.242640687119284 -4.242640687119285 7.0710678118654755 -1.414213562373095 0.0 10.0
101.0 49.0 13 -7.0710678118654755 -1.414213562373095 -8.242640687119284 -4.242640687119286 -7.071067811865475 -7.0710678118654755 -4.242640687119285 -8.242640687119284 -1.414213562373094 -7.071067811865475 -2.5 -9.0 2.5 -9.0 1.414213562373095 -7.0710678118654755 4.242640687119285 -8.242640687119284 7.0710678118654755 -7.071067811865475 8.242640687119284 -4.242640687119285 7.0710678118654755 -1.414213562373095 0.0 10.0
112.0 127.0 13 -7.0710678118654755 -1.414213562373095 -8.242640687119284 -4.242640687119286 -7.071067811865475 -7.0710678118654755 -4.242640687119285 -8.242640687119284 -1.414213562373094 -7.071067811865475 -2.5 -9.0 2.5 -9.0 1.414213562373095 -7.0710678118654755 4.242640687119285 -8.242640687119284 7.0710678118654755 -7.071067811865475 8.242640687119284 -4.242640687119285 7.0710678118654755 -1.414213562373095 0.0 10.0
102.0 123.0 13 -7.0710678118654755 -1.414213562373095 -8.242640687119284 -4.242640687119286 -7.071067811865475 -7.0710678118654755 -4.242640687119285 -8.242640687119284 -1.414213562373094 -7.071067811865475 -2.5 -9.0 2.5 -9.0 1.414213562373095 -7.0710678118654755 4.242640687119285 -8.242640687119284 7.0710678118654755 -7.071067811865475 8.242640687119284 -4.242640687119285 7.0710678118654755 -1.414213562373095 0.0 10.0
116.0 116.0 13 -7.0710678118654755 -1.414213562373095 -8.242640687119284 -4.242640687119286 -7.071067811865475 -7.0710678118654755 -4.242640687119285 -8.242640687119284 -1.414213562373094 -7.071067811865475 -2.5 -9.0 2.5 -9.0 1.414213562373095 -7.0710678118654755 4.242640687119285 -8.242640687119284 7.0710678118654755 -7.071067811865475 8.242640687119284 -4.242640687119285 7.0710678118654755 -1.414213562373095 0.0 10.0
88.0 112.0 13 -7.0710678118654755 -1.414213562373095 -8.242640687119284 -4.242640687119286 -7.071067811865475 -7.0710678118654755 -4.242640687119285 -8.242640687119284 -1.414213562373094 -7.071067811865475 -2.5 -9.0 2.5 -9.0 1.414213562373095 -7.0710678118654755 4.242640687119285 -8.242640687119284 7.0710678118654755 -7.071067811865475 8.242640687119284 -4.242640687119285 7.0710678118654755 -1.414213562373095 0.0 10.0
128.0 55.0 13 -7.0710678118654755 -1.414213562373095 -8.242640687119284 -4.242640687119286 -7.071067811865475 -7.0710678118654755 -4.242640687119285 -8.242640687119284 -1.414213562373094 -7.071067811865475 -2.5 -9.0 2.5 -9.0 1.414213562373095 -7.0710678118654755 4.242640687119285 -8.242640687119284 7.0710678118654755 -7.071067811865475 8.242640687119284 -4.242640687119285 7.0710678118654755 -1.414213562373095 0.0 10.0
124.0 84.0 13 -7.0710678118654755 -1.414213562373095 -8.242640687119284 -4.242640687119286 -7.071067811865475 -7.0710678118654755 -4.242640687119285 -8.242640687119284 -1.414213562373094 -7.071067811865475 -2.5 -9.0 2.5 -9.0 1.414213562373095 -7.0710678118654755 4.242640687119285 -8.242640687119284 7.0710678118654755 -7.071067811865475 8.242640687119284 -4.242640687119285 7.0710678118654755 -1.414213562373095 0.0 10.0
123.0 132.0 13 -7.0710678118654755 -1.414213562373095 -8.242640687119284 -4.242640687119286 -7.071067811865475 -7.0710678118654755 -4.242640687119285 -8.242640687119284 -1.414213562373094 -7.071067811865475 -2.5 -9.0 2.5 -9.0 1.414213562373095 -7.0710678118654755 4.242640687119285 -8.242640687119284 7.0710678118654755 -7.071067811865475 8.242640687119284 -4.242640687119285 7.0710678118654755 -1.414213562373095 0.0 10.0
133.0 138.0 13 -7.0710678118654755 -1.414213562373095 -8.242640687119284 -4.242640687119286 -7.071067811865475 -7.0710678118654755 -4.242640687119285 -8.242640687119284 -1.414213562373094 -7.071067811865475 -2.5 -9.0 2.5 -9.0 1.414213562373095 -7.0710678118654755 4.242640687119285 -8.242640687119284 7.0710678118654755 -7.071067811865475 8.242640687119284 -4.242640687119285 7.0710678118654755 -1.414213562373095 0.0 10.0
83.0 107.0 13 -7.0710678118654755 -1.414213562373095 -8.242640687119284 -4.242640687119286 -7.071067811865475 -7.0710678118654755 -4.242640687119285 -8.242640687119284 -1.414213562373094 -7.071067811865475 -2.5 -9.0 2.5 -9.0 1.414213562373095 -7.0710678118654755 4.242640687119285 -8.242640687119284 7.0710678118654755 -7.071067811865475 8.242640687119284 -4.242640687119285 7.0710678118654755 -1.414213562373095 0.0 10.0
94.0 143.0 13 -7.0710678118654755 -1.414213562373095 -8.242640687119284 -4.242640687119286 -7.071067811865475 -7.0710678118654755 -4.242640687119285 -8.242640687119284 -1.414213562373094 -7.071067811865475 -2.5 -9.0 2.5 -9.0 1.414213562373095 -7.0710678118654755 4.242640687119285 -8.242640687119284 7.0710678118654755 -7.071067811865475 8.242640687119284 -4.242640687119285 7.0710678118654755 -1.414213562373095 0.0 10.0
144.0 146.0 13 -7.0710678118654755 -1.414213562373095 -8.242640687119284 -4.242640687119286 -7.071067811865475 -7.0710678118654755 -4.242640687119285 -8.242640687119284 -1.414213562373094 -7.071067811865475 -2.5 -9.0 2.5 -9.0 1.414213562373095 -7.0710678118654755 4.242640687119285 -8.242640687119284 7.0710678118654755 -7.071067811865475 8.242640687119284 -4.242640687119285 7.0710678118654755 -1.414213562373095 0.0 10.0
74.0 122.0 13 -7.0710678118654755 -1.414213562373095 -8.242640687119284 -4.242640687119286 -7.071067811865475 -7.0710678118654755 -4.242640687119285 -8.242640687119284 -1.414213562373094 -7.071067811865475 -2.5 -9.0 2.5 -9.0 1.414213562373095 -7.0710678118654755 4.242640687119285 -8.242640687119284 7.0710678118654755 -7.071067811865475 8.242640687119284 -4.242640687119285 7.0710678118654755 -1.414213562373095 0.0 10.0
162.0 142.0 13 -7.0710678118654755 -1.414213562373095 -8.242640687119284 -4.242640687119286 -7.071067811865475 -7.0710678118654755 -4.242640687119285 -8.242640687119284 -1.414213562373094 -7.071067811865475 -2.5 -9.0 2.5 -9.0 1.414213562373095 -7.0710678118654755 4.242640687119285 -8.242640687119284 7.0710678118654755 -7.071067811865475 8.242640687119284 -4.242640687119285 7.0710678118654755 -1.414213562373095 0.0 10.0
122.0 91.0 13 -7.0710678118654755 -1.414213562373095 -8.242640687119284 -4.242640687119286 -7.071067811865475 -7.0710678118654755 -4.242640687119285 -8.242640687119284 -1.414213562373094 -7.071067811865475 -2.5 -9.0 2.5 -9.0 1.414213562373095 -7.0710678118654755 4.242640687119285 -8.242640687119284 7.0710678118654755 -7.071067811865475 8.242640687119284 -4.242640687119285 7.0710678118654755 -1.414213562373095 0.0 10.0
80.0 145.0 13 -7.0710678118654755 -1.414213562373095 -8.242640687119284 -4.242640687119286 -7.071067811865475 -7.0710678118654755 -4.242640687119285 -8.242640687119284 -1.414213562373094 -7.071067811865475 -2.5 -9.0 2.5 -9.0 1.414213562373095 -7.0710678118654755 4.242640687119285 -8.242640687119284 7.0710678118654755 -7.071067811865475 8.242640687119284 -4.242640687119285 7.0710678118654755 -1.414213562373095 0.0 10.0
150.0 122.0 13 -7.0710678118654755 -1.414213562373095 -8.242640687119284 -4.242640687119286 -7.071067811865475 -7.0710678118654755 -4.242640687119285 -8.242640687119284 -1.414213562373094 -7.071067811865475 -2.5 -9.0 2.5 -9.0 1.414213562373095 -7.0710678118654755 4.242640687119285 -8.242640687119284 7.0710678118654755 -7.071067811865475 8.242640687119284 -4.242640687119285 7.0710678118654755 -1.414213562373095 0.0 10.0
125.0 43.0 13 -7.0710678118654755 -1.414213562373095 -8.242640687119284 -4.242640687119286 -7.071067811865475 -7.0710678118654755 -4.242640687119285 -8.242640687119284 -1.414213562373094 -7.071067811865475 -2.5 -9.0 2.5 -9.0 1.414213562373095 -7.0710678118654755 4.242640687119285 -8.242640687119284 7.0710678118654755 -7.071067811865475 8.242640687119284 -4.242640687119285 7.0710678118654755 -1.414213562373095 0.0 10.0
115.0 100.0 13 -7.0710678118654755 -1.414213562373095 -8.242640687119284 -4.242640687119286 -7.071067811865475 -7.0710678118654755 -4.242640687119285 -8.242640687119284 -1.414213562373094 -7.071067811865475 -2.5 -9.0 2.5 -9.0 1.414213562373095 -7.0710678118654755 4.242640687119285 -8.242640687119284 7.0710678118654755 -7.071067811865475 8.242640687119284 -4.242640687119285 7.0710678118654755 -1.414213562373095 0.0 10.0
111.0 107.0 13 -7.0710678118654755 -1.414213562373095 -8.242640687119284 -4.242640687119286 -7.071067811865475 -7.0710678118654755 -4.242640687119285 -8.242640687119284 -1.414213562373094 -7.071067811865475 -2.5 -9.0 2.5 -9.0 1.414213562373095 -7.0710678118654755 4.242640687119285 -8.242640687119284 7.0710678118654755 -7.071067811865475 8.242640687119284 -4.242640687119285 7.0710678118654755 -1.414213562373095 0.0 10.0
137.0 116.0 13 -7.0710678118654755 -1.414213562373095 -8.242640687119284 -4.242640687119286 -7.071067811865475 -7.0710678118654755 -4.242640687119285 -8.242640687119284 -1.414213562373094 -7.071067811865475 -2.5 -9.0 2.5 -9.0 1.414213562373095 -7.0710678118654755 4.242640687119285 -8.242640687119284 7.0710678118654755 -7.071067811865475 8.242640687119284 -4.242640687119285 7.0710678118654755 -1.414213562373095 0.0 10.0
85.0 141.0 13 -7.0710678118654755 -1.414213562373095 -8.242640687119284 -4.242640687119286 -7.071067811865475 -7.0710678118654755 -4.242640687119285 -8.242640687119284 -1.414213562373094 -7.071067811865475 -2.5 -9.0 2.5 -9.0 1.414213562373095 -7.0710678118654755 4.242640687119285 -8.242640687119284 7.0710678118654755 -7.071067811865475 8.242640687119284 -4.242640687119285 7.0710678118654755 -1.414213562373095 0.0 10.0
80.0 131.0 13 -7.0710678118654755 -1.414213562373095 -8.242640687119284 -4.242640687119286 -7.071067811865475 -7.0710678118654755 -4.242640687119285 -8.242640687119284 -1.414213562373094 -7.071067811865475 -2.5 -9.0 2.5 -9.0 1.414213562373095 -7.0710678118654755 4.242640687119285 -8.242640687119284 7.0710678118654755 -7.071067811865475 8.242640687119284 -4.242640687119285 7.0710678118654755 -1.414213562373095 0.0 10.0
151.0 144.0 13 -7.0710678118654755 -1.414213562373095 -8.242640687119284 -4.242640687119286 -7.071067811865475 -7.0710678118654755 -4.242640687119285 -8.242640687119284 -1.414213562373094 -7.071067811865475 -2.5 -9.0 2.5 -9.0 1.414213562373095 -7.0710678118654755 4.242640687119285 -8.242640687119284 7.0710678118654755 -7.071067811865475 8.242640687119284 -4.242640687119285 7.0710678118654755 -1.414213562373095 0.0 10.0
131.0 120.0 13 -7.0710678118654755 -1.414213562373095 -8.242640687119284 -4.242640687119286 -7.071067811865475 -7.0710678118654755 -4.242640687119285 -8.242640687119284 -1.414213562373094 -7.071067811865475 -2.5 -9.0 2.5 -9.0 1.414213562373095 -7.0710678118654755 4.242640687119285 -8.242640687119284 7.0710678118654755 -7.071067811865475 8.242640687119284 -4.242640687119285 7.0710678118654755 -1.414213562373095 0.0 10.0
67.0 76.0 13 -7.0710678118654755 -1.414213562373095 -8.242640687119284 -4.242640687119286 -7.071067811865475 -7.0710678118654755 -4.242640687119285 -8.242640687119284 -1.414213562373094 -7.071067811865475 -2.5 -9.0 2.5 -9.0 1.414213562373095 -7.0710678118654755 4.242640687119285 -8.242640687119284 7.0710678118654755 -7.071067811865475 8.242640687119284 -4.242640687119285 7.0710678118654755 -1.414213562373095 0.0 10.0
155.0 108.0 13 -7.0710678118654755 -1.414213562373095 -8.242640687119284 -4.242640687119286 -7.071067811865475 -7.0710678118654755 -4.242640687119285 -8.242640687119284 -1.414213562373094 -7.071067811865475 -2.5 -9.0 2.5 -9.0 1.414213562373095 -7.0710678118654755 4.242640687119285 -8.242640687119284 7.0710678118654755 -7.071067811865475 8.242640687119284 -4.242640687119285 7.0710678118654755 -1.414213562373095 0.0 10.0
156.0 81.0 13 -7.0710678118654755 -1.414213562373095 -8.242640687119284 -4.242640687119286 -7.071067811865475 -7.0710678118654755 -4.242640687119285 -8.242640687119284 -1.414213562373094 -7.071067811865475 -2.5 -9.0 2.5 -9.0 1.414213562373095 -7.0710678118654755 4.242640687119285 -8.242640687119284 7.0710678118654755 -7.071067811865475 8.242640687119284 -4.242640687119285 7.0710678118654755 -1.414213562373095 0.0 10.0
145.0 41.0 13 -7.0710678118654755 -1.414213562373095 -8.242640687119284 -4.242640687119286 -7.071067811865475 -7.0710678118654755 -4.242640687119285 -8.242640687119284 -1.414213562373094 -7.071067811865475 -2.5 -9.0 2.5 -9.0 1.414213562373095 -7.0710678118654755 4.242640687119285 -8.242640687119284 7.0710678118654755 -7.071067811865475 8.242640687119284 -4.242640687119285 7.0710678118654755 -1.414213562373095 0.0 10.0
142.0 162.0 13 -7.0710678118654755 -1.414213562373095 -8.242640687119284 -4.242640687119286 -7.071067811865475 -7.0710678118654755 -4.242640687119285 -8.242640687119284 -1.414213562373094 -7.071067811865475 -2.5 -9.0 2.5 -9.0 1.414213562373095 -7.0710678118654755 4.242640687119285 -8.242640687119284 7.0710678118654755 -7.071067811865475 8.242640687119284 -4.242640687119285 7.0710678118654755 -1.414213562373095 0.0 10.0
122.0 100.0 13 -7.0710678118654755 -1.414213562373095 -8.242640687119284 -4.242640687119286 -7.071067811865475 -7.0710678118654755 -4.242640687119285 -8.242640687119284 -1.414213562373094 -7.071067811865475 -2.5 -9.0 2.5 -9.0 1.414213562373095 -7.0710678118654755 4.242640687119285 -8.242640687119284 7.0710678118654755 -7.071067811865475 8.242640687119284 -4.242640687119285 7.0710678118654755 -1.414213562373095 0.0 10.0
133.0 76.0 13 -7.0710678118654755 -1.414213562373095 -8.242640687119284 -4.242640687119286 -7.071067811865475 -7.0710678118654755 -4.242640687119285 -8.242640687119284 -1.414213562373094 -7.071067811865475 -2.5 -9.0 2.5 -9.0 1.414213562373095 -7.0710678118654755 4.242640687119285 -8.242640687119284 7.0710678118654755 -7.071067811865475 8.242640687119284 -4.242640687119285 7.0710678118654755 -1.414213562373095 0.0 10.0
96.0 156.0 13 -7.0710678118654755 -1.414213562373095 -8.242640687119284 -4.242640687119286 -7.071067811865475 -7.0710678118654755 -4.242640687119285 -8.242640687119284 -1.414213562373094 -7.071067811865475 -2.5 -9.0 2.5 -9.0 1.414213562373095 -7.0710678118654755 4.242640687119285 -8.242640687119284 7.0710678118654755 -7.071067811865475 8.242640687119284 -4.242640687119285 7.0710678118654755 -1.414213562373095 0.0 10.0
137.0 75.0 13 -7.0710678118654755 -1.414213562373095 -8.242640687119284 -4.242640687119286 -7.071067811865475 -7.0710678118654755 -4.242640687119285 -8.242640687119284 -1.414213562373094 -7.071067811865475 -2.5 -9.0 2.5 -9.0 1.414213562373095 -7.0710678118654755 4.242640687119285 -8.242640687119284 7.0710678118654755 -7.071067811865475 8.242640687119284 -4.242640687119285 7.0710678118654755 -1.414213562373095 0.0 10.0
176.0 50.0 13 -7.0710678118654755 -1.414213562373095 -8.242640687119284 -4.242640687119286 -7.071067811865475 -7.0710678118654755 -4.242640687119285 -8.242640687119284 -1.414213562373094 -7.071067811865475 -2.5 -9.0 2.5 -9.0 1.414213562373095 -7.0710678118654755 4.242640687119285 -8.242640687119284 7.0710678118654755 -7.071067811865475 8.242640687119284 -4.242640687119285 7.0710678118654755 -1.414213562373095 0.0 10.0
133.0 94.0 13 -7.0710678118654755 -1.414213562373095 -8.242640687119284 -4.242640687119286 -7.071067811865475 -7.0710678118654755 -4.242640687119285 -8.242640687119284 -1.414213562373094 -7.071067811865475 -2.5 -9.0 2.5 -9.0 1.414213562373095 -7.0710678118654755 4.242640687119285 -8.242640687119284 7.0710678118654755 -7.071067811865475 8.242640687119284 -4.242640687119285 7.0710678118654755 -1.414213562373095 0.0 10.0
85.0 109.0 13 -7.0710678118654755 -1.414213562373095 -8.242640687119284 -4.242640687119286 -7.071067811865475 -7.0710678118654755 -4.242640687119285 -8.242640687119284 -1.414213562373094 -7.071067811865475 -2.5 -9.0 2.5 -9.0 1.414213562373095 -7.0710678118654755 4.242640687119285 -8.242640687119284 7.0710678118654755 -7.071067811865475 8.242640687119284 -4.242640687119285 7.0710678118654755 -1.414213562373095 0.0 10.0
110.0 125.0 13 -7.0710678118654755 -1.414213562373095 -8.242640687119284 -4.242640687119286 -7.071067811865475 -7.0710678118654755 -4.242640687119285 -8.242640687119284 -1.414213562373094 -7.071067811865475 -2.5 -9.0 2.5 -9.0 1.414213562373095 -7.0710678118654755 4.242640687119285 -8.242640687119284 7.0710678118654755 -7.071067811865475 8.242640687119284 -4.242640687119285 7.0710678118654755 -1.414213562373095 0.0 10.0
79.0 91.0 13 -7.0710678118654755 -1.414213562373095 -8.242640687119284 -4.242640687119286 -7.071067811865475 -7.0710678118654755 -4.242640687119285 -8.242640687119284 -1.414213562373094 -7.071067811865475 -2.5 -9.0 2.5 -9.0 1.414213562373095 -7.0710678118654755 4.242640687119285 -8.242640687119284 7.0710678118654755 -7.071067811865475 8.242640687119284 -4.242640687119285 7.0710678118654755 -1.414213562373095 0.0 10.0
29.0 43.0 13 -7.0710678118654755 -1.414213562373095 -8.242640687119284 -4.242640687119286 -7.071067811865475 -7.0710678118654755 -4.242640687119285 -8.242640687119284 -1.414213562373094 -7.071067811865475 -2.5 -9.0 2.5 -9.0 1.414213562373095 -7.0710678118654755 4.242640687119285 -8.242640687119284 7.0710678118654755 -7.071067811865475 8.242640687119284 -4.242640687119285 7.0710678118654755 -1.414213562373095 0.0 10.0
116.0 113.0 13 -7.0710678118654755 -1.414213562373095 -8.242640687119284 -4.242640687119286 -7.071067811865475 -7.0710678118654755 -4.242640687119285 -8.242640687119284 -1.414213562373094 -7.071067811865475 -2.5 -9.0 2.5 -9.0 1.414213562373095 -7.0710678118654755 4.242640687119285 -8.242640687119284 7.0710678118654755 -7.071067811865475 8.242640687119284 -4.242640687119285 7.0710678118654755 -1.414213562373095 0.0 10.0
129.0 110.0 13 -7.0710678118654755 -1.414213562373095 -8.242640687119284 -4.242640687119286 -7.071067811865475 -7.0710678118654755 -4.242640687119285 -8.242640687119284 -1.414213562373094 -7.071067811865475 -2.5 -9.0 2.5 -9.0 1.414213562373095 -7.0710678118654755 4.242640687119285 -8.242640687119284 7.0710678118654755 -7.071067811865475 8.242640687119284 -4.242640687119285 7.0710678118654755 -1.414213562373095 0.0 10.0
61.0 147.0 13 -7.0710678118654755 -1.414213562373095 -8.242640687119284 -4.242640687119286 -7.071067811865475 -7.0710678118654755 -4.242640687119285 -8.242640687119284 -1.414213562373094 -7.071067811865475 -2.5 -9.0 2.5 -9.0 1.414213562373095 -7.0710678118654755 4.242640687119285 -8.242640687119284 7.0710678118654755 -7.071067811865475 8.242640687119284 -4.242640687119285 7.0710678118654755 -1.414213562373095 0.0 10.0
173.0 149.0 13 -7.0710678118654755 -1.414213562373095 -8.242640687119284 -4.242640687119286 -7.071067811865475 -7.0710678118654755 -4.242640687119285 -8.242640687119284 -1.414213562373094 -7.071067811865475 -2.5 -9.0 2.5 -9.0 1.414213562373095 -7.0710678118654755 4.242640687119285 -8.242640687119284 7.0710678118654755 -7.071067811865475 8.242640687119284 -4.242640687119285 7.0710678118654755 -1.414213562373095 0.0 10.0
93.0 87.0 13 -7.0710678118654755 -1.414213562373095 -8.242640687119284 -4.242640687119286 -7.071067811865475 -7.0710678118654755 -4.242640687119285 -8.242640687119284 -1.414213562373094 -7.071067811865475 -2.5 -9.0 2.5 -9.0 1.414213562373095 -7.0710678118654755 4.242640687119285 -8.242640687119284 7.0710678118654755 -7.071067811865475 8.242640687119284 -4.242640687119285 7.0710678118654755 -1.414213562373095 0.0 10.0
148.0 80.0 13 -7.0710678118654755 -1.414213562373095 -8.242640687119284 -4.242640687119286 -7.071067811865475 -7.0710678118654755 -4.242640687119285 -8.242640687119284 -1.414213562373094 -7.071067811865475 -2.5 -9.0 2.5 -9.0 1.414213562373095 -7.0710678118654755 4.242640687119285 -8.242640687119284 7.0710678118654755 -7.071067811865475 8.242640687119284 -4.242640687119285 7.0710678118654755 -1.414213562373095 0.0 10.0
94.0 118.0 13 -7.0710678118654755 -1.414213562373095 -8.242640687119284 -4.242640687119286 -7.071067811865475 -7.0710678118654755 -4.242640687119285 -8.242640687119284 -1.414213562373094 -7.071067811865475 -2.5 -9.0 2.5 -9.0 1.414213562373095 -7.0710678118654755 4.242640687119285 -8.242640687119284 7.0710678118654755 -7.071067811865475 8.242640687119284 -4.242640687119285 7.0710678118654755 -1.414213562373095 0.0 10.0
164.0 91.0 13 -7.0710678118654755 -1.414213562373095 -8.242640687119284 -4.242640687119286 -7.071067811865475 -7.0710678118654755 -4.242640687119285 -8.242640687119284 -1.414213562373094 -7.071067811865475 -2.5 -9.0 2.5 -9.0 1.414213562373095 -7.0710678118654755 4.242640687119285 -8.242640687119284 7.0710678118654755 -7.071067811865475 8.242640687119284 -4.242640687119285 7.0710678118654755 -1.414213562373095 0.0 10.0
96.0 63.0 13 -7.0710678118654755 -1.414213562373095 -8.242640687119284 -4.242640687119286 -7.071067811865475 -7.0710678118654755 -4.242640687119285 -8.242640687119284 -1.414213562373094 -7.071067811865475 -2.5 -9.0 2.5 -9.0 1.414213562373095 -7.0710678118654755 4.242640687119285 -8.242640687119284 7.0710678118654755 -7.071067811865475 8.242640687119284 -4.242640687119285 7.0710678118654755 -1.414213562373095 0.0 10.0
142.0 58.0 13 -7.0710678118654755 -1.414213562373095 -8.242640687119284 -4.242640687119286 -7.071067811865475 -7.0710678118654755 -4.242640687119285 -8.242640687119284 -1.414213562373094 -7.071067811865475 -2.5 -9.0 2.5 -9.0 1.414213562373095 -7.0710678118654755 4.242640687119285 -8.242640687119284 7.0710678118654755 -7.071067811865475 8.242640687119284 -4.242640687119285 7.0710678118654755 -1.414213562373095 0.0 10.0
139.0 134.0 13 -7.0710678118654755 -1.414213562373095 -8.242640687119284 -4.242640687119286 -7.071067811865475 -7.0710678118654755 -4.242640687119285 -8.242640687119284 -1.414213562373094 -7.071067811865475 -2.5 -9.0 2.5 -9.0 1.414213562373095 -7.0710678118654755 4.242640687119285 -8.242640687119284 7.0710678118654755 -7.071067811865475 8.242640687119284 -4.242640687119285 7.0710678118654755 -1.414213562373095 0.0 10.0
113.0 66.0 13 -7.0710678118654755 -1.414213562373095 -8.242640687119284 -4.242640687119286 -7.071067811865475 -7.0710678118654755 -4.242640687119285 -8.242640687119284 -1.414213562373094 -7.071067811865475 -2.5 -9.0 2.5 -9.0 1.414213562373095 -7.0710678118654755 4.242640687119285 -8.242640687119284 7.0710678118654755 -7.071067811865475 8.242640687119284 -4.242640687119285 7.0710678118654755 -1.414213562373095 0.0 10.0
132.0 113.0 13 -7.0710678118654755 -1.414213562373095 -8.242640687119284 -4.242640687119286 -7.071067811865475 -7.0710678118654755 -4.242640687119285 -8.242640687119284 -1.414213562373094 -7.071067811865475 -2.5 -9.0 2.5 -9.0 1.414213562373095 -7.0710678118654755 4.242640687119285 -8.242640687119284 7.0710678118654755 -7.071067811865475 8.242640687119284 -4.242640687119285 7.0710678118654755 -1.414213562373095 0.0 10.0
96.0 108.0 13 -7.0710678118654755 -1.414213562373095 -8.242640687119284 -4.242640687119286 -7.071067811865475 -7.0710678118654755 -4.242640687119285 -8.242640687119284 -1.414213562373094 -7.071067811865475 -2.5 -9.0 2.5 -9.0 1.414213562373095 -7.0710678118654755 4.242640687119285 -8.242640687119284 7.0710678118654755 -7.071067811865475 8.242640687119284 -4.242640687119285 7.0710678118654755 -1.414213562373095 0.0 10.0
102.0 89.0 13 -7.0710678118654755 -1.414213562373095 -8.242640687119284 -4.242640687119286 -7.071067811865475 -7.0710678118654755 -4.242640687119285 -8.242640687119284 -1.414213562373094 -7.071067811865475 -2.5 -9.0 2.5 -9.0 1.414213562373095 -7.0710678118654755 4.242640687119285 -8.242640687119284 7.0710678118654755 -7.071067811865475 8.242640687119284 -4.242640687119285 7.0710678118654755 -1.414213562373095 0.0 10.0
118.0 108.0 13 -7.0710678118654755 -1.414213562373095 -8.242640687119284 -4.242640687119286 -7.071067811865475 -7.0710678118654755 -4.242640687119285 -8.242640687119284 -1.414213562373094 -7.071067811865475 -2.5 -9.0 2.5 -9.0 1.414213562373095 -7.0710678118654755 4.242640687119285 -8.242640687119284 7.0710678118654755 -7.071067811865475 8.242640687119284 -4.242640687119285 7.0710678118654755 -1.414213562373095 0.0 10.0
181.0 109.0 13 -7.0710678118654755 -1.414213562373095 -8.242640687119284 -4.242640687119286 -7.071067811865475 -7.0710678118654755 -4.242640687119285 -8.242640687119284 -1.414213562373094 -7.071067811865475 -2.5 -9.0 2.5 -9.0 1.414213562373095 -7.0710678118654755 4.242640687119285 -8.242640687119284 7.0710678118654755 -7.071067811865475 8.242640687119284 -4.242640687119285 7.0710678118654755 -1.414213562373095 0.0 10.0
151.0 117.0 13 -7.0710678118654755 -1.414213562373095 -8.242640687119284 -4.242640687119286 -7.071067811865475 -7.0710678118654755 -4.242640687119285 -8.242640687119284 -1.414213562373094 -7.071067811865475 -2.5 -9.0 2.5 -9.0 1.414213562373095 -7.0710678118654755 4.242640687119285 -8.242640687119284 7.0710678118654755 -7.071067811865475 8.242640687119284 -4.242640687119285 7.0710678118654755 -1.414213562373095 0.0 10.0
170.0 132.0 13 -7.0710678118654755 -1.414213562373095 -8.242640687119284 -4.242640687119286 -7.071067811865475 -7.0710678118654755 -4.242640687119285 -8.242640687119284 -1.414213562373094 -7.071067811865475 -2.5 -9.0 2.5 -9.0 1.414213562373095 -7.0710678118654755 4.242640687119285 -8.242640687119284 7.0710678118654755 -7.071067811865475 8.242640687119284 -4.242640687119285 7.0710678118654755 -1.414213562373095 0.0 10.0
73.0 87.0 13 -7.0710678118654755 -1.414213562373095 -8.242640687119284 -4.242640687119286 -7.071067811865475 -7.0710678118654755 -4.242640687119285 -8.242640687119284 -1.414213562373094 -7.071067811865475 -2.5 -9.0 2.5 -9.0 1.414213562373095 -7.0710678118654755 4.242640687119285 -8.242640687119284 7.0710678118654755 -7.071067811865475 8.242640687119284 -4.242640687119285 7.0710678118654755 -1.414213562373095 0.0 10.0
167.0 104.0 13 -7.0710678118654755 -1.414213562373095 -8.242640687119284 -4.242640687119286 -7.071067811865475 -7.0710678118654755 -4.242640687119285 -8.242640687119284 -1.414213562373094 -7.071067811865475 -2.5 -9.0 2.5 -9.0 1.414213562373095 -7.0710678118654755 4.242640687119285 -8.242640687119284 7.0710678118654755 -7.071067811865475 8.242640687119284 -4.242640687119285 7.0710678118654755 -1.414213562373095 0.0 10.0
89.0 90.0 13 -7.0710678118654755 -1.414213562373095 -8.242640687119284 -4.242640687119286 -7.071067811865475 -7.0710678118654755 -4.242640687119285 -8.242640687119284 -1.414213562373094 -7.071067811865475 -2.5 -9.0 2.5 -9.0 1.414213562373095 -7.0710678118654755 4.242640687119285 -8.242640687119284 7.0710678118654755 -7.071067811865475 8.242640687119284 -4.242640687119285 7.0710678118654755 -1.414213562373095 0.0 10.0
123.0 145.0 13 -7.0710678118654755 -1.414213562373095 -8.242640687119284 -4.242640687119286 -7.071067811865475 -7.0710678118654755 -4.242640687119285 -8.242640687119284 -1.414213562373094 -7.071067811865475 -2.5 -9.0 2.5 -9.0 1.414213562373095 -7.0710678118654755 4.242640687119285 -8.242640687119284 7.0710678118654755 -7.071067811865475 8.242640687119284 -4.242640687119285 7.0710678118654755 -1.414213562373095 0.0 10.0
111.0 91.0 13 -7.0710678118654755 -1.414213562373095 -8.242640687119284 -4.242640687119286 -7.071067811865475 -7.0710678118654755 -4.242640687119285 -8.242640687119284 -1.414213562373094 -7.071067811865475 -2.5 -9.0 2.5 -9.0 1.414213562373095 -7.0710678118654755 4.242640687119285 -8.242640687119284 7.0710678118654755 -7.071067811865475 8.242640687119284 -4.242640687119285 7.0710678118654755 -1.414213562373095 0.0 10.0
63.0 101.0 13 -7.0710678118654755 -1.414213562373095 -8.242640687119284 -4.242640687119286 -7.071067811865475 -7.0710678118654755 -4.242640687119285 -8.242640687119284 -1.414213562373094 -7.071067811865475 -2.5 -9.0 2.5 -9.0 1.414213562373095 -7.0710678118654755 4.242640687119285 -8.242640687119284 7.0710678118654755 -7.071067811865475 8.242640687119284 -4.242640687119285 7.0710678118654755 -1.414213562373095 0.0 10.0
111.0 151.0 13 -7.0710678118654755 -1.414213562373095 -8.242640687119284 -4.242640687119286 -7.071067811865475 -7.0710678118654755 -4.242640687119285 -8.242640687119284 -1.414213562373094 -7.071067811865475 -2.5 -9.0 2.5 -9.0 1.414213562373095 -7.0710678118654755 4.242640687119285 -8.242640687119284 7.0710678118654755 -7.071067811865475 8.242640687119284 -4.242640687119285 7.0710678118654755 -1.414213562373095 0.0 10.0
143.0 113.0 13 -7.0710678118654755 -1.414213562373095 -8.242640687119284 -4.242640687119286 -7.071067811865475 -7.0710678118654755 -4.242640687119285 -8.242640687119284 -1.414213562373094 -7.071067811865475 -2.5 -9.0 2.5 -9.0 1.414213562373095 -7.0710678118654755 4.242640687119285 -8.242640687119284 7.0710678118654755 -7.071067811865475 8.242640687119284 -4.242640687119285 7.0710678118654755 -1.414213562373095 0.0 10.0
144.0 93.0 13 -7.0710678118654755 -1.414213562373095 -8.242640687119284 -4.242640687119286 -7.071067811865475 -7.0710678118654755 -4.242640687119285 -8.242640687119284 -1.414213562373094 -7.071067811865475 -2.5 -9.0 2.5 -9.0 1.414213562373095 -7.0710678118654755 4.242640687119285 -8.242640687119284 7.0710678118654755 -7.071067811865475 8.242640687119284 -4.242640687119285 7.0710678118654755 -1.414213562373095 0.0 10.0
136.0 123.0 13 -7.0710678118654755 -1.414213562373095 -8.242640687119284 -4.242640687119286 -7.071067811865475 -7.0710678118654755 -4.242640687119285 -8.242640687119284 -1.414213562373094 -7.071067811865475 -2.5 -9.0 2.5 -9.0 1.414213562373095 -7.0710678118654755 4.242640687119285 -8.242640687119284 7.0710678118654755 -7.071067811865475 8.242640687119284 -4.242640687119285 7.0710678118654755 -1.414213562373095 0.0 10.0
118.0 78.0 13 -7.0710678118654755 -1.414213562373095 -8.242640687119284 -4.242640687119286 -7.071067811865475 -7.0710678118654755 -4.242640687119285 -8.242640687119284 -1.414213562373094 -7.071067811865475 -2.5 -9.0 2.5 -9.0 1.414213562373095 -7.0710678118654755 4.242640687119285 -8.242640687119284 7.0710678118654755 -7.071067811865475 8.242640687119284 -4.242640687119285 7.0710678118654755 -1.414213562373095 0.0 10.0
119.0 81.0 13 -7.0710678118654755 -1.414213562373095 -8.242640687119284 -4.242640687119286 -7.071067811865475 -7.0710678118654755 -4.242640687119285 -8.242640687119284 -1.414213562373094 -7.071067811865475 -2.5 -9.0 2.5 -9.0 1.414213562373095 -7.0710678118654755 4.242640687119285 -8.242640687119284 7.0710678118654755 -7.071067811865475 8.242640687119284 -4.242640687119285 7.0710678118654755 -1.414213562373095 0.0 10.0
131.0 144.0 13 -7.0710678118654755 -1.414213562373095 -8.242640687119284 -4.242640687119286 -7.071067811865475 -7.0710678118654755 -4.242640687119285 -8.242640687119284 -1.414213562373094 -7.071067811865475 -2.5 -9.0 2.5 -9.0 1.414213562373095 -7.0710678118654755 4.242640687119285 -8.242640687119284 7.0710678118654755 -7.071067811865475 8.242640687119284 -4.242640687119285 7.0710678118654755 -1.414213562373095 0.0 10.0
