200
286.0 300.0 13 -7.0710678118654755 -1.414213562373095 -8.242640687119284 -4.242640687119286 -7.071067811865475 -7.0710678118654755 -4.242640687119285 -8.242640687119284 -1.414213562373094 -7.071067811865475 -2.5 -9.0 2.5 -9.0 1.414213562373095 -7.0710678118654755 4.242640687119285 -8.242640687119284 7.0710678118654755 -7.071067811865475 8.242640687119284 -4.242640687119285 7.0710678118654755 -1.414213562373095 0.0 10.0
360.0 295.0 13 -7.0710678118654755 -1.414213562373095 -8.242640687119284 -4.242640687119286 -7.071067811865475 -7.0710678118654755 -4.242640687119285 -8.242640687119284 -1.414213562373094 -7.071067811865475 -2.5 -9.0 2.5 -9.0 1.414213562373095 -7.0710678118654755 4.242640687119285 -8.242640687119284 7.0710678118654755 -7.071067811865475 8.242640687119284 -4.242640687119285 7.0710678118654755 -1.414213562373095 0.0 10.0
217.0 310.0 13 -7.0710678118654755 -1.414213562373095 -8.242640687119284 -4.242640687119286 -7.071067811865475 -7.0710678118654755 -4.242640687119285 -8.242640687119284 -1.414213562373094 -7.071067811865475 -2.5 -9.0 2.5 -9.0 1.414213562373095 -7.0710678118654755 4.242640687119285 -8.242640687119284 7.0710678118654755 -7.071067811865475 8.242640687119284 -4.242640687119285 7.0710678118654755 -1.414213562373095 0.0 10.0
434.0 289.0 13 -7.0710678118654755 -1.414213562373095 -8.242640687119284 -4.242640687119286 -7.071067811865475 -7.0710678118654755 -4.242640687119285 -8.242640687119284 -1.414213562373094 -7.071067811865475 -2.5 -9.0 2.5 -9.0 1.414213562373095 -7.0710678118654755 4.242640687119285 -8.242640687119284 7.0710678118654755 -7.071067811865475 8.242640687119284 -4.242640687119285 7.0710678118654755 -1.414213562373095 0.0 10.0
184.0 242.0 13 -7.0710678118654755 -1.414213562373095 -8.242640687119284 -4.242640687119286 -7.071067811865475 -7.0710678118654755 -4.242640687119285 -8.242640687119284 -1.414213562373094 -7.071067811865475 -2.5 -9.0 2.5 -9.0 1.414213562373095 -7.0710678118654755 4.242640687119285 -8.242640687119284 7.0710678118654755 -7.071067811865475 8.242640687119284 -4.242640687119285 7.0710678118654755 -1.414213562373095 0.0 10.0
478.0 308.0 13 -7.0710678118654755 -1.414213562373095 -8.242640687119284 -4.242640687119286 -7.071067811865475 -7.0710678118654755 -4.242640687119285 -8.242640687119284 -1.414213562373094 -7.071067811865475 -2.5 -9.0 2.5 -9.0 1.414213562373095 -7.0710678118654755 4.242640687119285 -8.242640687119284 7.0710678118654755 -7.071067811865475 8.242640687119284 -4.242640687119285 7.0710678118654755 -1.414213562373095 0.0 10.0
176.0 211.0 13 -7.0710678118654755 -1.414213562373095 -8.242640687119284 -4.242640687119286 -7.071067811865475 -7.0710678118654755 -4.242640687119285 -8.242640687119284 -1.414213562373094 -7.071067811865475 -2.5 -9.0 2.5 -9.0 1.414213562373095 -7.0710678118654755 4.242640687119285 -8.242640687119284 7.0710678118654755 -7.071067811865475 8.242640687119284 -4.242640687119285 7.0710678118654755 -1.414213562373095 0.0 10.0
187.0 379.0 13 -7.0710678118654755 -1.414213562373095 -8.242640687119284 -4.242640687119286 -7.071067811865475 -7.0710678118654755 -4.242640687119285 -8.242640687119284 -1.414213562373094 -7.071067811865475 -2.5 -9.0 2.5 -9.0 1.414213562373095 -7.0710678118654755 4.242640687119285 -8.242640687119284 7.0710678118654755 -7.071067811865475 8.242640687119284 -4.242640687119285 7.0710678118654755 -1.414213562373095 0.0 10.0
237.0 296.0 13 -7.0710678118654755 -1.414213562373095 -8.242640687119284 -4.242640687119286 -7.071067811865475 -7.0710678118654755 -4.242640687119285 -8.242640687119284 -1.414213562373094 -7.071067811865475 -2.5 -9.0 2.5 -9.0 1.414213562373095 -7.0710678118654755 4.242640687119285 -8.242640687119284 7.0710678118654755 -7.071067811865475 8.242640687119284 -4.242640687119285 7.0710678118654755 -1.414213562373095 0.0 10.0
190.0 186.0 13 -7.0710678118654755 -1.414213562373095 -8.242640687119284 -4.242640687119286 -7.071067811865475 -7.0710678118654755 -4.242640687119285 -8.242640687119284 -1.414213562373094 -7.071067811865475 -2.5 -9.0 2.5 -9.0 1.414213562373095 -7.0710678118654755 4.242640687119285 -8.242640687119284 7.0710678118654755 -7.071067811865475 8.242640687119284 -4.242640687119285 7.0710678118654755 -1.414213562373095 0.0 10.0
202.0 215.0 13 -7.0710678118654755 -1.414213562373095 -8.242640687119284 -4.242640687119286 -7.071067811865475 -7.0710678118654755 -4.242640687119285 -8.242640687119284 -1.414213562373094 -7.071067811865475 -2.5 -9.0 2.5 -9.0 1.414213562373095 -7.0710678118654755 4.242640687119285 -8.242640687119284 7.0710678118654755 -7.071067811865475 8.242640687119284 -4.242640687119285 7.0710678118654755 -1.414213562373095 0.0 10.0
152.0 438.0 13 -7.0710678118654755 -1.414213562373095 -8.242640687119284 -4.242640687119286 -7.071067811865475 -7.0710678118654755 -4.242640687119285 -8.242640687119284 -1.414213562373094 -7.071067811865475 -2.5 -9.0 2.5 -9.0 1.414213562373095 -7.0710678118654755 4.242640687119285 -8.242640687119284 7.0710678118654755 -7.071067811865475 8.242640687119284 -4.242640687119285 7.0710678118654755 -1.414213562373095 0.0 10.0
501.0 276.0 13 -7.0710678118654755 -1.414213562373095 -8.242640687119284 -4.242640687119286 -7.071067811865475 -7.0710678118654755 -4.242640687119285 -8.242640687119284 -1.414213562373094 -7.071067811865475 -2.5 -9.0 2.5 -9.0 1.414213562373095 -7.0710678118654755 4.242640687119285 -8.242640687119284 7.0710678118654755 -7.071067811865475 8.242640687119284 -4.242640687119285 7.0710678118654755 -1.414213562373095 0.0 10.0
513.0 324.0 13 -7.0710678118654755 -1.414213562373095 -8.242640687119284 -4.242640687119286 -7.071067811865475 -7.0710678118654755 -4.242640687119285 -8.242640687119284 -1.414213562373094 -7.071067811865475 -2.5 -9.0 2.5 -9.0 1.414213562373095 -7.0710678118654755 4.242640687119285 -8.242640687119284 7.0710678118654755 -7.071067811865475 8.242640687119284 -4.242640687119285 7.0710678118654755 -1.414213562373095 0.0 10.0
198.0 285.0 13 -7.0710678118654755 -1.414213562373095 -8.242640687119284 -4.242640687119286 -7.071067811865475 -7.0710678118654755 -4.242640687119285 -8.242640687119284 -1.414213562373094 -7.071067811865475 -2.5 -9.0 2.5 -9.0 1.414213562373095 -7.0710678118654755 4.242640687119285 -8.242640687119284 7.0710678118654755 -7.071067811865475 8.242640687119284 -4.242640687119285 7.0710678118654755 -1.414213562373095 0.0 10.0
206.0 416.0 13 -7.0710678118654755 -1.414213562373095 -8.242640687119284 -4.242640687119286 -7.071067811865475 -7.0710678118654755 -4.242640687119285 -8.242640687119284 -1.414213562373094 -7.071067811865475 -2.5 -9.0 2.5 -9.0 1.414213562373095 -7.0710678118654755 4.242640687119285 -8.242640687119284 7.0710678118654755 -7.071067811865475 8.242640687119284 -4.242640687119285 7.0710678118654755 -1.414213562373095 0.0 10.0
138.0 200.0 13 -7.0710678118654755 -1.414213562373095 -8.242640687119284 -4.242640687119286 -7.071067811865475 -7.0710678118654755 -4.242640687119285 -8.242640687119284 -1.414213562373094 -7.071067811865475 -2.5 -9.0 2.5 -9.0 1.414213562373095 -7.0710678118654755 4.242640687119285 -8.242640687119284 7.0710678118654755 -7.071067811865475 8.242640687119284 -4.242640687119285 7.0710678118654755 -1.414213562373095 0.0 10.0
108.0 160.0 13 -7.0710678118654755 -1.414213562373095 -8.242640687119284 -4.242640687119286 -7.071067811865475 -7.0710678118654755 -4.242640687119285 -8.242640687119284 -1.414213562373094 -7.071067811865475 -2.5 -9.0 2.5 -9.0 1.414213562373095 -7.0710678118654755 4.242640687119285 -8.242640687119284 7.0710678118654755 -7.071067811865475 8.242640687119284 -4.242640687119285 7.0710678118654755 -1.414213562373095 0.0 10.0
121.0 490.0 13 -7.0710678118654755 -1.414213562373095 -8.242640687119284 -4.242640687119286 -7.071067811865475 -7.0710678118654755 -4.242640687119285 -8.242640687119284 -1.414213562373094 -7.071067811865475 -2.5 -9.0 2.5 -9.0 1.414213562373095 -7.0710678118654755 4.242640687119285 -8.242640687119284 7.0710678118654755 -7.071067811865475 8.242640687119284 -4.242640687119285 7.0710678118654755 -1.414213562373095 0.0 10.0
103.0 196.0 13 -7.0710678118654755 -1.414213562373095 -8.242640687119284 -4.242640687119286 -7.071067811865475 -7.0710678118654755 -4.242640687119285 -8.242640687119284 -1.414213562373094 -7.071067811865475 -2.5 -9.0 2.5 -9.0 1.414213562373095 -7.0710678118654755 4.242640687119285 -8.242640687119284 7.0710678118654755 -7.071067811865475 8.242640687119284 -4.242640687119285 7.0710678118654755 -1.414213562373095 0.0 10.0
209.0 146.0 13 -7.0710678118654755 -1.414213562373095 -8.242640687119284 -4.242640687119286 -7.071067811865475 -7.0710678118654755 -4.242640687119285 -8.242640687119284 -1.414213562373094 -7.071067811865475 -2.5 -9.0 2.5 -9.0 1.414213562373095 -7.0710678118654755 4.242640687119285 -8.242640687119284 7.0710678118654755 -7.071067811865475 8.242640687119284 -4.242640687119285 7.0710678118654755 -1.414213562373095 0.0 10.0
175.0 268.0 13 -7.0710678118654755 -1.414213562373095 -8.242640687119284 -4.242640687119286 -7.071067811865475 -7.0710678118654755 -4.242640687119285 -8.242640687119284 -1.414213562373094 -7.071067811865475 -2.5 -9.0 2.5 -9.0 1.414213562373095 -7.0710678118654755 4.242640687119285 -8.242640687119284 7.0710678118654755 -7.071067811865475 8.242640687119284 -4.242640687119285 7.0710678118654755 -1.414213562373095 0.0 10.0
97.0 535.0 13 -7.0710678118654755 -1.414213562373095 -8.242640687119284 -4.242640687119286 -7.071067811865475 -7.0710678118654755 -4.242640687119285 -8.242640687119284 -1.414213562373094 -7.071067811865475 -2.5 -9.0 2.5 -9.0 1.414213562373095 -7.0710678118654755 4.242640687119285 -8.242640687119284 7.0710678118654755 -7.071067811865475 8.242640687119284 -4.242640687119285 7.0710678118654755 -1.414213562373095 0.0 10.0
116.0 449.0 13 -7.0710678118654755 -1.414213562373095 -8.242640687119284 -4.242640687119286 -7.071067811865475 -7.0710678118654755 -4.242640687119285 -8.242640687119284 -1.414213562373094 -7.071067811865475 -2.5 -9.0 2.5 -9.0 1.414213562373095 -7.0710678118654755 4.242640687119285 -8.242640687119284 7.0710678118654755 -7.071067811865475 8.242640687119284 -4.242640687119285 7.0710678118654755 -1.414213562373095 0.0 10.0
75.0 575.0 13 -7.0710678118654755 -1.414213562373095 -8.242640687119284 -4.242640687119286 -7.071067811865475 -7.0710678118654755 -4.242640687119285 -8.242640687119284 -1.414213562373094 -7.071067811865475 -2.5 -9.0 2.5 -9.0 1.414213562373095 -7.0710678118654755 4.242640687119285 -8.242640687119284 7.0710678118654755 -7.071067811865475 8.242640687119284 -4.242640687119285 7.0710678118654755 -1.414213562373095 0.0 10.0
125.0 461.0 13 -7.0710678118654755 -1.414213562373095 -8.242640687119284 -4.242640687119286 -7.071067811865475 -7.0710678118654755 -4.242640687119285 -8.242640687119284 -1.414213562373094 -7.071067811865475 -2.5 -9.0 2.5 -9.0 1.414213562373095 -7.0710678118654755 4.242640687119285 -8.242640687119284 7.0710678118654755 -7.071067811865475 8.242640687119284 -4.242640687119285 7.0710678118654755 -1.414213562373095 0.0 10.0
546.0 335.0 13 -7.0710678118654755 -1.414213562373095 -8.242640687119284 -4.242640687119286 -7.071067811865475 -7.0710678118654755 -4.242640687119285 -8.242640687119284 -1.414213562373094 -7.071067811865475 -2.5 -9.0 2.5 -9.0 1.414213562373095 -7.0710678118654755 4.242640687119285 -8.242640687119284 7.0710678118654755 -7.071067811865475 8.242640687119284 -4.242640687119285 7.0710678118654755 -1.414213562373095 0.0 10.0
99.0 178.0 13 -7.0710678118654755 -1.414213562373095 -8.242640687119284 -4.242640687119286 -7.071067811865475 -7.0710678118654755 -4.242640687119285 -8.242640687119284 -1.414213562373094 -7.071067811865475 -2.5 -9.0 2.5 -9.0 1.414213562373095 -7.0710678118654755 4.242640687119285 -8.242640687119284 7.0710678118654755 -7.071067811865475 8.242640687119284 -4.242640687119285 7.0710678118654755 -1.414213562373095 0.0 10.0
182.0 412.0 13 -7.0710678118654755 -1.414213562373095 -8.242640687119284 -4.242640687119286 -7.071067811865475 -7.0710678118654755 -4.242640687119285 -8.242640687119284 -1.414213562373094 -7.071067811865475 -2.5 -9.0 2.5 -9.0 1.414213562373095 -7.0710678118654755 4.242640687119285 -8.242640687119284 7.0710678118654755 -7.071067811865475 8.242640687119284 -4.242640687119285 7.0710678118654755 -1.414213562373095 0.0 10.0
79.0 151.0 13 -7.0710678118654755 -1.414213562373095 -8.242640687119284 -4.242640687119286 -7.071067811865475 -7.0710678118654755 -4.242640687119285 -8.242640687119284 -1.414213562373094 -7.071067811865475 -2.5 -9.0 2.5 -9.0 1.414213562373095 -7.0710678118654755 4.242640687119285 -8.242640687119284 7.0710678118654755 -7.071067811865475 8.242640687119284 -4.242640687119285 7.0710678118654755 -1.414213562373095 0.0 10.0
449.0 259.0 13 -7.0710678118654755 -1.414213562373095 -8.242640687119284 -4.242640687119286 -7.071067811865475 -7.0710678118654755 -4.242640687119285 -8.242640687119284 -1.414213562373094 -7.071067811865475 -2.5 -9.0 2.5 -9.0 1.414213562373095 -7.0710678118654755 4.242640687119285 -8.242640687119284 7.0710678118654755 -7.071067811865475 8.242640687119284 -4.242640687119285 7.0710678118654755 -1.414213562373095 0.0 10.0
164.0 431.0 13 -7.0710678118654755 -1.414213562373095 -8.242640687119284 -4.242640687119286 -7.071067811865475 -7.0710678118654755 -4.242640687119285 -8.242640687119284 -1.414213562373094 -7.071067811865475 -2.5 -9.0 2.5 -9.0 1.414213562373095 -7.0710678118654755 4.242640687119285 -8.242640687119284 7.0710678118654755 -7.071067811865475 8.242640687119284 -4.242640687119285 7.0710678118654755 -1.414213562373095 0.0 10.0
497.0 339.0 13 -7.0710678118654755 -1.414213562373095 -8.242640687119284 -4.242640687119286 -7.071067811865475 -7.0710678118654755 -4.242640687119285 -8.242640687119284 -1.414213562373094 -7.071067811865475 -2.5 -9.0 2.5 -9.0 1.414213562373095 -7.0710678118654755 4.242640687119285 -8.242640687119284 7.0710678118654755 -7.071067811865475 8.242640687119284 -4.242640687119285 7.0710678118654755 -1.414213562373095 0.0 10.0
236.0 327.0 13 -7.0710678118654755 -1.414213562373095 -8.242640687119284 -4.242640687119286 -7.071067811865475 -7.0710678118654755 -4.242640687119285 -8.242640687119284 -1.414213562373094 -7.071067811865475 -2.5 -9.0 2.5 -9.0 1.414213562373095 -7.0710678118654755 4.242640687119285 -8.242640687119284 7.0710678118654755 -7.071067811865475 8.242640687119284 -4.242640687119285 7.0710678118654755 -1.414213562373095 0.0 10.0
190.0 339.0 13 -7.0710678118654755 -1.414213562373095 -8.242640687119284 -4.242640687119286 -7.071067811865475 -7.0710678118654755 -4.242640687119285 -8.242640687119284 -1.414213562373094 -7.071067811865475 -2.5 -9.0 2.5 -9.0 1.414213562373095 -7.0710678118654755 4.242640687119285 -8.242640687119284 7.0710678118654755 -7.071067811865475 8.242640687119284 -4.242640687119285 7.0710678118654755 -1.414213562373095 0.0 10.0
552.0 294.0 13 -7.0710678118654755 -1.414213562373095 -8.242640687119284 -4.242640687119286 -7.071067811865475 -7.0710678118654755 -4.242640687119285 -8.242640687119284 -1.414213562373094 -7.071067811865475 -2.5 -9.0 2.5 -9.0 1.414213562373095 -7.0710678118654755 4.242640687119285 -8.242640687119284 7.0710678118654755 -7.071067811865475 8.242640687119284 -4.242640687119285 7.0710678118654755 -1.414213562373095 0.0 10.0
95.0 470.0 13 -7.0710678118654755 -1.414213562373095 -8.242640687119284 -4.242640687119286 -7.071067811865475 -7.0710678118654755 -4.242640687119285 -8.242640687119284 -1.414213562373094 -7.071067811865475 -2.5 -9.0 2.5 -9.0 1.414213562373095 -7.0710678118654755 4.242640687119285 -8.242640687119284 7.0710678118654755 -7.071067811865475 8.242640687119284 -4.242640687119285 7.0710678118654755 -1.414213562373095 0.0 10.0
127.0 454.0 13 -7.0710678118654755 -1.414213562373095 -8.242640687119284 -4.242640687119286 -7.071067811865475 -7.0710678118654755 -4.242640687119285 -8.242640687119284 -1.414213562373094 -7.071067811865475 -2.5 -9.0 2.5 -9.0 1.414213562373095 -7.0710678118654755 4.242640687119285 -8.242640687119284 7.0710678118654755 -7.071067811865475 8.242640687119284 -4.242640687119285 7.0710678118654755 -1.414213562373095 0.0 10.0
583.0 317.0 13 -7.0710678118654755 -1.414213562373095 -8.242640687119284 -4.242640687119286 -7.071067811865475 -7.0710678118654755 -4.242640687119285 -8.242640687119284 -1.414213562373094 -7.071067811865475 -2.5 -9.0 2.5 -9.0 1.414213562373095 -7.0710678118654755 4.242640687119285 -8.242640687119284 7.0710678118654755 -7.071067811865475 8.242640687119284 -4.242640687119285 7.0710678118654755 -1.414213562373095 0.0 10.0
237.0 285.0 13 -7.0710678118654755 -1.414213562373095 -8.242640687119284 -4.242640687119286 -7.071067811865475 -7.0710678118654755 -4.242640687119285 -8.242640687119284 -1.414213562373094 -7.071067811865475 -2.5 -9.0 2.5 -9.0 1.414213562373095 -7.0710678118654755 4.242640687119285 -8.242640687119284 7.0710678118654755 -7.071067811865475 8.242640687119284 -4.242640687119285 7.0710678118654755 -1.414213562373095 0.0 10.0
550.0 260.0 13 -7.0710678118654755 -1.414213562373095 -8.242640687119284 -4.242640687119286 -7.071067811865475 -7.0710678118654755 -4.242640687119285 -8.242640687119284 -1.414213562373094 -7.071067811865475 -2.5 -9.0 2.5 -9.0 1.414213562373095 -7.0710678118654755 4.242640687119285 -8.242640687119284 7.0710678118654755 -7.071067811865475 8.242640687119284 -4.242640687119285 7.0710678118654755 -1.414213562373095 0.0 10.0
190.0 306.0 13 -7.0710678118654755 -1.414213562373095 -8.242640687119284 -4.242640687119286 -7.071067811865475 -7.0710678118654755 -4.242640687119285 -8.242640687119284 -1.414213562373094 -7.071067811865475 -2.5 -9.0 2.5 -9.0 1.414213562373095 -7.0710678118654755 4.242640687119285 -8.242640687119284 7.0710678118654755 -7.071067811865475 8.242640687119284 -4.242640687119285 7.0710678118654755 -1.414213562373095 0.0 10.0
439.0 322.0 13 -7.0710678118654755 -1.414213562373095 -8.242640687119284 -4.242640687119286 -7.071067811865475 -7.0710678118654755 -4.242640687119285 -8.242640687119284 -1.414213562373094 -7.071067811865475 -2.5 -9.0 2.5 -9.0 1.414213562373095 -7.0710678118654755 4.242640687119285 -8.242640687119284 7.0710678118654755 -7.071067811865475 8.242640687119284 -4.242640687119285 7.0710678118654755 -1.414213562373095 0.0 10.0
594.0 246.0 13 -7.0710678118654755 -1.414213562373095 -8.242640687119284 -4.242640687119286 -7.071067811865475 -7.0710678118654755 -4.242640687119285 -8.242640687119284 -1.414213562373094 -7.071067811865475 -2.5 -9.0 2.5 -9.0 1.414213562373095 -7.0710678118654755 4.242640687119285 -8.242640687119284 7.0710678118654755 -7.071067811865475 8.242640687119284 -4.242640687119285 7.0710678118654755 -1.414213562373095 0.0 10.0
516.0 361.0 13 -7.0710678118654755 -1.414213562373095 -8.242640687119284 -4.242640687119286 -7.071067811865475 -7.0710678118654755 -4.242640687119285 -8.242640687119284 -1.414213562373094 -7.071067811865475 -2.5 -9.0 2.5 -9.0 1.414213562373095 -7.0710678118654755 4.242640687119285 -8.242640687119284 7.0710678118654755 -7.071067811865475 8.242640687119284 -4.242640687119285 7.0710678118654755 -1.414213562373095 0.0 10.0
462.0 231.0 13 -7.0710678118654755 -1.414213562373095 -8.242640687119284 -4.242640687119286 -7.071067811865475 -7.0710678118654755 -4.242640687119285 -8.242640687119284 -1.414213562373094 -7.071067811865475 -2.5 -9.0 2.5 -9.0 1.414213562373095 -7.0710678118654755 4.242640687119285 -8.242640687119284 7.0710678118654755 -7.071067811865475 8.242640687119284 -4.242640687119285 7.0710678118654755 -1.414213562373095 0.0 10.0
224.0 447.0 13 -7.0710678118654755 -1.414213562373095 -8.242640687119284 -4.242640687119286 -7.071067811865475 -7.0710678118654755 -4.242640687119285 -8.242640687119284 -1.414213562373094 -7.071067811865475 -2.5 -9.0 2.5 -9.0 1.414213562373095 -7.0710678118654755 4.242640687119285 -8.242640687119284 7.0710678118654755 -7.071067811865475 8.242640687119284 -4.242640687119285 7.0710678118654755 -1.414213562373095 0.0 10.0
151.0 235.0 13 -7.0710678118654755 -1.414213562373095 -8.242640687119284 -4.242640687119286 -7.071067811865475 -7.0710678118654755 -4.242640687119285 -8.242640687119284 -1.414213562373094 -7.071067811865475 -2.5 -9.0 2.5 -9.0 1.414213562373095 -7.0710678118654755 4.242640687119285 -8.242640687119284 7.0710678118654755 -7.071067811865475 8.242640687119284 -4.242640687119285 7.0710678118654755 -1.414213562373095 0.0 10.0
224.0 111.0 13 -7.0710678118654755 -1.414213562373095 -8.242640687119284 -4.242640687119286 -7.071067811865475 -7.0710678118654755 -4.242640687119285 -8.242640687119284 -1.414213562373094 -7.071067811865475 -2.5 -9.0 2.5 -9.0 1.414213562373095 -7.0710678118654755 4.242640687119285 -8.242640687119284 7.0710678118654755 -7.071067811865475 8.242640687119284 -4.242640687119285 7.0710678118654755 -1.414213562373095 0.0 10.0
83.0 124.0 13 -7.0710678118654755 -1.414213562373095 -8.242640687119284 -4.242640687119286 -7.071067811865475 -7.0710678118654755 -4.242640687119285 -8.242640687119284 -1.414213562373094 -7.071067811865475 -2.5 -9.0 2.5 -9.0 1.414213562373095 -7.0710678118654755 4.242640687119285 -8.242640687119284 7.0710678118654755 -7.071067811865475 8.242640687119284 -4.242640687119285 7.0710678118654755 -1.414213562373095 0.0 10.0
471.0 216.0 13 -7.0710678118654755 -1.414213562373095 -8.242640687119284 -4.242640687119286 -7.071067811865475 -7.0710678118654755 -4.242640687119285 -8.242640687119284 -1.414213562373094 -7.071067811865475 -2.5 -9.0 2.5 -9.0 1.414213562373095 -7.0710678118654755 4.242640687119285 -8.242640687119284 7.0710678118654755 -7.071067811865475 8.242640687119284 -4.242640687119285 7.0710678118654755 -1.414213562373095 0.0 10.0
632.0 233.0 13 -7.0710678118654755 -1.414213562373095 -8.242640687119284 -4.242640687119286 -7.071067811865475 -7.0710678118654755 -4.242640687119285 -8.242640687119284 -1.414213562373094 -7.071067811865475 -2.5 -9.0 2.5 -9.0 1.414213562373095 -7.0710678118654755 4.242640687119285 -8.242640687119284 7.0710678118654755 -7.071067811865475 8.242640687119284 -4.242640687119285 7.0710678118654755 -1.414213562373095 0.0 10.0
597.0 309.0 13 -7.0710678118654755 -1.414213562373095 -8.242640687119284 -4.242640687119286 -7.071067811865475 -7.0710678118654755 -4.242640687119285 -8.242640687119284 -1.414213562373094 -7.071067811865475 -2.5 -9.0 2.5 -9.0 1.414213562373095 -7.0710678118654755 4.242640687119285 -8.242640687119284 7.0710678118654755 -7.071067811865475 8.242640687119284 -4.242640687119285 7.0710678118654755 -1.414213562373095 0.0 10.0
664.0 224.0 13 -7.0710678118654755 -1.414213562373095 -8.242640687119284 -4.242640687119286 -7.071067811865475 -7.0710678118654755 -4.242640687119285 -8.242640687119284 -1.414213562373094 -7.071067811865475 -2.5 -9.0 2.5 -9.0 1.414213562373095 -7.0710678118654755 4.242640687119285 -8.242640687119284 7.0710678118654755 -7.071067811865475 8.242640687119284 -4.242640687119285 7.0710678118654755 -1.414213562373095 0.0 10.0
523.0 357.0 13 -7.0710678118654755 -1.414213562373095 -8.242640687119284 -4.242640687119286 -7.071067811865475 -7.0710678118654755 -4.242640687119285 -8.242640687119284 -1.414213562373094 -7.071067811865475 -2.5 -9.0 2.5 -9.0 1.414213562373095 -7.0710678118654755 4.242640687119285 -8.242640687119284 7.0710678118654755 -7.071067811865475 8.242640687119284 -4.242640687119285 7.0710678118654755 -1.414213562373095 0.0 10.0
166.0 345.0 13 -7.0710678118654755 -1.414213562373095 -8.242640687119284 -4.242640687119286 -7.071067811865475 -7.0710678118654755 -4.242640687119285 -8.242640687119284 -1.414213562373094 -7.071067811865475 -2.5 -9.0 2.5 -9.0 1.414213562373095 -7.0710678118654755 4.242640687119285 -8.242640687119284 7.0710678118654755 -7.071067811865475 8.242640687119284 -4.242640687119285 7.0710678118654755 -1.414213562373095 0.0 10.0
153.0 479.0 13 -7.0710678118654755 -1.414213562373095 -8.242640687119284 -4.242640687119286 -7.071067811865475 -7.0710678118654755 -4.242640687119285 -8.242640687119284 -1.414213562373094 -7.071067811865475 -2.5 -9.0 2.5 -9.0 1.414213562373095 -7.0710678118654755 4.242640687119285 -8.242640687119284 7.0710678118654755 -7.071067811865475 8.242640687119284 -4.242640687119285 7.0710678118654755 -1.414213562373095 0.0 10.0
525.0 386.0 13 -7.0710678118654755 -1.414213562373095 -8.242640687119284 -4.242640687119286 -7.071067811865475 -7.0710678118654755 -4.242640687119285 -8.242640687119284 -1.414213562373094 -7.071067811865475 -2.5 -9.0 2.5 -9.0 1.414213562373095 -7.0710678118654755 4.242640687119285 -8.242640687119284 7.0710678118654755 -7.071067811865475 8.242640687119284 -4.242640687119285 7.0710678118654755 -1.414213562373095 0.0 10.0
229.0 91.0 13 -7.0710678118654755 -1.414213562373095 -8.242640687119284 -4.242640687119286 -7.071067811865475 -7.0710678118654755 -4.242640687119285 -8.242640687119284 -1.414213562373094 -7.071067811865475 -2.5 -9.0 2.5 -9.0 1.414213562373095 -7.0710678118654755 4.242640687119285 -8.242640687119284 7.0710678118654755 -7.071067811865475 8.242640687119284 -4.242640687119285 7.0710678118654755 -1.414213562373095 0.0 10.0
183.0 141.0 13 -7.0710678118654755 -1.414213562373095 -8.242640687119284 -4.242640687119286 -7.071067811865475 -7.0710678118654755 -4.242640687119285 -8.242640687119284 -1.414213562373094 -7.071067811865475 -2.5 -9.0 2.5 -9.0 1.414213562373095 -7.0710678118654755 4.242640687119285 -8.242640687119284 7.0710678118654755 -7.071067811865475 8.242640687119284 -4.242640687119285 7.0710678118654755 -1.414213562373095 0.0 10.0
125.0 169.0 13 -7.0710678118654755 -1.414213562373095 -8.242640687119284 -4.242640687119286 -7.071067811865475 -7.0710678118654755 -4.242640687119285 -8.242640687119284 -1.414213562373094 -7.071067811865475 -2.5 -9.0 2.5 -9.0 1.414213562373095 -7.0710678118654755 4.242640687119285 -8.242640687119284 7.0710678118654755 -7.071067811865475 8.242640687119284 -4.242640687119285 7.0710678118654755 -1.414213562373095 0.0 10.0
160.0 316.0 13 -7.0710678118654755 -1.414213562373095 -8.242640687119284 -4.242640687119286 -7.071067811865475 -7.0710678118654755 -4.242640687119285 -8.242640687119284 -1.414213562373094 -7.071067811865475 -2.5 -9.0 2.5 -9.0 1.414213562373095 -7.0710678118654755 4.242640687119285 -8.242640687119284 7.0710678118654755 -7.071067811865475 8.242640687119284 -4.242640687119285 7.0710678118654755 -1.414213562373095 0.0 10.0
90.0 511.0 13 -7.0710678118654755 -1.414213562373095 -8.242640687119284 -4.242640687119286 -7.071067811865475 -7.0710678118654755 -4.242640687119285 -8.242640687119284 -1.414213562373094 -7.071067811865475 -2.5 -9.0 2.5 -9.0 1.414213562373095 -7.0710678118654755 4.242640687119285 -8.242640687119284 7.0710678118654755 -7.071067811865475 8.242640687119284 -4.242640687119285 7.0710678118654755 -1.414213562373095 0.0 10.0
186.0 446.0 13 -7.0710678118654755 -1.414213562373095 -8.242640687119284 -4.242640687119286 -7.071067811865475 -7.0710678118654755 -4.242640687119285 -8.242640687119284 -1.414213562373094 -7.071067811865475 -2.5 -9.0 2.5 -9.0 1.414213562373095 -7.0710678118654755 4.242640687119285 -8.242640687119284 7.0710678118654755 -7.071067811865475 8.242640687119284 -4.242640687119285 7.0710678118654755 -1.414213562373095 0.0 10.0
107.0 519.0 13 -7.0710678118654755 -1.414213562373095 -8.242640687119284 -4.242640687119286 -7.071067811865475 -7.0710678118654755 -4.242640687119285 -8.242640687119284 -1.414213562373094 -7.071067811865475 -2.5 -9.0 2.5 -9.0 1.414213562373095 -7.0710678118654755 4.242640687119285 -8.242640687119284 7.0710678118654755 -7.071067811865475 8.242640687119284 -4.242640687119285 7.0710678118654755 -1.414213562373095 0.0 10.0
155.0 469.0 13 -7.0710678118654755 -1.414213562373095 -8.242640687119284 -4.242640687119286 -7.071067811865475 -7.0710678118654755 -4.242640687119285 -8.242640687119284 -1.414213562373094 -7.071067811865475 -2.5 -9.0 2.5 -9.0 1.414213562373095 -7.0710678118654755 4.242640687119285 -8.242640687119284 7.0710678118654755 -7.071067811865475 8.242640687119284 -4.242640687119285 7.0710678118654755 -1.414213562373095 0.0 10.0
170.0 103.0 13 -7.0710678118654755 -1.414213562373095 -8.242640687119284 -4.242640687119286 -7.071067811865475 -7.0710678118654755 -4.242640687119285 -8.242640687119284 -1.414213562373094 -7.071067811865475 -2.5 -9.0 2.5 -9.0 1.414213562373095 -7.0710678118654755 4.242640687119285 -8.242640687119284 7.0710678118654755 -7.071067811865475 8.242640687119284 -4.242640687119285 7.0710678118654755 -1.414213562373095 0.0 10.0
54.0 597.0 13 -7.0710678118654755 -1.414213562373095 -8.242640687119284 -4.242640687119286 -7.071067811865475 -7.0710678118654755 -4.242640687119285 -8.242640687119284 -1.414213562373094 -7.071067811865475 -2.5 -9.0 2.5 -9.0 1.414213562373095 -7.0710678118654755 4.242640687119285 -8.242640687119284 7.0710678118654755 -7.071067811865475 8.242640687119284 -4.242640687119285 7.0710678118654755 -1.414213562373095 0.0 10.0
543.0 326.0 13 -7.0710678118654755 -1.414213562373095 -8.242640687119284 -4.242640687119286 -7.071067811865475 -7.0710678118654755 -4.242640687119285 -8.242640687119284 -1.414213562373094 -7.071067811865475 -2.5 -9.0 2.5 -9.0 1.414213562373095 -7.0710678118654755 4.242640687119285 -8.242640687119284 7.0710678118654755 -7.071067811865475 8.242640687119284 -4.242640687119285 7.0710678118654755 -1.414213562373095 0.0 10.0
145.0 315.0 13 -7.0710678118654755 -1.414213562373095 -8.242640687119284 -4.242640687119286 -7.071067811865475 -7.0710678118654755 -4.242640687119285 -8.242640687119284 -1.414213562373094 -7.071067811865475 -2.5 -9.0 2.5 -9.0 1.414213562373095 -7.0710678118654755 4.242640687119285 -8.242640687119284 7.0710678118654755 -7.071067811865475 8.242640687119284 -4.242640687119285 7.0710678118654755 -1.414213562373095 0.0 10.0
568.0 341.0 13 -7.0710678118654755 -1.414213562373095 -8.242640687119284 -4.242640687119286 -7.071067811865475 -7.0710678118654755 -4.242640687119285 -8.242640687119284 -1.414213562373094 -7.071067811865475 -2.5 -9.0 2.5 -9.0 1.414213562373095 -7.0710678118654755 4.242640687119285 -8.242640687119284 7.0710678118654755 -7.071067811865475 8.242640687119284 -4.242640687119285 7.0710678118654755 -1.414213562373095 0.0 10.0
609.0 335.0 13 -7.0710678118654755 -1.414213562373095 -8.242640687119284 -4.242640687119286 -7.071067811865475 -7.0710678118654755 -4.242640687119285 -8.242640687119284 -1.414213562373094 -7.071067811865475 -2.5 -9.0 2.5 -9.0 1.414213562373095 -7.0710678118654755 4.242640687119285 -8.242640687119284 7.0710678118654755 -7.071067811865475 8.242640687119284 -4.242640687119285 7.0710678118654755 -1.414213562373095 0.0 10.0
633.0 329.0 13 -7.0710678118654755 -1.414213562373095 -8.242640687119284 -4.242640687119286 -7.071067811865475 -7.0710678118654755 -4.242640687119285 -8.242640687119284 -1.414213562373094 -7.071067811865475 -2.5 -9.0 2.5 -9.0 1.414213562373095 -7.0710678118654755 4.242640687119285 -8.242640687119284 7.0710678118654755 -7.071067811865475 8.242640687119284 -4.242640687119285 7.0710678118654755 -1.414213562373095 0.0 10.0
585.0 346.0 13 -7.0710678118654755 -1.414213562373095 -8.242640687119284 -4.242640687119286 -7.071067811865475 -7.0710678118654755 -4.242640687119285 -8.242640687119284 -1.414213562373094 -7.071067811865475 -2.5 -9.0 2.5 -9.0 1.414213562373095 -7.0710678118654755 4.242640687119285 -8.242640687119284 7.0710678118654755 -7.071067811865475 8.242640687119284 -4.242640687119285 7.0710678118654755 -1.414213562373095 0.0 10.0
109.0 478.0 13 -7.0710678118654755 -1.414213562373095 -8.242640687119284 -4.242640687119286 -7.071067811865475 -7.0710678118654755 -4.242640687119285 -8.242640687119284 -1.414213562373094 -7.071067811865475 -2.5 -9.0 2.5 -9.0 1.414213562373095 -7.0710678118654755 4.242640687119285 -8.242640687119284 7.0710678118654755 -7.071067811865475 8.242640687119284 -4.242640687119285 7.0710678118654755 -1.414213562373095 0.0 10.0
94.0 129.0 13 -7.0710678118654755 -1.414213562373095 -8.242640687119284 -4.242640687119286 -7.071067811865475 -7.0710678118654755 -4.242640687119285 -8.242640687119284 -1.414213562373094 -7.071067811865475 -2.5 -9.0 2.5 -9.0 1.414213562373095 -7.0710678118654755 4.242640687119285 -8.242640687119284 7.0710678118654755 -7.071067811865475 8.242640687119284 -4.242640687119285 7.0710678118654755 -1.414213562373095 0.0 10.0
238.0 88.0 13 -7.0710678118654755 -1.414213562373095 -8.242640687119284 -4.242640687119286 -7.071067811865475 -7.0710678118654755 -4.242640687119285 -8.242640687119284 -1.414213562373094 -7.071067811865475 -2.5 -9.0 2.5 -9.0 1.414213562373095 -7.0710678118654755 4.242640687119285 -8.242640687119284 7.0710678118654755 -7.071067811865475 8.242640687119284 -4.242640687119285 7.0710678118654755 -1.414213562373095 0.0 10.0
189.0 83.0 13 -7.0710678118654755 -1.414213562373095 -8.242640687119284 -4.242640687119286 -7.071067811865475 -7.0710678118654755 -4.242640687119285 -8.242640687119284 -1.414213562373094 -7.071067811865475 -2.5 -9.0 2.5 -9.0 1.414213562373095 -7.0710678118654755 4.242640687119285 -8.242640687119284 7.0710678118654755 -7.071067811865475 8.242640687119284 -4.242640687119285 7.0710678118654755 -1.414213562373095 0.0 10.0
150.0 87.0 13 -7.0710678118654755 -1.414213562373095 -8.242640687119284 -4.242640687119286 -7.071067811865475 -7.0710678118654755 -4.242640687119285 -8.242640687119284 -1.414213562373094 -7.071067811865475 -2.5 -9.0 2.5 -9.0 1.414213562373095 -7.0710678118654755 4.242640687119285 -8.242640687119284 7.0710678118654755 -7.071067811865475 8.242640687119284 -4.242640687119285 7.0710678118654755 -1.414213562373095 0.0 10.0
509.0 291.0 13 -7.0710678118654755 -1.414213562373095 -8.242640687119284 -4.242640687119286 -7.071067811865475 -7.0710678118654755 -4.242640687119285 -8.242640687119284 -1.414213562373094 -7.071067811865475 -2.5 -9.0 2.5 -9.0 1.414213562373095 -7.0710678118654755 4.242640687119285 -8.242640687119284 7.0710678118654755 -7.071067811865475 8.242640687119284 -4.242640687119285 7.0710678118654755 -1.414213562373095 0.0 10.0
79.0 178.0 13 -7.0710678118654755 -1.414213562373095 -8.242640687119284 -4.242640687119286 -7.071067811865475 -7.0710678118654755 -4.242640687119285 -8.242640687119284 -1.414213562373094 -7.071067811865475 -2.5 -9.0 2.5 -9.0 1.414213562373095 -7.0710678118654755 4.242640687119285 -8.242640687119284 7.0710678118654755 -7.071067811865475 8.242640687119284 -4.242640687119285 7.0710678118654755 -1.414213562373095 0.0 10.0
164.0 288.0 13 -7.0710678118654755 -1.414213562373095 -8.242640687119284 -4.242640687119286 -7.071067811865475 -7.0710678118654755 -4.242640687119285 -8.242640687119284 -1.414213562373094 -7.071067811865475 -2.5 -9.0 2.5 -9.0 1.414213562373095 -7.0710678118654755 4.242640687119285 -8.242640687119284 7.0710678118654755 -7.071067811865475 8.242640687119284 -4.242640687119285 7.0710678118654755 -1.414213562373095 0.0 10.0
163.0 510.0 13 -7.0710678118654755 -1.414213562373095 -8.242640687119284 -4.242640687119286 -7.071067811865475 -7.0710678118654755 -4.242640687119285 -8.242640687119284 -1.414213562373094 -7.071067811865475 -2.5 -9.0 2.5 -9.0 1.414213562373095 -7.0710678118654755 4.242640687119285 -8.242640687119284 7.0710678118654755 -7.071067811865475 8.242640687119284 -4.242640687119285 7.0710678118654755 -1.414213562373095 0.0 10.0
61.0 609.0 13 -7.0710678118654755 -1.414213562373095 -8.242640687119284 -4.242640687119286 -7.071067811865475 -7.0710678118654755 -4.242640687119285 -8.242640687119284 -1.414213562373094 -7.071067811865475 -2.5 -9.0 2.5 -9.0 1.414213562373095 -7.0710678118654755 4.242640687119285 -8.242640687119284 7.0710678118654755 -7.071067811865475 8.242640687119284 -4.242640687119285 7.0710678118654755 -1.414213562373095 0.0 10.0
68.0 160.0 13 -7.0710678118654755 -1.414213562373095 -8.242640687119284 -4.242640687119286 -7.071067811865475 -7.0710678118654755 -4.242640687119285 -8.242640687119284 -1.414213562373094 -7.071067811865475 -2.5 -9.0 2.5 -9.0 1.414213562373095 -7.0710678118654755 4.242640687119285 -8.242640687119284 7.0710678118654755 -7.071067811865475 8.242640687119284 -4.242640687119285 7.0710678118654755 -1.414213562373095 0.0 10.0
232.0 79.0 13 -7.0710678118654755 -1.414213562373095 -8.242640687119284 -4.242640687119286 -7.071067811865475 -7.0710678118654755 -4.242640687119285 -8.242640687119284 -1.414213562373094 -7.071067811865475 -2.5 -9.0 2.5 -9.0 1.414213562373095 -7.0710678118654755 4.242640687119285 -8.242640687119284 7.0710678118654755 -7.071067811865475 8.242640687119284 -4.242640687119285 7.0710678118654755 -1.414213562373095 0.0 10.0
441.0 350.0 13 -7.0710678118654755 -1.414213562373095 -8.242640687119284 -4.242640687119286 -7.071067811865475 -7.0710678118654755 -4.242640687119285 -8.242640687119284 -1.414213562373094 -7.071067811865475 -2.5 -9.0 2.5 -9.0 1.414213562373095 -7.0710678118654755 4.242640687119285 -8.242640687119284 7.0710678118654755 -7.071067811865475 8.242640687119284 -4.242640687119285 7.0710678118654755 -1.414213562373095 0.0 10.0
104.0 546.0 13 -7.0710678118654755 -1.414213562373095 -8.242640687119284 -4.242640687119286 -7.071067811865475 -7.0710678118654755 -4.242640687119285 -8.242640687119284 -1.414213562373094 -7.071067811865475 -2.5 -9.0 2.5 -9.0 1.414213562373095 -7.0710678118654755 4.242640687119285 -8.242640687119284 7.0710678118654755 -7.071067811865475 8.242640687119284 -4.242640687119285 7.0710678118654755 -1.414213562373095 0.0 10.0
529.0 240.0 13 -7.0710678118654755 -1.414213562373095 -8.242640687119284 -4.242640687119286 -7.071067811865475 -7.0710678118654755 -4.242640687119285 -8.242640687119284 -1.414213562373094 -7.071067811865475 -2.5 -9.0 2.5 -9.0 1.414213562373095 -7.0710678118654755 4.242640687119285 -8.242640687119284 7.0710678118654755 -7.071067811865475 8.242640687119284 -4.242640687119285 7.0710678118654755 -1.414213562373095 0.0 10.0
164.0 72.0 13 -7.0710678118654755 -1.414213562373095 -8.242640687119284 -4.242640687119286 -7.071067811865475 -7.0710678118654755 -4.242640687119285 -8.242640687119284 -1.414213562373094 -7.071067811865475 -2.5 -9.0 2.5 -9.0 1.414213562373095 -7.0710678118654755 4.242640687119285 -8.242640687119284 7.0710678118654755 -7.071067811865475 8.242640687119284 -4.242640687119285 7.0710678118654755 -1.414213562373095 0.0 10.0
260.0 274.0 13 -7.0710678118654755 -1.414213562373095 -8.242640687119284 -4.242640687119286 -7.071067811865475 -7.0710678118654755 -4.242640687119285 -8.242640687119284 -1.414213562373094 -7.071067811865475 -2.5 -9.0 2.5 -9.0 1.414213562373095 -7.0710678118654755 4.242640687119285 -8.242640687119284 7.0710678118654755 -7.071067811865475 8.242640687119284 -4.242640687119285 7.0710678118654755 -1.414213562373095 0.0 10.0
45.0 635.0 13 -7.0710678118654755 -1.414213562373095 -8.242640687119284 -4.242640687119286 -7.071067811865475 -7.0710678118654755 -4.242640687119285 -8.242640687119284 -1.414213562373094 -7.071067811865475 -2.5 -9.0 2.5 -9.0 1.414213562373095 -7.0710678118654755 4.242640687119285 -8.242640687119284 7.0710678118654755 -7.071067811865475 8.242640687119284 -4.242640687119285 7.0710678118654755 -1.414213562373095 0.0 10.0
219.0 198.0 13 -7.0710678118654755 -1.414213562373095 -8.242640687119284 -4.242640687119286 -7.071067811865475 -7.0710678118654755 -4.242640687119285 -8.242640687119284 -1.414213562373094 -7.071067811865475 -2.5 -9.0 2.5 -9.0 1.414213562373095 -7.0710678118654755 4.242640687119285 -8.242640687119284 7.0710678118654755 -7.071067811865475 8.242640687119284 -4.242640687119285 7.0710678118654755 -1.414213562373095 0.0 10.0
186.0 157.0 13 -7.0710678118654755 -1.414213562373095 -8.242640687119284 -4.242640687119286 -7.071067811865475 -7.0710678118654755 -4.242640687119285 -8.242640687119284 -1.414213562373094 -7.071067811865475 -2.5 -9.0 2.5 -9.0 1.414213562373095 -7.0710678118654755 4.242640687119285 -8.242640687119284 7.0710678118654755 -7.071067811865475 8.242640687119284 -4.242640687119285 7.0710678118654755 -1.414213562373095 0.0 10.0
664.0 348.0 13 -7.0710678118654755 -1.414213562373095 -8.242640687119284 -4.242640687119286 -7.071067811865475 -7.0710678118654755 -4.242640687119285 -8.242640687119284 -1.414213562373094 -7.071067811865475 -2.5 -9.0 2.5 -9.0 1.414213562373095 -7.0710678118654755 4.242640687119285 -8.242640687119284 7.0710678118654755 -7.071067811865475 8.242640687119284 -4.242640687119285 7.0710678118654755 -1.414213562373095 0.0 10.0
449.0 212.0 13 -7.0710678118654755 -1.414213562373095 -8.242640687119284 -4.242640687119286 -7.071067811865475 -7.0710678118654755 -4.242640687119285 -8.242640687119284 -1.414213562373094 -7.071067811865475 -2.5 -9.0 2.5 -9.0 1.414213562373095 -7.0710678118654755 4.242640687119285 -8.242640687119284 7.0710678118654755 -7.071067811865475 8.242640687119284 -4.242640687119285 7.0710678118654755 -1.414213562373095 0.0 10.0
71.0 529.0 13 -7.0710678118654755 -1.414213562373095 -8.242640687119284 -4.242640687119286 -7.071067811865475 -7.0710678118654755 -4.242640687119285 -8.242640687119284 -1.414213562373094 -7.071067811865475 -2.5 -9.0 2.5 -9.0 1.414213562373095 -7.0710678118654755 4.242640687119285 -8.242640687119284 7.0710678118654755 -7.071067811865475 8.242640687119284 -4.242640687119285 7.0710678118654755 -1.414213562373095 0.0 10.0
247.0 66.0 13 -7.0710678118654755 -1.414213562373095 -8.242640687119284 -4.242640687119286 -7.071067811865475 -7.0710678118654755 -4.242640687119285 -8.242640687119284 -1.414213562373094 -7.071067811865475 -2.5 -9.0 2.5 -9.0 1.414213562373095 -7.0710678118654755 4.242640687119285 -8.242640687119284 7.0710678118654755 -7.071067811865475 8.242640687119284 -4.242640687119285 7.0710678118654755 -1.414213562373095 0.0 10.0
249.0 322.0 13 -7.0710678118654755 -1.414213562373095 -8.242640687119284 -4.242640687119286 -7.071067811865475 -7.0710678118654755 -4.242640687119285 -8.242640687119284 -1.414213562373094 -7.071067811865475 -2.5 -9.0 2.5 -9.0 1.414213562373095 -7.0710678118654755 4.242640687119285 -8.242640687119284 7.0710678118654755 -7.071067811865475 8.242640687119284 -4.242640687119285 7.0710678118654755 -1.414213562373095 0.0 10.0
159.0 352.0 13 -7.0710678118654755 -1.414213562373095 -8.242640687119284 -4.242640687119286 -7.071067811865475 -7.0710678118654755 -4.242640687119285 -8.242640687119284 -1.414213562373094 -7.071067811865475 -2.5 -9.0 2.5 -9.0 1.414213562373095 -7.0710678118654755 4.242640687119285 -8.242640687119284 7.0710678118654755 -7.071067811865475 8.242640687119284 -4.242640687119285 7.0710678118654755 -1.414213562373095 0.0 10.0
248.0 335.0 13 -7.0710678118654755 -1.414213562373095 -8.242640687119284 -4.242640687119286 -7.071067811865475 -7.0710678118654755 -4.242640687119285 -8.242640687119284 -1.414213562373094 -7.071067811865475 -2.5 -9.0 2.5 -9.0 1.414213562373095 -7.0710678118654755 4.242640687119285 -8.242640687119284 7.0710678118654755 -7.071067811865475 8.242640687119284 -4.242640687119285 7.0710678118654755 -1.414213562373095 0.0 10.0
277.0 343.0 13 -7.0710678118654755 -1.414213562373095 -8.242640687119284 -4.242640687119286 -7.071067811865475 -7.0710678118654755 -4.242640687119285 -8.242640687119284 -1.414213562373094 -7.071067811865475 -2.5 -9.0 2.5 -9.0 1.414213562373095 -7.0710678118654755 4.242640687119285 -8.242640687119284 7.0710678118654755 -7.071067811865475 8.242640687119284 -4.242640687119285 7.0710678118654755 -1.414213562373095 0.0 10.0
297.0 343.0 13 -7.0710678118654755 -1.414213562373095 -8.242640687119284 -4.242640687119286 -7.071067811865475 -7.0710678118654755 -4.242640687119285 -8.242640687119284 -1.414213562373094 -7.071067811865475 -2.5 -9.0 2.5 -9.0 1.414213562373095 -7.0710678118654755 4.242640687119285 -8.242640687119284 7.0710678118654755 -7.071067811865475 8.242640687119284 -4.242640687119285 7.0710678118654755 -1.414213562373095 0.0 10.0
557.0 208.0 13 -7.0710678118654755 -1.414213562373095 -8.242640687119284 -4.242640687119286 -7.071067811865475 -7.0710678118654755 -4.242640687119285 -8.242640687119284 -1.414213562373094 -7.071067811865475 -2.5 -9.0 2.5 -9.0 1.414213562373095 -7.0710678118654755 4.242640687119285 -8.242640687119284 7.0710678118654755 -7.071067811865475 8.242640687119284 -4.242640687119285 7.0710678118654755 -1.414213562373095 0.0 10.0
236.0 473.0 13 -7.0710678118654755 -1.414213562373095 -8.242640687119284 -4.242640687119286 -7.071067811865475 -7.0710678118654755 -4.242640687119285 -8.242640687119284 -1.414213562373094 -7.071067811865475 -2.5 -9.0 2.5 -9.0 1.414213562373095 -7.0710678118654755 4.242640687119285 -8.242640687119284 7.0710678118654755 -7.071067811865475 8.242640687119284 -4.242640687119285 7.0710678118654755 -1.414213562373095 0.0 10.0
83.0 158.0 13 -7.0710678118654755 -1.414213562373095 -8.242640687119284 -4.242640687119286 -7.071067811865475 -7.0710678118654755 -4.242640687119285 -8.242640687119284 -1.414213562373094 -7.071067811865475 -2.5 -9.0 2.5 -9.0 1.414213562373095 -7.0710678118654755 4.242640687119285 -8.242640687119284 7.0710678118654755 -7.071067811865475 8.242640687119284 -4.242640687119285 7.0710678118654755 -1.414213562373095 0.0 10.0
161.0 401.0 13 -7.0710678118654755 -1.414213562373095 -8.242640687119284 -4.242640687119286 -7.071067811865475 -7.0710678118654755 -4.242640687119285 -8.242640687119284 -1.414213562373094 -7.071067811865475 -2.5 -9.0 2.5 -9.0 1.414213562373095 -7.0710678118654755 4.242640687119285 -8.242640687119284 7.0710678118654755 -7.071067811865475 8.242640687119284 -4.242640687119285 7.0710678118654755 -1.414213562373095 0.0 10.0
134.0 217.0 13 -7.0710678118654755 -1.414213562373095 -8.242640687119284 -4.242640687119286 -7.071067811865475 -7.0710678118654755 -4.242640687119285 -8.242640687119284 -1.414213562373094 -7.071067811865475 -2.5 -9.0 2.5 -9.0 1.414213562373095 -7.0710678118654755 4.242640687119285 -8.242640687119284 7.0710678118654755 -7.071067811865475 8.242640687119284 -4.242640687119285 7.0710678118654755 -1.414213562373095 0.0 10.0
178.0 486.0 13 -7.0710678118654755 -1.414213562373095 -8.242640687119284 -4.242640687119286 -7.071067811865475 -7.0710678118654755 -4.242640687119285 -8.242640687119284 -1.414213562373094 -7.071067811865475 -2.5 -9.0 2.5 -9.0 1.414213562373095 -7.0710678118654755 4.242640687119285 -8.242640687119284 7.0710678118654755 -7.071067811865475 8.242640687119284 -4.242640687119285 7.0710678118654755 -1.414213562373095 0.0 10.0
271.0 320.0 13 -7.0710678118654755 -1.414213562373095 -8.242640687119284 -4.242640687119286 -7.071067811865475 -7.0710678118654755 -4.242640687119285 -8.242640687119284 -1.414213562373094 -7.071067811865475 -2.5 -9.0 2.5 -9.0 1.414213562373095 -7.0710678118654755 4.242640687119285 -8.242640687119284 7.0710678118654755 -7.071067811865475 8.242640687119284 -4.242640687119285 7.0710678118654755 -1.414213562373095 0.0 10.0
580.0 184.0 13 -7.0710678118654755 -1.414213562373095 -8.242640687119284 -4.242640687119286 -7.071067811865475 -7.0710678118654755 -4.242640687119285 -8.242640687119284 -1.414213562373094 -7.071067811865475 -2.5 -9.0 2.5 -9.0 1.414213562373095 -7.0710678118654755 4.242640687119285 -8.242640687119284 7.0710678118654755 -7.071067811865475 8.242640687119284 -4.242640687119285 7.0710678118654755 -1.414213562373095 0.0 10.0
577.0 249.0 13 -7.0710678118654755 -1.414213562373095 -8.242640687119284 -4.242640687119286 -7.071067811865475 -7.0710678118654755 -4.242640687119285 -8.242640687119284 -1.414213562373094 -7.071067811865475 -2.5 -9.0 2.5 -9.0 1.414213562373095 -7.0710678118654755 4.242640687119285 -8.242640687119284 7.0710678118654755 -7.071067811865475 8.242640687119284 -4.242640687119285 7.0710678118654755 -1.414213562373095 0.0 10.0
87.0 105.0 13 -7.0710678118654755 -1.414213562373095 -8.242640687119284 -4.242640687119286 -7.071067811865475 -7.0710678118654755 -4.242640687119285 -8.242640687119284 -1.414213562373094 -7.071067811865475 -2.5 -9.0 2.5 -9.0 1.414213562373095 -7.0710678118654755 4.242640687119285 -8.242640687119284 7.0710678118654755 -7.071067811865475 8.242640687119284 -4.242640687119285 7.0710678118654755 -1.414213562373095 0.0 10.0
618.0 239.0 13 -7.0710678118654755 -1.414213562373095 -8.242640687119284 -4.242640687119286 -7.071067811865475 -7.0710678118654755 -4.242640687119285 -8.242640687119284 -1.414213562373094 -7.071067811865475 -2.5 -9.0 2.5 -9.0 1.414213562373095 -7.0710678118654755 4.242640687119285 -8.242640687119284 7.0710678118654755 -7.071067811865475 8.242640687119284 -4.242640687119285 7.0710678118654755 -1.414213562373095 0.0 10.0
531.0 265.0 13 -7.0710678118654755 -1.414213562373095 -8.242640687119284 -4.242640687119286 -7.071067811865475 -7.0710678118654755 -4.242640687119285 -8.242640687119284 -1.414213562373094 -7.071067811865475 -2.5 -9.0 2.5 -9.0 1.414213562373095 -7.0710678118654755 4.242640687119285 -8.242640687119284 7.0710678118654755 -7.071067811865475 8.242640687119284 -4.242640687119285 7.0710678118654755 -1.414213562373095 0.0 10.0
151.0 76.0 13 -7.0710678118654755 -1.414213562373095 -8.242640687119284 -4.242640687119286 -7.071067811865475 -7.0710678118654755 -4.242640687119285 -8.242640687119284 -1.414213562373094 -7.071067811865475 -2.5 -9.0 2.5 -9.0 1.414213562373095 -7.0710678118654755 4.242640687119285 -8.242640687119284 7.0710678118654755 -7.071067811865475 8.242640687119284 -4.242640687119285 7.0710678118654755 -1.414213562373095 0.0 10.0
248.0 486.0 13 -7.0710678118654755 -1.414213562373095 -8.242640687119284 -4.242640687119286 -7.071067811865475 -7.0710678118654755 -4.242640687119285 -8.242640687119284 -1.414213562373094 -7.071067811865475 -2.5 -9.0 2.5 -9.0 1.414213562373095 -7.0710678118654755 4.242640687119285 -8.242640687119284 7.0710678118654755 -7.071067811865475 8.242640687119284 -4.242640687119285 7.0710678118654755 -1.414213562373095 0.0 10.0
598.0 162.0 13 -7.0710678118654755 -1.414213562373095 -8.242640687119284 -4.242640687119286 -7.071067811865475 -7.0710678118654755 -4.242640687119285 -8.242640687119284 -1.414213562373094 -7.071067811865475 -2.5 -9.0 2.5 -9.0 1.414213562373095 -7.0710678118654755 4.242640687119285 -8.242640687119284 7.0710678118654755 -7.071067811865475 8.242640687119284 -4.242640687119285 7.0710678118654755 -1.414213562373095 0.0 10.0
34.0 656.0 13 -7.0710678118654755 -1.414213562373095 -8.242640687119284 -4.242640687119286 -7.071067811865475 -7.0710678118654755 -4.242640687119285 -8.242640687119284 -1.414213562373094 -7.071067811865475 -2.5 -9.0 2.5 -9.0 1.414213562373095 -7.0710678118654755 4.242640687119285 -8.242640687119284 7.0710678118654755 -7.071067811865475 8.242640687119284 -4.242640687119285 7.0710678118654755 -1.414213562373095 0.0 10.0
434.0 238.0 13 -7.0710678118654755 -1.414213562373095 -8.242640687119284 -4.242640687119286 -7.071067811865475 -7.0710678118654755 -4.242640687119285 -8.242640687119284 -1.414213562373094 -7.071067811865475 -2.5 -9.0 2.5 -9.0 1.414213562373095 -7.0710678118654755 4.242640687119285 -8.242640687119284 7.0710678118654755 -7.071067811865475 8.242640687119284 -4.242640687119285 7.0710678118654755 -1.414213562373095 0.0 10.0
79.0 534.0 13 -7.0710678118654755 -1.414213562373095 -8.242640687119284 -4.242640687119286 -7.071067811865475 -7.0710678118654755 -4.242640687119285 -8.242640687119284 -1.414213562373094 -7.071067811865475 -2.5 -9.0 2.5 -9.0 1.414213562373095 -7.0710678118654755 4.242640687119285 -8.242640687119284 7.0710678118654755 -7.071067811865475 8.242640687119284 -4.242640687119285 7.0710678118654755 -1.414213562373095 0.0 10.0
167.0 274.0 13 -7.0710678118654755 -1.414213562373095 -8.242640687119284 -4.242640687119286 -7.071067811865475 -7.0710678118654755 -4.242640687119285 -8.242640687119284 -1.414213562373094 -7.071067811865475 -2.5 -9.0 2.5 -9.0 1.414213562373095 -7.0710678118654755 4.242640687119285 -8.242640687119284 7.0710678118654755 -7.071067811865475 8.242640687119284 -4.242640687119285 7.0710678118654755 -1.414213562373095 0.0 10.0
237.0 51.0 13 -7.0710678118654755 -1.414213562373095 -8.242640687119284 -4.242640687119286 -7.071067811865475 -7.0710678118654755 -4.242640687119285 -8.242640687119284 -1.414213562373094 -7.071067811865475 -2.5 -9.0 2.5 -9.0 1.414213562373095 -7.0710678118654755 4.242640687119285 -8.242640687119284 7.0710678118654755 -7.071067811865475 8.242640687119284 -4.242640687119285 7.0710678118654755 -1.414213562373095 0.0 10.0
588.0 167.0 13 -7.0710678118654755 -1.414213562373095 -8.242640687119284 -4.242640687119286 -7.071067811865475 -7.0710678118654755 -4.242640687119285 -8.242640687119284 -1.414213562373094 -7.071067811865475 -2.5 -9.0 2.5 -9.0 1.414213562373095 -7.0710678118654755 4.242640687119285 -8.242640687119284 7.0710678118654755 -7.071067811865475 8.242640687119284 -4.242640687119285 7.0710678118654755 -1.414213562373095 0.0 10.0
116.0 484.0 13 -7.0710678118654755 -1.414213562373095 -8.242640687119284 -4.242640687119286 -7.071067811865475 -7.0710678118654755 -4.242640687119285 -8.242640687119284 -1.414213562373094 -7.071067811865475 -2.5 -9.0 2.5 -9.0 1.414213562373095 -7.0710678118654755 4.242640687119285 -8.242640687119284 7.0710678118654755 -7.071067811865475 8.242640687119284 -4.242640687119285 7.0710678118654755 -1.414213562373095 0.0 10.0
108.0 325.0 13 -7.0710678118654755 -1.414213562373095 -8.242640687119284 -4.242640687119286 -7.071067811865475 -7.0710678118654755 -4.242640687119285 -8.242640687119284 -1.414213562373094 -7.071067811865475 -2.5 -9.0 2.5 -9.0 1.414213562373095 -7.0710678118654755 4.242640687119285 -8.242640687119284 7.0710678118654755 -7.071067811865475 8.242640687119284 -4.242640687119285 7.0710678118654755 -1.414213562373095 0.0 10.0
456.0 346.0 13 -7.0710678118654755 -1.414213562373095 -8.242640687119284 -4.242640687119286 -7.071067811865475 -7.0710678118654755 -4.242640687119285 -8.242640687119284 -1.414213562373094 -7.071067811865475 -2.5 -9.0 2.5 -9.0 1.414213562373095 -7.0710678118654755 4.242640687119285 -8.242640687119284 7.0710678118654755 -7.071067811865475 8.242640687119284 -4.242640687119285 7.0710678118654755 -1.414213562373095 0.0 10.0
690.0 367.0 13 -7.0710678118654755 -1.414213562373095 -8.242640687119284 -4.242640687119286 -7.071067811865475 -7.0710678118654755 -4.242640687119285 -8.242640687119284 -1.414213562373094 -7.071067811865475 -2.5 -9.0 2.5 -9.0 1.414213562373095 -7.0710678118654755 4.242640687119285 -8.242640687119284 7.0710678118654755 -7.071067811865475 8.242640687119284 -4.242640687119285 7.0710678118654755 -1.414213562373095 0.0 10.0
138.0 502.0 13 -7.0710678118654755 -1.414213562373095 -8.242640687119284 -4.242640687119286 -7.071067811865475 -7.0710678118654755 -4.242640687119285 -8.242640687119284 -1.414213562373094 -7.071067811865475 -2.5 -9.0 2.5 -9.0 1.414213562373095 -7.0710678118654755 4.242640687119285 -8.242640687119284 7.0710678118654755 -7.071067811865475 8.242640687119284 -4.242640687119285 7.0710678118654755 -1.414213562373095 0.0 10.0
682.0 218.0 13 -7.0710678118654755 -1.414213562373095 -8.242640687119284 -4.242640687119286 -7.071067811865475 -7.0710678118654755 -4.242640687119285 -8.242640687119284 -1.414213562373094 -7.071067811865475 -2.5 -9.0 2.5 -9.0 1.414213562373095 -7.0710678118654755 4.242640687119285 -8.242640687119284 7.0710678118654755 -7.071067811865475 8.242640687119284 -4.242640687119285 7.0710678118654755 -1.414213562373095 0.0 10.0
462.0 367.0 13 -7.0710678118654755 -1.414213562373095 -8.242640687119284 -4.242640687119286 -7.071067811865475 -7.0710678118654755 -4.242640687119285 -8.242640687119284 -1.414213562373094 -7.071067811865475 -2.5 -9.0 2.5 -9.0 1.414213562373095 -7.0710678118654755 4.242640687119285 -8.242640687119284 7.0710678118654755 -7.071067811865475 8.242640687119284 -4.242640687119285 7.0710678118654755 -1.414213562373095 0.0 10.0
548.0 241.0 13 -7.0710678118654755 -1.414213562373095 -8.242640687119284 -4.242640687119286 -7.071067811865475 -7.0710678118654755 -4.242640687119285 -8.242640687119284 -1.414213562373094 -7.071067811865475 -2.5 -9.0 2.5 -9.0 1.414213562373095 -7.0710678118654755 4.242640687119285 -8.242640687119284 7.0710678118654755 -7.071067811865475 8.242640687119284 -4.242640687119285 7.0710678118654755 -1.414213562373095 0.0 10.0
167.0 363.0 13 -7.0710678118654755 -1.414213562373095 -8.242640687119284 -4.242640687119286 -7.071067811865475 -7.0710678118654755 -4.242640687119285 -8.242640687119284 -1.414213562373094 -7.071067811865475 -2.5 -9.0 2.5 -9.0 1.414213562373095 -7.0710678118654755 4.242640687119285 -8.242640687119284 7.0710678118654755 -7.071067811865475 8.242640687119284 -4.242640687119285 7.0710678118654755 -1.414213562373095 0.0 10.0
75.0 201.0 13 -7.0710678118654755 -1.414213562373095 -8.242640687119284 -4.242640687119286 -7.071067811865475 -7.0710678118654755 -4.242640687119285 -8.242640687119284 -1.414213562373094 -7.071067811865475 -2.5 -9.0 2.5 -9.0 1.414213562373095 -7.0710678118654755 4.242640687119285 -8.242640687119284 7.0710678118654755 -7.071067811865475 8.242640687119284 -4.242640687119285 7.0710678118654755 -1.414213562373095 0.0 10.0
552.0 247.0 13 -7.0710678118654755 -1.414213562373095 -8.242640687119284 -4.242640687119286 -7.071067811865475 -7.0710678118654755 -4.242640687119285 -8.242640687119284 -1.414213562373094 -7.071067811865475 -2.5 -9.0 2.5 -9.0 1.414213562373095 -7.0710678118654755 4.242640687119285 -8.242640687119284 7.0710678118654755 -7.071067811865475 8.242640687119284 -4.242640687119285 7.0710678118654755 -1.414213562373095 0.0 10.0
236.0 500.0 13 -7.0710678118654755 -1.414213562373095 -8.242640687119284 -4.242640687119286 -7.071067811865475 -7.0710678118654755 -4.242640687119285 -8.242640687119284 -1.414213562373094 -7.071067811865475 -2.5 -9.0 2.5 -9.0 1.414213562373095 -7.0710678118654755 4.242640687119285 -8.242640687119284 7.0710678118654755 -7.071067811865475 8.242640687119284 -4.242640687119285 7.0710678118654755 -1.414213562373095 0.0 10.0
152.0 376.0 13 -7.0710678118654755 -1.414213562373095 -8.242640687119284 -4.242640687119286 -7.071067811865475 -7.0710678118654755 -4.242640687119285 -8.242640687119284 -1.414213562373094 -7.071067811865475 -2.5 -9.0 2.5 -9.0 1.414213562373095 -7.0710678118654755 4.242640687119285 -8.242640687119284 7.0710678118654755 -7.071067811865475 8.242640687119284 -4.242640687119285 7.0710678118654755 -1.414213562373095 0.0 10.0
36.0 610.0 13 -7.0710678118654755 -1.414213562373095 -8.242640687119284 -4.242640687119286 -7.071067811865475 -7.0710678118654755 -4.242640687119285 -8.242640687119284 -1.414213562373094 -7.071067811865475 -2.5 -9.0 2.5 -9.0 1.414213562373095 -7.0710678118654755 4.242640687119285 -8.242640687119284 7.0710678118654755 -7.071067811865475 8.242640687119284 -4.242640687119285 7.0710678118654755 -1.414213562373095 0.0 10.0
53.0 139.0 13 -7.0710678118654755 -1.414213562373095 -8.242640687119284 -4.242640687119286 -7.071067811865475 -7.0710678118654755 -4.242640687119285 -8.242640687119284 -1.414213562373094 -7.071067811865475 -2.5 -9.0 2.5 -9.0 1.414213562373095 -7.0710678118654755 4.242640687119285 -8.242640687119284 7.0710678118654755 -7.071067811865475 8.242640687119284 -4.242640687119285 7.0710678118654755 -1.414213562373095 0.0 10.0
533.0 337.0 13 -7.0710678118654755 -1.414213562373095 -8.242640687119284 -4.242640687119286 -7.071067811865475 -7.0710678118654755 -4.242640687119285 -8.242640687119284 -1.414213562373094 -7.071067811865475 -2.5 -9.0 2.5 -9.0 1.414213562373095 -7.0710678118654755 4.242640687119285 -8.242640687119284 7.0710678118654755 -7.071067811865475 8.242640687119284 -4.242640687119285 7.0710678118654755 -1.414213562373095 0.0 10.0
178.0 363.0 13 -7.0710678118654755 -1.414213562373095 -8.242640687119284 -4.242640687119286 -7.071067811865475 -7.0710678118654755 -4.242640687119285 -8.242640687119284 -1.414213562373094 -7.071067811865475 -2.5 -9.0 2.5 -9.0 1.414213562373095 -7.0710678118654755 4.242640687119285 -8.242640687119284 7.0710678118654755 -7.071067811865475 8.242640687119284 -4.242640687119285 7.0710678118654755 -1.414213562373095 0.0 10.0
272.0 357.0 13 -7.0710678118654755 -1.414213562373095 -8.242640687119284 -4.242640687119286 -7.071067811865475 -7.0710678118654755 -4.242640687119285 -8.242640687119284 -1.414213562373094 -7.071067811865475 -2.5 -9.0 2.5 -9.0 1.414213562373095 -7.0710678118654755 4.242640687119285 -8.242640687119284 7.0710678118654755 -7.071067811865475 8.242640687119284 -4.242640687119285 7.0710678118654755 -1.414213562373095 0.0 10.0
65.0 93.0 13 -7.0710678118654755 -1.414213562373095 -8.242640687119284 -4.242640687119286 -7.071067811865475 -7.0710678118654755 -4.242640687119285 -8.242640687119284 -1.414213562373094 -7.071067811865475 -2.5 -9.0 2.5 -9.0 1.414213562373095 -7.0710678118654755 4.242640687119285 -8.242640687119284 7.0710678118654755 -7.071067811865475 8.242640687119284 -4.242640687119285 7.0710678118654755 -1.414213562373095 0.0 10.0
25.0 675.0 13 -7.0710678118654755 -1.414213562373095 -8.242640687119284 -4.242640687119286 -7.071067811865475 -7.0710678118654755 -4.242640687119285 -8.242640687119284 -1.414213562373094 -7.071067811865475 -2.5 -9.0 2.5 -9.0 1.414213562373095 -7.0710678118654755 4.242640687119285 -8.242640687119284 7.0710678118654755 -7.071067811865475 8.242640687119284 -4.242640687119285 7.0710678118654755 -1.414213562373095 0.0 10.0
144.0 48.0 13 -7.0710678118654755 -1.414213562373095 -8.242640687119284 -4.242640687119286 -7.071067811865475 -7.0710678118654755 -4.242640687119285 -8.242640687119284 -1.414213562373094 -7.071067811865475 -2.5 -9.0 2.5 -9.0 1.414213562373095 -7.0710678118654755 4.242640687119285 -8.242640687119284 7.0710678118654755 -7.071067811865475 8.242640687119284 -4.242640687119285 7.0710678118654755 -1.414213562373095 0.0 10.0
87.0 346.0 13 -7.0710678118654755 -1.414213562373095 -8.242640687119284 -4.242640687119286 -7.071067811865475 -7.0710678118654755 -4.242640687119285 -8.242640687119284 -1.414213562373094 -7.071067811865475 -2.5 -9.0 2.5 -9.0 1.414213562373095 -7.0710678118654755 4.242640687119285 -8.242640687119284 7.0710678118654755 -7.071067811865475 8.242640687119284 -4.242640687119285 7.0710678118654755 -1.414213562373095 0.0 10.0
296.0 363.0 13 -7.0710678118654755 -1.414213562373095 -8.242640687119284 -4.242640687119286 -7.071067811865475 -7.0710678118654755 -4.242640687119285 -8.242640687119284 -1.414213562373094 -7.071067811865475 -2.5 -9.0 2.5 -9.0 1.414213562373095 -7.0710678118654755 4.242640687119285 -8.242640687119284 7.0710678118654755 -7.071067811865475 8.242640687119284 -4.242640687119285 7.0710678118654755 -1.414213562373095 0.0 10.0
136.0 362.0 13 -7.0710678118654755 -1.414213562373095 -8.242640687119284 -4.242640687119286 -7.071067811865475 -7.0710678118654755 -4.242640687119285 -8.242640687119284 -1.414213562373094 -7.071067811865475 -2.5 -9.0 2.5 -9.0 1.414213562373095 -7.0710678118654755 4.242640687119285 -8.242640687119284 7.0710678118654755 -7.071067811865475 8.242640687119284 -4.242640687119285 7.0710678118654755 -1.414213562373095 0.0 10.0
83.0 559.0 13 -7.0710678118654755 -1.414213562373095 -8.242640687119284 -4.242640687119286 -7.071067811865475 -7.0710678118654755 -4.242640687119285 -8.242640687119284 -1.414213562373094 -7.071067811865475 -2.5 -9.0 2.5 -9.0 1.414213562373095 -7.0710678118654755 4.242640687119285 -8.242640687119284 7.0710678118654755 -7.071067811865475 8.242640687119284 -4.242640687119285 7.0710678118654755 -1.414213562373095 0.0 10.0
599.0 342.0 13 -7.0710678118654755 -1.414213562373095 -8.242640687119284 -4.242640687119286 -7.071067811865475 -7.0710678118654755 -4.242640687119285 -8.242640687119284 -1.414213562373094 -7.071067811865475 -2.5 -9.0 2.5 -9.0 1.414213562373095 -7.0710678118654755 4.242640687119285 -8.242640687119284 7.0710678118654755 -7.071067811865475 8.242640687119284 -4.242640687119285 7.0710678118654755 -1.414213562373095 0.0 10.0
63.0 524.0 13 -7.0710678118654755 -1.414213562373095 -8.242640687119284 -4.242640687119286 -7.071067811865475 -7.0710678118654755 -4.242640687119285 -8.242640687119284 -1.414213562373094 -7.071067811865475 -2.5 -9.0 2.5 -9.0 1.414213562373095 -7.0710678118654755 4.242640687119285 -8.242640687119284 7.0710678118654755 -7.071067811865475 8.242640687119284 -4.242640687119285 7.0710678118654755 -1.414213562373095 0.0 10.0
115.0 150.0 13 -7.0710678118654755 -1.414213562373095 -8.242640687119284 -4.242640687119286 -7.071067811865475 -7.0710678118654755 -4.242640687119285 -8.242640687119284 -1.414213562373094 -7.071067811865475 -2.5 -9.0 2.5 -9.0 1.414213562373095 -7.0710678118654755 4.242640687119285 -8.242640687119284 7.0710678118654755 -7.071067811865475 8.242640687119284 -4.242640687119285 7.0710678118654755 -1.414213562373095 0.0 10.0
613.0 144.0 13 -7.0710678118654755 -1.414213562373095 -8.242640687119284 -4.242640687119286 -7.071067811865475 -7.0710678118654755 -4.242640687119285 -8.242640687119284 -1.414213562373094 -7.071067811865475 -2.5 -9.0 2.5 -9.0 1.414213562373095 -7.0710678118654755 4.242640687119285 -8.242640687119284 7.0710678118654755 -7.071067811865475 8.242640687119284 -4.242640687119285 7.0710678118654755 -1.414213562373095 0.0 10.0
155.0 194.0 13 -7.0710678118654755 -1.414213562373095 -8.242640687119284 -4.242640687119286 -7.071067811865475 -7.0710678118654755 -4.242640687119285 -8.242640687119284 -1.414213562373094 -7.071067811865475 -2.5 -9.0 2.5 -9.0 1.414213562373095 -7.0710678118654755 4.242640687119285 -8.242640687119284 7.0710678118654755 -7.071067811865475 8.242640687119284 -4.242640687119285 7.0710678118654755 -1.414213562373095 0.0 10.0
561.0 327.0 13 -7.0710678118654755 -1.414213562373095 -8.242640687119284 -4.242640687119286 -7.071067811865475 -7.0710678118654755 -4.242640687119285 -8.242640687119284 -1.414213562373094 -7.071067811865475 -2.5 -9.0 2.5 -9.0 1.414213562373095 -7.0710678118654755 4.242640687119285 -8.242640687119284 7.0710678118654755 -7.071067811865475 8.242640687119284 -4.242640687119285 7.0710678118654755 -1.414213562373095 0.0 10.0
71.0 479.0 13 -7.0710678118654755 -1.414213562373095 -8.242640687119284 -4.242640687119286 -7.071067811865475 -7.0710678118654755 -4.242640687119285 -8.242640687119284 -1.414213562373094 -7.071067811865475 -2.5 -9.0 2.5 -9.0 1.414213562373095 -7.0710678118654755 4.242640687119285 -8.242640687119284 7.0710678118654755 -7.071067811865475 8.242640687119284 -4.242640687119285 7.0710678118654755 -1.414213562373095 0.0 10.0
456.0 306.0 13 -7.0710678118654755 -1.414213562373095 -8.242640687119284 -4.242640687119286 -7.071067811865475 -7.0710678118654755 -4.242640687119285 -8.242640687119284 -1.414213562373094 -7.071067811865475 -2.5 -9.0 2.5 -9.0 1.414213562373095 -7.0710678118654755 4.242640687119285 -8.242640687119284 7.0710678118654755 -7.071067811865475 8.242640687119284 -4.242640687119285 7.0710678118654755 -1.414213562373095 0.0 10.0
162.0 142.0 13 -7.0710678118654755 -1.414213562373095 -8.242640687119284 -4.242640687119286 -7.071067811865475 -7.0710678118654755 -4.242640687119285 -8.242640687119284 -1.414213562373094 -7.071067811865475 -2.5 -9.0 2.5 -9.0 1.414213562373095 -7.0710678118654755 4.242640687119285 -8.242640687119284 7.0710678118654755 -7.071067811865475 8.242640687119284 -4.242640687119285 7.0710678118654755 -1.414213562373095 0.0 10.0
507.0 247.0 13 -7.0710678118654755 -1.414213562373095 -8.242640687119284 -4.242640687119286 -7.071067811865475 -7.0710678118654755 -4.242640687119285 -8.242640687119284 -1.414213562373094 -7.071067811865475 -2.5 -9.0 2.5 -9.0 1.414213562373095 -7.0710678118654755 4.242640687119285 -8.242640687119284 7.0710678118654755 -7.071067811865475 8.242640687119284 -4.242640687119285 7.0710678118654755 -1.414213562373095 0.0 10.0
260.0 361.0 13 -7.0710678118654755 -1.414213562373095 -8.242640687119284 -4.242640687119286 -7.071067811865475 -7.0710678118654755 -4.242640687119285 -8.242640687119284 -1.414213562373094 -7.071067811865475 -2.5 -9.0 2.5 -9.0 1.414213562373095 -7.0710678118654755 4.242640687119285 -8.242640687119284 7.0710678118654755 -7.071067811865475 8.242640687119284 -4.242640687119285 7.0710678118654755 -1.414213562373095 0.0 10.0
70.0 105.0 13 -7.0710678118654755 -1.414213562373095 -8.242640687119284 -4.242640687119286 -7.071067811865475 -7.0710678118654755 -4.242640687119285 -8.242640687119284 -1.414213562373094 -7.071067811865475 -2.5 -9.0 2.5 -9.0 1.414213562373095 -7.0710678118654755 4.242640687119285 -8.242640687119284 7.0710678118654755 -7.071067811865475 8.242640687119284 -4.242640687119285 7.0710678118654755 -1.414213562373095 0.0 10.0
536.0 296.0 13 -7.0710678118654755 -1.414213562373095 -8.242640687119284 -4.242640687119286 -7.071067811865475 -7.0710678118654755 -4.242640687119285 -8.242640687119284 -1.414213562373094 -7.071067811865475 -2.5 -9.0 2.5 -9.0 1.414213562373095 -7.0710678118654755 4.242640687119285 -8.242640687119284 7.0710678118654755 -7.071067811865475 8.242640687119284 -4.242640687119285 7.0710678118654755 -1.414213562373095 0.0 10.0
596.0 173.0 13 -7.0710678118654755 -1.414213562373095 -8.242640687119284 -4.242640687119286 -7.071067811865475 -7.0710678118654755 -4.242640687119285 -8.242640687119284 -1.414213562373094 -7.071067811865475 -2.5 -9.0 2.5 -9.0 1.414213562373095 -7.0710678118654755 4.242640687119285 -8.242640687119284 7.0710678118654755 -7.071067811865475 8.242640687119284 -4.242640687119285 7.0710678118654755 -1.414213562373095 0.0 10.0
552.0 275.0 13 -7.0710678118654755 -1.414213562373095 -8.242640687119284 -4.242640687119286 -7.071067811865475 -7.0710678118654755 -4.242640687119285 -8.242640687119284 -1.414213562373094 -7.071067811865475 -2.5 -9.0 2.5 -9.0 1.414213562373095 -7.0710678118654755 4.242640687119285 -8.242640687119284 7.0710678118654755 -7.071067811865475 8.242640687119284 -4.242640687119285 7.0710678118654755 -1.414213562373095 0.0 10.0
49.0 69.0 13 -7.0710678118654755 -1.414213562373095 -8.242640687119284 -4.242640687119286 -7.071067811865475 -7.0710678118654755 -4.242640687119285 -8.242640687119284 -1.414213562373094 -7.071067811865475 -2.5 -9.0 2.5 -9.0 1.414213562373095 -7.0710678118654755 4.242640687119285 -8.242640687119284 7.0710678118654755 -7.071067811865475 8.242640687119284 -4.242640687119285 7.0710678118654755 -1.414213562373095 0.0 10.0
145.0 267.0 13 -7.0710678118654755 -1.414213562373095 -8.242640687119284 -4.242640687119286 -7.071067811865475 -7.0710678118654755 -4.242640687119285 -8.242640687119284 -1.414213562373094 -7.071067811865475 -2.5 -9.0 2.5 -9.0 1.414213562373095 -7.0710678118654755 4.242640687119285 -8.242640687119284 7.0710678118654755 -7.071067811865475 8.242640687119284 -4.242640687119285 7.0710678118654755 -1.414213562373095 0.0 10.0
476.0 360.0 13 -7.0710678118654755 -1.414213562373095 -8.242640687119284 -4.242640687119286 -7.071067811865475 -7.0710678118654755 -4.242640687119285 -8.242640687119284 -1.414213562373094 -7.071067811865475 -2.5 -9.0 2.5 -9.0 1.414213562373095 -7.0710678118654755 4.242640687119285 -8.242640687119284 7.0710678118654755 -7.071067811865475 8.242640687119284 -4.242640687119285 7.0710678118654755 -1.414213562373095 0.0 10.0
522.0 230.0 13 -7.0710678118654755 -1.414213562373095 -8.242640687119284 -4.242640687119286 -7.071067811865475 -7.0710678118654755 -4.242640687119285 -8.242640687119284 -1.414213562373094 -7.071067811865475 -2.5 -9.0 2.5 -9.0 1.414213562373095 -7.0710678118654755 4.242640687119285 -8.242640687119284 7.0710678118654755 -7.071067811865475 8.242640687119284 -4.242640687119285 7.0710678118654755 -1.414213562373095 0.0 10.0
242.0 270.0 13 -7.0710678118654755 -1.414213562373095 -8.242640687119284 -4.242640687119286 -7.071067811865475 -7.0710678118654755 -4.242640687119285 -8.242640687119284 -1.414213562373094 -7.071067811865475 -2.5 -9.0 2.5 -9.0 1.414213562373095 -7.0710678118654755 4.242640687119285 -8.242640687119284 7.0710678118654755 -7.071067811865475 8.242640687119284 -4.242640687119285 7.0710678118654755 -1.414213562373095 0.0 10.0
211.0 361.0 13 -7.0710678118654755 -1.414213562373095 -8.242640687119284 -4.242640687119286 -7.071067811865475 -7.0710678118654755 -4.242640687119285 -8.242640687119284 -1.414213562373094 -7.071067811865475 -2.5 -9.0 2.5 -9.0 1.414213562373095 -7.0710678118654755 4.242640687119285 -8.242640687119284 7.0710678118654755 -7.071067811865475 8.242640687119284 -4.242640687119285 7.0710678118654755 -1.414213562373095 0.0 10.0
691.0 215.0 13 -7.0710678118654755 -1.414213562373095 -8.242640687119284 -4.242640687119286 -7.071067811865475 -7.0710678118654755 -4.242640687119285 -8.242640687119284 -1.414213562373094 -7.071067811865475 -2.5 -9.0 2.5 -9.0 1.414213562373095 -7.0710678118654755 4.242640687119285 -8.242640687119284 7.0710678118654755 -7.071067811865475 8.242640687119284 -4.242640687119285 7.0710678118654755 -1.414213562373095 0.0 10.0
79.0 335.0 13 -7.0710678118654755 -1.414213562373095 -8.242640687119284 -4.242640687119286 -7.071067811865475 -7.0710678118654755 -4.242640687119285 -8.242640687119284 -1.414213562373094 -7.071067811865475 -2.5 -9.0 2.5 -9.0 1.414213562373095 -7.0710678118654755 4.242640687119285 -8.242640687119284 7.0710678118654755 -7.071067811865475 8.242640687119284 -4.242640687119285 7.0710678118654755 -1.414213562373095 0.0 10.0
288.0 370.0 13 -7.0710678118654755 -1.414213562373095 -8.242640687119284 -4.242640687119286 -7.071067811865475 -7.0710678118654755 -4.242640687119285 -8.242640687119284 -1.414213562373094 -7.071067811865475 -2.5 -9.0 2.5 -9.0 1.414213562373095 -7.0710678118654755 4.242640687119285 -8.242640687119284 7.0710678118654755 -7.071067811865475 8.242640687119284 -4.242640687119285 7.0710678118654755 -1.414213562373095 0.0 10.0
714.0 207.0 13 -7.0710678118654755 -1.414213562373095 -8.242640687119284 -4.242640687119286 -7.071067811865475 -7.0710678118654755 -4.242640687119285 -8.242640687119284 -1.414213562373094 -7.071067811865475 -2.5 -9.0 2.5 -9.0 1.414213562373095 -7.0710678118654755 4.242640687119285 -8.242640687119284 7.0710678118654755 -7.071067811865475 8.242640687119284 -4.242640687119285 7.0710678118654755 -1.414213562373095 0.0 10.0
270.0 379.0 13 -7.0710678118654755 -1.414213562373095 -8.242640687119284 -4.242640687119286 -7.071067811865475 -7.0710678118654755 -4.242640687119285 -8.242640687119284 -1.414213562373094 -7.071067811865475 -2.5 -9.0 2.5 -9.0 1.414213562373095 -7.0710678118654755 4.242640687119285 -8.242640687119284 7.0710678118654755 -7.071067811865475 8.242640687119284 -4.242640687119285 7.0710678118654755 -1.414213562373095 0.0 10.0
737.0 201.0 13 -7.0710678118654755 -1.414213562373095 -8.242640687119284 -4.242640687119286 -7.071067811865475 -7.0710678118654755 -4.242640687119285 -8.242640687119284 -1.414213562373094 -7.071067811865475 -2.5 -9.0 2.5 -9.0 1.414213562373095 -7.0710678118654755 4.242640687119285 -8.242640687119284 7.0710678118654755 -7.071067811865475 8.242640687119284 -4.242640687119285 7.0710678118654755 -1.414213562373095 0.0 10.0
243.0 497.0 13 -7.0710678118654755 -1.414213562373095 -8.242640687119284 -4.242640687119286 -7.071067811865475 -7.0710678118654755 -4.242640687119285 -8.242640687119284 -1.414213562373094 -7.071067811865475 -2.5 -9.0 2.5 -9.0 1.414213562373095 -7.0710678118654755 4.242640687119285 -8.242640687119284 7.0710678118654755 -7.071067811865475 8.242640687119284 -4.242640687119285 7.0710678118654755 -1.414213562373095 0.0 10.0
36.0 49.0 13 -7.0710678118654755 -1.414213562373095 -8.242640687119284 -4.242640687119286 -7.071067811865475 -7.0710678118654755 -4.242640687119285 -8.242640687119284 -1.414213562373094 -7.071067811865475 -2.5 -9.0 2.5 -9.0 1.414213562373095 -7.0710678118654755 4.242640687119285 -8.242640687119284 7.0710678118654755 -7.071067811865475 8.242640687119284 -4.242640687119285 7.0710678118654755 -1.414213562373095 0.0 10.0
537.0 372.0 13 -7.0710678118654755 -1.414213562373095 -8.242640687119284 -4.242640687119286 -7.071067811865475 -7.0710678118654755 -4.242640687119285 -8.242640687119284 -1.414213562373094 -7.071067811865475 -2.5 -9.0 2.5 -9.0 1.414213562373095 -7.0710678118654755 4.242640687119285 -8.242640687119284 7.0710678118654755 -7.071067811865475 8.242640687119284 -4.242640687119285 7.0710678118654755 -1.414213562373095 0.0 10.0
25.0 33.0 13 -7.0710678118654755 -1.414213562373095 -8.242640687119284 -4.242640687119286 -7.071067811865475 -7.0710678118654755 -4.242640687119285 -8.242640687119284 -1.414213562373094 -7.071067811865475 -2.5 -9.0 2.5 -9.0 1.414213562373095 -7.0710678118654755 4.242640687119285 -8.242640687119284 7.0710678118654755 -7.071067811865475 8.242640687119284 -4.242640687119285 7.0710678118654755 -1.414213562373095 0.0 10.0
713.0 374.0 13 -7.0710678118654755 -1.414213562373095 -8.242640687119284 -4.242640687119286 -7.071067811865475 -7.0710678118654755 -4.242640687119285 -8.242640687119284 -1.414213562373094 -7.071067811865475 -2.5 -9.0 2.5 -9.0 1.414213562373095 -7.0710678118654755 4.242640687119285 -8.242640687119284 7.0710678118654755 -7.071067811865475 8.242640687119284 -4.242640687119285 7.0710678118654755 -1.414213562373095 0.0 10.0
682.0 363.0 13 -7.0710678118654755 -1.414213562373095 -8.242640687119284 -4.242640687119286 -7.071067811865475 -7.0710678118654755 -4.242640687119285 -8.242640687119284 -1.414213562373094 -7.071067811865475 -2.5 -9.0 2.5 -9.0 1.414213562373095 -7.0710678118654755 4.242640687119285 -8.242640687119284 7.0710678118654755 -7.071067811865475 8.242640687119284 -4.242640687119285 7.0710678118654755 -1.414213562373095 0.0 10.0
160.0 220.0 13 -7.0710678118654755 -1.414213562373095 -8.242640687119284 -4.242640687119286 -7.071067811865475 -7.0710678118654755 -4.242640687119285 -8.242640687119284 -1.414213562373094 -7.071067811865475 -2.5 -9.0 2.5 -9.0 1.414213562373095 -7.0710678118654755 4.242640687119285 -8.242640687119284 7.0710678118654755 -7.071067811865475 8.242640687119284 -4.242640687119285 7.0710678118654755 -1.414213562373095 0.0 10.0
173.0 537.0 13 -7.0710678118654755 -1.414213562373095 -8.242640687119284 -4.242640687119286 -7.071067811865475 -7.0710678118654755 -4.242640687119285 -8.242640687119284 -1.414213562373094 -7.071067811865475 -2.5 -9.0 2.5 -9.0 1.414213562373095 -7.0710678118654755 4.242640687119285 -8.242640687119284 7.0710678118654755 -7.071067811865475 8.242640687119284 -4.242640687119285 7.0710678118654755 -1.414213562373095 0.0 10.0
80.0 314.0 13 -7.0710678118654755 -1.414213562373095 -8.242640687119284 -4.242640687119286 -7.071067811865475 -7.0710678118654755 -4.242640687119285 -8.242640687119284 -1.414213562373094 -7.071067811865475 -2.5 -9.0 2.5 -9.0 1.414213562373095 -7.0710678118654755 4.242640687119285 -8.242640687119284 7.0710678118654755 -7.071067811865475 8.242640687119284 -4.242640687119285 7.0710678118654755 -1.414213562373095 0.0 10.0
195.0 192.0 13 -7.0710678118654755 -1.414213562373095 -8.242640687119284 -4.242640687119286 -7.071067811865475 -7.0710678118654755 -4.242640687119285 -8.242640687119284 -1.414213562373094 -7.071067811865475 -2.5 -9.0 2.5 -9.0 1.414213562373095 -7.0710678118654755 4.242640687119285 -8.242640687119284 7.0710678118654755 -7.071067811865475 8.242640687119284 -4.242640687119285 7.0710678118654755 -1.414213562373095 0.0 10.0
116.0 179.0 13 -7.0710678118654755 -1.414213562373095 -8.242640687119284 -4.242640687119286 -7.071067811865475 -7.0710678118654755 -4.242640687119285 -8.242640687119284 -1.414213562373094 -7.071067811865475 -2.5 -9.0 2.5 -9.0 1.414213562373095 -7.0710678118654755 4.242640687119285 -8.242640687119284 7.0710678118654755 -7.071067811865475 8.242640687119284 -4.242640687119285 7.0710678118654755 -1.414213562373095 0.0 10.0
652.0 351.0 13 -7.0710678118654755 -1.414213562373095 -8.242640687119284 -4.242640687119286 -7.071067811865475 -7.0710678118654755 -4.242640687119285 -8.242640687119284 -1.414213562373094 -7.071067811865475 -2.5 -9.0 2.5 -9.0 1.414213562373095 -7.0710678118654755 4.242640687119285 -8.242640687119284 7.0710678118654755 -7.071067811865475 8.242640687119284 -4.242640687119285 7.0710678118654755 -1.414213562373095 0.0 10.0
624.0 129.0 13 -7.0710678118654755 -1.414213562373095 -8.242640687119284 -4.242640687119286 -7.071067811865475 -7.0710678118654755 -4.242640687119285 -8.242640687119284 -1.414213562373094 -7.071067811865475 -2.5 -9.0 2.5 -9.0 1.414213562373095 -7.0710678118654755 4.242640687119285 -8.242640687119284 7.0710678118654755 -7.071067811865475 8.242640687119284 -4.242640687119285 7.0710678118654755 -1.414213562373095 0.0 10.0
44.0 614.0 13 -7.0710678118654755 -1.414213562373095 -8.242640687119284 -4.242640687119286 -7.071067811865475 -7.0710678118654755 -4.242640687119285 -8.242640687119284 -1.414213562373094 -7.071067811865475 -2.5 -9.0 2.5 -9.0 1.414213562373095 -7.0710678118654755 4.242640687119285 -8.242640687119284 7.0710678118654755 -7.071067811865475 8.242640687119284 -4.242640687119285 7.0710678118654755 -1.414213562373095 0.0 10.0
251.0 269.0 13 -7.0710678118654755 -1.414213562373095 -8.242640687119284 -4.242640687119286 -7.071067811865475 -7.0710678118654755 -4.242640687119285 -8.242640687119284 -1.414213562373094 -7.071067811865475 -2.5 -9.0 2.5 -9.0 1.414213562373095 -7.0710678118654755 4.242640687119285 -8.242640687119284 7.0710678118654755 -7.071067811865475 8.242640687119284 -4.242640687119285 7.0710678118654755 -1.414213562373095 0.0 10.0
174.0 564.0 13 -7.0710678118654755 -1.414213562373095 -8.242640687119284 -4.242640687119286 -7.071067811865475 -7.0710678118654755 -4.242640687119285 -8.242640687119284 -1.414213562373094 -7.071067811865475 -2.5 -9.0 2.5 -9.0 1.414213562373095 -7.0710678118654755 4.242640687119285 -8.242640687119284 7.0710678118654755 -7.071067811865475 8.242640687119284 -4.242640687119285 7.0710678118654755 -1.414213562373095 0.0 10.0
158.0 43.0 13 -7.0710678118654755 -1.414213562373095 -8.242640687119284 -4.242640687119286 -7.071067811865475 -7.0710678118654755 -4.242640687119285 -8.242640687119284 -1.414213562373094 -7.071067811865475 -2.5 -9.0 2.5 -9.0 1.414213562373095 -7.0710678118654755 4.242640687119285 -8.242640687119284 7.0710678118654755 -7.071067811865475 8.242640687119284 -4.242640687119285 7.0710678118654755 -1.414213562373095 0.0 10.0
242.0 25.0 13 -7.0710678118654755 -1.414213562373095 -8.242640687119284 -4.242640687119286 -7.071067811865475 -7.0710678118654755 -4.242640687119285 -8.242640687119284 -1.414213562373094 -7.071067811865475 -2.5 -9.0 2.5 -9.0 1.414213562373095 -7.0710678118654755 4.242640687119285 -8.242640687119284 7.0710678118654755 -7.071067811865475 8.242640687119284 -4.242640687119285 7.0710678118654755 -1.414213562373095 0.0 10.0
39.0 151.0 13 -7.0710678118654755 -1.414213562373095 -8.242640687119284 -4.242640687119286 -7.071067811865475 -7.0710678118654755 -4.242640687119285 -8.242640687119284 -1.414213562373094 -7.071067811865475 -2.5 -9.0 2.5 -9.0 1.414213562373095 -7.0710678118654755 4.242640687119285 -8.242640687119284 7.0710678118654755 -7.071067811865475 8.242640687119284 -4.242640687119285 7.0710678118654755 -1.414213562373095 0.0 10.0
548.0 221.0 13 -7.0710678118654755 -1.414213562373095 -8.242640687119284 -4.242640687119286 -7.071067811865475 -7.0710678118654755 -4.242640687119285 -8.242640687119284 -1.414213562373094 -7.071067811865475 -2.5 -9.0 2.5 -9.0 1.414213562373095 -7.0710678118654755 4.242640687119285 -8.242640687119284 7.0710678118654755 -7.071067811865475 8.242640687119284 -4.242640687119285 7.0710678118654755 -1.414213562373095 0.0 10.0
138.0 281.0 13 -7.0710678118654755 -1.414213562373095 -8.242640687119284 -4.242640687119286 -7.071067811865475 -7.0710678118654755 -4.242640687119285 -8.242640687119284 -1.414213562373094 -7.071067811865475 -2.5 -9.0 2.5 -9.0 1.414213562373095 -7.0710678118654755 4.242640687119285 -8.242640687119284 7.0710678118654755 -7.071067811865475 8.242640687119284 -4.242640687119285 7.0710678118654755 -1.414213562373095 0.0 10.0
421.0 264.0 13 -7.0710678118654755 -1.414213562373095 -8.242640687119284 -4.242640687119286 -7.071067811865475 -7.0710678118654755 -4.242640687119285 -8.242640687119284 -1.414213562373094 -7.071067811865475 -2.5 -9.0 2.5 -9.0 1.414213562373095 -7.0710678118654755 4.242640687119285 -8.242640687119284 7.0710678118654755 -7.071067811865475 8.242640687119284 -4.242640687119285 7.0710678118654755 -1.414213562373095 0.0 10.0
217.0 281.0 13 -7.0710678118654755 -1.414213562373095 -8.242640687119284 -4.242640687119286 -7.071067811865475 -7.0710678118654755 -4.242640687119285 -8.242640687119284 -1.414213562373094 -7.071067811865475 -2.5 -9.0 2.5 -9.0 1.414213562373095 -7.0710678118654755 4.242640687119285 -8.242640687119284 7.0710678118654755 -7.071067811865475 8.242640687119284 -4.242640687119285 7.0710678118654755 -1.414213562373095 0.0 10.0
53.0 630.0 13 -7.0710678118654755 -1.414213562373095 -8.242640687119284 -4.242640687119286 -7.071067811865475 -7.0710678118654755 -4.242640687119285 -8.242640687119284 -1.414213562373094 -7.071067811865475 -2.5 -9.0 2.5 -9.0 1.414213562373095 -7.0710678118654755 4.242640687119285 -8.242640687119284 7.0710678118654755 -7.071067811865475 8.242640687119284 -4.242640687119285 7.0710678118654755 -1.414213562373095 0.0 10.0
