20
72.0 115.0 13 -7.0710678118654755 -1.414213562373095 -8.242640687119284 -4.242640687119286 -7.071067811865475 -7.0710678118654755 -4.242640687119285 -8.242640687119284 -1.414213562373094 -7.071067811865475 -2.5 -9.0 2.5 -9.0 1.414213562373095 -7.0710678118654755 4.242640687119285 -8.242640687119284 7.0710678118654755 -7.071067811865475 8.242640687119284 -4.242640687119285 7.0710678118654755 -1.414213562373095 0.0 10.0
89.0 148.0 13 -7.0710678118654755 -1.414213562373095 -8.242640687119284 -4.242640687119286 -7.071067811865475 -7.0710678118654755 -4.242640687119285 -8.242640687119284 -1.414213562373094 -7.071067811865475 -2.5 -9.0 2.5 -9.0 1.414213562373095 -7.0710678118654755 4.242640687119285 -8.242640687119284 7.0710678118654755 -7.071067811865475 8.242640687119284 -4.242640687119285 7.0710678118654755 -1.414213562373095 0.0 10.0
47.0 51.0 13 -7.0710678118654755 -1.414213562373095 -8.242640687119284 -4.242640687119286 -7.071067811865475 -7.0710678118654755 -4.242640687119285 -8.242640687119284 -1.414213562373094 -7.071067811865475 -2.5 -9.0 2.5 -9.0 1.414213562373095 -7.0710678118654755 4.242640687119285 -8.242640687119284 7.0710678118654755 -7.071067811865475 8.242640687119284 -4.242640687119285 7.0710678118654755 -1.414213562373095 0.0 10.0
137.0 104.0 13 -7.0710678118654755 -1.414213562373095 -8.242640687119284 -4.242640687119286 -7.071067811865475 -7.0710678118654755 -4.242640687119285 -8.242640687119284 -1.414213562373094 -7.071067811865475 -2.5 -9.0 2.5 -9.0 1.414213562373095 -7.0710678118654755 4.242640687119285 -8.242640687119284 7.0710678118654755 -7.071067811865475 8.242640687119284 -4.242640687119285 7.0710678118654755 -1.414213562373095 0.0 10.0
25.0 71.0 13 -7.0710678118654755 -1.414213562373095 -8.242640687119284 -4.242640687119286 -7.071067811865475 -7.0710678118654755 -4.242640687119285 -8.242640687119284 -1.414213562373094 -7.071067811865475 -2.5 -9.0 2.5 -9.0 1.414213562373095 -7.0710678118654755 4.242640687119285 -8.242640687119284 7.0710678118654755 -7.071067811865475 8.242640687119284 -4.242640687119285 7.0710678118654755 -1.414213562373095 0.0 10.0
54.0 84.0 13 -7.0710678118654755 -1.414213562373095 -8.242640687119284 -4.242640687119286 -7.071067811865475 -7.0710678118654755 -4.242640687119285 -8.242640687119284 -1.414213562373094 -7.071067811865475 -2.5 -9.0 2.5 -9.0 1.414213562373095 -7.0710678118654755 4.242640687119285 -8.242640687119284 7.0710678118654755 -7.071067811865475 8.242640687119284 -4.242640687119285 7.0710678118654755 -1.414213562373095 0.0 10.0
90.0 178.0 13 -7.0710678118654755 -1.414213562373095 -8.242640687119284 -4.242640687119286 -7.071067811865475 -7.0710678118654755 -4.242640687119285 -8.242640687119284 -1.414213562373094 -7.071067811865475 -2.5 -9.0 2.5 -9.0 1.414213562373095 -7.0710678118654755 4.242640687119285 -8.242640687119284 7.0710678118654755 -7.071067811865475 8.242640687119284 -4.242640687119285 7.0710678118654755 -1.414213562373095 0.0 10.0
119.0 168.0 13 -7.0710678118654755 -1.414213562373095 -8.242640687119284 -4.242640687119286 -7.071067811865475 -7.0710678118654755 -4.242640687119285 -8.242640687119284 -1.414213562373094 -7.071067811865475 -2.5 -9.0 2.5 -9.0 1.414213562373095 -7.0710678118654755 4.242640687119285 -8.242640687119284 7.0710678118654755 -7.071067811865475 8.242640687119284 -4.242640687119285 7.0710678118654755 -1.414213562373095 0.0 10.0
114.0 125.0 13 -7.0710678118654755 -1.414213562373095 -8.242640687119284 -4.242640687119286 -7.071067811865475 -7.0710678118654755 -4.242640687119285 -8.242640687119284 -1.414213562373094 -7.071067811865475 -2.5 -9.0 2.5 -9.0 1.414213562373095 -7.0710678118654755 4.242640687119285 -8.242640687119284 7.0710678118654755 -7.071067811865475 8.242640687119284 -4.242640687119285 7.0710678118654755 -1.414213562373095 0.0 10.0
59.0 142.0 13 -7.0710678118654755 -1.414213562373095 -8.242640687119284 -4.242640687119286 -7.071067811865475 -7.0710678118654755 -4.242640687119285 -8.242640687119284 -1.414213562373094 -7.071067811865475 -2.5 -9.0 2.5 -9.0 1.414213562373095 -7.0710678118654755 4.242640687119285 -8.242640687119284 7.0710678118654755 -7.071067811865475 8.242640687119284 -4.242640687119285 7.0710678118654755 -1.414213562373095 0.0 10.0
209.0 209.0 13 -7.0710678118654755 -1.414213562373095 -8.242640687119284 -4.242640687119286 -7.071067811865475 -7.0710678118654755 -4.242640687119285 -8.242640687119284 -1.414213562373094 -7.071067811865475 -2.5 -9.0 2.5 -9.0 1.414213562373095 -7.0710678118654755 4.242640687119285 -8.242640687119284 7.0710678118654755 -7.071067811865475 8.242640687119284 -4.242640687119285 7.0710678118654755 -1.414213562373095 0.0 10.0
181.0 196.0 13 -7.0710678118654755 -1.414213562373095 -8.242640687119284 -4.242640687119286 -7.071067811865475 -7.0710678118654755 -4.242640687119285 -8.242640687119284 -1.414213562373094 -7.071067811865475 -2.5 -9.0 2.5 -9.0 1.414213562373095 -7.0710678118654755 4.242640687119285 -8.242640687119284 7.0710678118654755 -7.071067811865475 8.242640687119284 -4.242640687119285 7.0710678118654755 -1.414213562373095 0.0 10.0
151.0 183.0 13 -7.0710678118654755 -1.414213562373095 -8.242640687119284 -4.242640687119286 -7.071067811865475 -7.0710678118654755 -4.242640687119285 -8.242640687119284 -1.414213562373094 -7.071067811865475 -2.5 -9.0 2.5 -9.0 1.414213562373095 -7.0710678118654755 4.242640687119285 -8.242640687119284 7.0710678118654755 -7.071067811865475 8.242640687119284 -4.242640687119285 7.0710678118654755 -1.414213562373095 0.0 10.0
249.0 244.0 13 -7.0710678118654755 -1.414213562373095 -8.242640687119284 -4.242640687119286 -7.071067811865475 -7.0710678118654755 -4.242640687119285 -8.242640687119284 -1.414213562373094 -7.071067811865475 -2.5 -9.0 2.5 -9.0 1.414213562373095 -7.0710678118654755 4.242640687119285 -8.242640687119284 7.0710678118654755 -7.071067811865475 8.242640687119284 -4.242640687119285 7.0710678118654755 -1.414213562373095 0.0 10.0
227.0 232.0 13 -7.0710678118654755 -1.414213562373095 -8.242640687119284 -4.242640687119286 -7.071067811865475 -7.0710678118654755 -4.242640687119285 -8.242640687119284 -1.414213562373094 -7.071067811865475 -2.5 -9.0 2.5 -9.0 1.414213562373095 -7.0710678118654755 4.242640687119285 -8.242640687119284 7.0710678118654755 -7.071067811865475 8.242640687119284 -4.242640687119285 7.0710678118654755 -1.414213562373095 0.0 10.0
32.0 231.0 13 -7.0710678118654755 -1.414213562373095 -8.242640687119284 -4.242640687119286 -7.071067811865475 -7.0710678118654755 -4.242640687119285 -8.242640687119284 -1.414213562373094 -7.071067811865475 -2.5 -9.0 2.5 -9.0 1.414213562373095 -7.0710678118654755 4.242640687119285 -8.242640687119284 7.0710678118654755 -7.071067811865475 8.242640687119284 -4.242640687119285 7.0710678118654755 -1.414213562373095 0.0 10.0
55.0 211.0 13 -7.0710678118654755 -1.414213562373095 -8.242640687119284 -4.242640687119286 -7.071067811865475 -7.0710678118654755 -4.242640687119285 -8.242640687119284 -1.414213562373094 -7.071067811865475 -2.5 -9.0 2.5 -9.0 1.414213562373095 -7.0710678118654755 4.242640687119285 -8.242640687119284 7.0710678118654755 -7.071067811865475 8.242640687119284 -4.242640687119285 7.0710678118654755 -1.414213562373095 0.0 10.0
72.0 180.0 13 -7.0710678118654755 -1.414213562373095 -8.242640687119284 -4.242640687119286 -7.071067811865475 -7.0710678118654755 -4.242640687119285 -8.242640687119284 -1.414213562373094 -7.071067811865475 -2.5 -9.0 2.5 -9.0 1.414213562373095 -7.0710678118654755 4.242640687119285 -8.242640687119284 7.0710678118654755 -7.071067811865475 8.242640687119284 -4.242640687119285 7.0710678118654755 -1.414213562373095 0.0 10.0
59.0 184.0 13 -7.0710678118654755 -1.414213562373095 -8.242640687119284 -4.242640687119286 -7.071067811865475 -7.0710678118654755 -4.242640687119285 -8.242640687119284 -1.414213562373094 -7.071067811865475 -2.5 -9.0 2.5 -9.0 1.414213562373095 -7.0710678118654755 4.242640687119285 -8.242640687119284 7.0710678118654755 -7.071067811865475 8.242640687119284 -4.242640687119285 7.0710678118654755 -1.414213562373095 0.0 10.0
33.0 25.0 13 -7.0710678118654755 -1.414213562373095 -8.242640687119284 -4.242640687119286 -7.071067811865475 -7.0710678118654755 -4.242640687119285 -8.242640687119284 -1.414213562373094 -7.071067811865475 -2.5 -9.0 2.5 -9.0 1.414213562373095 -7.0710678118654755 4.242640687119285 -8.242640687119284 7.0710678118654755 -7.071067811865475 8.242640687119284 -4.242640687119285 7.0710678118654755 -1.414213562373095 0.0 10.0
