100
104.0 66.0 15 4.330127018922194 2.500000000000001 4.330127018922193 7.5 6.123233995736766e-16 10.0 -4.330127018922194 7.5 -4.3301270189221945 2.5000000000000013 -8.29689372037837 0.5438071450436057 -9.159756150367537 -3.7940952255126 -6.243544180747646 -7.11939766255643 -1.830127018922198 -6.8301270189221945 -2.5 -9.0 2.5 -9.0 1.8301270189221897 -6.8301270189221945 6.243544180747637 -7.1193976625564375 9.159756150367533 -3.7940952255126055 8.296893720378367 0.5438071450436004
83.0 73.0 15 4.330127018922194 2.500000000000001 4.330127018922193 7.5 6.123233995736766e-16 10.0 -4.330127018922194 7.5 -4.3301270189221945 2.5000000000000013 -8.29689372037837 0.5438071450436057 -9.159756150367537 -3.7940952255126 -6.243544180747646 -7.11939766255643 -1.830127018922198 -6.8301270189221945 -2.5 -9.0 2.5 -9.0 1.8301270189221897 -6.8301270189221945 6.243544180747637 -7.1193976625564375 9.159756150367533 -3.7940952255126055 8.296893720378367 0.5438071450436004
84.0 55.0 15 4.330127018922194 2.500000000000001 4.330127018922193 7.5 6.123233995736766e-16 10.0 -4.330127018922194 7.5 -4.3301270189221945 2.5000000000000013 -8.29689372037837 0.5438071450436057 -9.159756150367537 -3.7940952255126 -6.243544180747646 -7.11939766255643 -1.830127018922198 -6.8301270189221945 -2.5 -9.0 2.5 -9.0 1.8301270189221897 -6.8301270189221945 6.243544180747637 -7.1193976625564375 9.159756150367533 -3.7940952255126055 8.296893720378367 0.5438071450436004
96.0 56.0 15 4.330127018922194 2.500000000000001 4.330127018922193 7.5 6.123233995736766e-16 10.0 -4.330127018922194 7.5 -4.3301270189221945 2.5000000000000013 -8.29689372037837 0.5438071450436057 -9.159756150367537 -3.7940952255126 -6.243544180747646 -7.11939766255643 -1.830127018922198 -6.8301270189221945 -2.5 -9.0 2.5 -9.0 1.8301270189221897 -6.8301270189221945 6.243544180747637 -7.1193976625564375 9.159756150367533 -3.7940952255126055 8.296893720378367 0.5438071450436004
67.0 83.0 15 4.330127018922194 2.500000000000001 4.330127018922193 7.5 6.123233995736766e-16 10.0 -4.330127018922194 7.5 -4.3301270189221945 2.5000000000000013 -8.29689372037837 0.5438071450436057 -9.159756150367537 -3.7940952255126 -6.243544180747646 -7.11939766255643 -1.830127018922198 -6.8301270189221945 -2.5 -9.0 2.5 -9.0 1.8301270189221897 -6.8301270189221945 6.243544180747637 -7.1193976625564375 9.159756150367533 -3.7940952255126055 8.296893720378367 0.5438071450436004
83.0 80.0 15 4.330127018922194 2.500000000000001 4.330127018922193 7.5 6.123233995736766e-16 10.0 -4.330127018922194 7.5 -4.3301270189221945 2.5000000000000013 -8.29689372037837 0.5438071450436057 -9.159756150367537 -3.7940952255126 -6.243544180747646 -7.11939766255643 -1.830127018922198 -6.8301270189221945 -2.5 -9.0 2.5 -9.0 1.8301270189221897 -6.8301270189221945 6.243544180747637 -7.1193976625564375 9.159756150367533 -3.7940952255126055 8.296893720378367 0.5438071450436004
73.0 88.0 15 4.330127018922194 2.500000000000001 4.330127018922193 7.5 6.123233995736766e-16 10.0 -4.330127018922194 7.5 -4.3301270189221945 2.5000000000000013 -8.29689372037837 0.5438071450436057 -9.159756150367537 -3.7940952255126 -6.243544180747646 -7.11939766255643 -1.830127018922198 -6.8301270189221945 -2.5 -9.0 2.5 -9.0 1.8301270189221897 -6.8301270189221945 6.243544180747637 -7.1193976625564375 9.159756150367533 -3.7940952255126055 8.296893720378367 0.5438071450436004
61.0 51.0 15 4.330127018922194 2.500000000000001 4.330127018922193 7.5 6.123233995736766e-16 10.0 -4.330127018922194 7.5 -4.3301270189221945 2.5000000000000013 -8.29689372037837 0.5438071450436057 -9.159756150367537 -3.7940952255126 -6.243544180747646 -7.11939766255643 -1.830127018922198 -6.8301270189221945 -2.5 -9.0 2.5 -9.0 1.8301270189221897 -6.8301270189221945 6.243544180747637 -7.1193976625564375 9.159756150367533 -3.7940952255126055 8.296893720378367 0.5438071450436004
97.0 52.0 15 4.330127018922194 2.500000000000001 4.330127018922193 7.5 6.123233995736766e-16 10.0 -4.330127018922194 7.5 -4.3301270189221945 2.5000000000000013 -8.29689372037837 0.5438071450436057 -9.159756150367537 -3.7940952255126 -6.243544180747646 -7.11939766255643 -1.830127018922198 -6.8301270189221945 -2.5 -9.0 2.5 -9.0 1.8301270189221897 -6.8301270189221945 6.243544180747637 -7.1193976625564375 9.159756150367533 -3.7940952255126055 8.296893720378367 0.5438071450436004
60.0 86.0 15 4.330127018922194 2.500000000000001 4.330127018922193 7.5 6.123233995736766e-16 10.0 -4.330127018922194 7.5 -4.3301270189221945 2.5000000000000013 -8.29689372037837 0.5438071450436057 -9.159756150367537 -3.7940952255126 -6.243544180747646 -7.11939766255643 -1.830127018922198 -6.8301270189221945 -2.5 -9.0 2.5 -9.0 1.8301270189221897 -6.8301270189221945 6.243544180747637 -7.1193976625564375 9.159756150367533 -3.7940952255126055 8.296893720378367 0.5438071450436004
80.0 63.0 15 4.330127018922194 2.500000000000001 4.330127018922193 7.5 6.123233995736766e-16 10.0 -4.330127018922194 7.5 -4.3301270189221945 2.5000000000000013 -8.29689372037837 0.5438071450436057 -9.159756150367537 -3.7940952255126 -6.243544180747646 -7.11939766255643 -1.830127018922198 -6.8301270189221945 -2.5 -9.0 2.5 -9.0 1.8301270189221897 -6.8301270189221945 6.243544180747637 -7.1193976625564375 9.159756150367533 -3.7940952255126055 8.296893720378367 0.5438071450436004
93.0 96.0 15 4.330127018922194 2.500000000000001 4.330127018922193 7.5 6.123233995736766e-16 10.0 -4.330127018922194 7.5 -4.3301270189221945 2.5000000000000013 -8.29689372037837 0.5438071450436057 -9.159756150367537 -3.7940952255126 -6.243544180747646 -7.11939766255643 -1.830127018922198 -6.8301270189221945 -2.5 -9.0 2.5 -9.0 1.8301270189221897 -6.8301270189221945 6.243544180747637 -7.1193976625564375 9.159756150367533 -3.7940952255126055 8.296893720378367 0.5438071450436004
90.0 50.0 15 4.330127018922194 2.500000000000001 4.330127018922193 7.5 6.123233995736766e-16 10.0 -4.330127018922194 7.5 -4.3301270189221945 2.5000000000000013 -8.29689372037837 0.5438071450436057 -9.159756150367537 -3.7940952255126 -6.243544180747646 -7.11939766255643 -1.830127018922198 -6.8301270189221945 -2.5 -9.0 2.5 -9.0 1.8301270189221897 -6.8301270189221945 6.243544180747637 -7.1193976625564375 9.159756150367533 -3.7940952255126055 8.296893720378367 0.5438071450436004
96.0 86.0 15 4.330127018922194 2.500000000000001 4.330127018922193 7.5 6.123233995736766e-16 10.0 -4.330127018922194 7.5 -4.3301270189221945 2.5000000000000013 -8.29689372037837 0.5438071450436057 -9.159756150367537 -3.7940952255126 -6.243544180747646 -7.11939766255643 -1.830127018922198 -6.8301270189221945 -2.5 -9.0 2.5 -9.0 1.8301270189221897 -6.8301270189221945 6.243544180747637 -7.1193976625564375 9.159756150367533 -3.7940952255126055 8.296893720378367 0.5438071450436004
102.0 90.0 15 4.330127018922194 2.500000000000001 4.330127018922193 7.5 6.123233995736766e-16 10.0 -4.330127018922194 7.5 -4.3301270189221945 2.5000000000000013 -8.29689372037837 0.5438071450436057 -9.159756150367537 -3.7940952255126 -6.243544180747646 -7.11939766255643 -1.830127018922198 -6.8301270189221945 -2.5 -9.0 2.5 -9.0 1.8301270189221897 -6.8301270189221945 6.243544180747637 -7.1193976625564375 9.159756150367533 -3.7940952255126055 8.296893720378367 0.5438071450436004
82.0 104.0 15 4.330127018922194 2.500000000000001 4.330127018922193 7.5 6.123233995736766e-16 10.0 -4.330127018922194 7.5 -4.3301270189221945 2.5000000000000013 -8.29689372037837 0.5438071450436057 -9.159756150367537 -3.7940952255126 -6.243544180747646 -7.11939766255643 -1.830127018922198 -6.8301270189221945 -2.5 -9.0 2.5 -9.0 1.8301270189221897 -6.8301270189221945 6.243544180747637 -7.1193976625564375 9.159756150367533 -3.7940952255126055 8.296893720378367 0.5438071450436004
66.0 88.0 15 4.330127018922194 2.500000000000001 4.330127018922193 7.5 6.123233995736766e-16 10.0 -4.330127018922194 7.5 -4.3301270189221945 2.5000000000000013 -8.29689372037837 0.5438071450436057 -9.159756150367537 -3.7940952255126 -6.243544180747646 -7.11939766255643 -1.830127018922198 -6.8301270189221945 -2.5 -9.0 2.5 -9.0 1.8301270189221897 -6.8301270189221945 6.243544180747637 -7.1193976625564375 9.159756150367533 -3.7940952255126055 8.296893720378367 0.5438071450436004
125.0 36.0 15 4.330127018922194 2.500000000000001 4.330127018922193 7.5 6.123233995736766e-16 10.0 -4.330127018922194 7.5 -4.3301270189221945 2.5000000000000013 -8.29689372037837 0.5438071450436057 -9.159756150367537 -3.7940952255126 -6.243544180747646 -7.11939766255643 -1.830127018922198 -6.8301270189221945 -2.5 -9.0 2.5 -9.0 1.8301270189221897 -6.8301270189221945 6.243544180747637 -7.1193976625564375 9.159756150367533 -3.7940952255126055 8.296893720378367 0.5438071450436004
56.0 80.0 15 4.330127018922194 2.500000000000001 4.330127018922193 7.5 6.123233995736766e-16 10.0 -4.330127018922194 7.5 -4.3301270189221945 2.5000000000000013 -8.29689372037837 0.5438071450436057 -9.159756150367537 -3.7940952255126 -6.243544180747646 -7.11939766255643 -1.830127018922198 -6.8301270189221945 -2.5 -9.0 2.5 -9.0 1.8301270189221897 -6.8301270189221945 6.243544180747637 -7.1193976625564375 9.159756150367533 -3.7940952255126055 8.296893720378367 0.5438071450436004
95.0 69.0 15 4.330127018922194 2.500000000000001 4.330127018922193 7.5 6.123233995736766e-16 10.0 -4.330127018922194 7.5 -4.3301270189221945 2.5000000000000013 -8.29689372037837 0.5438071450436057 -9.159756150367537 -3.7940952255126 -6.243544180747646 -7.11939766255643 -1.830127018922198 -6.8301270189221945 -2.5 -9.0 2.5 -9.0 1.8301270189221897 -6.8301270189221945 6.243544180747637 -7.1193976625564375 9.159756150367533 -3.7940952255126055 8.296893720378367 0.5438071450436004
71.0 46.0 15 4.330127018922194 2.500000000000001 4.330127018922193 7.5 6.123233995736766e-16 10.0 -4.330127018922194 7.5 -4.3301270189221945 2.5000000000000013 -8.29689372037837 0.5438071450436057 -9.159756150367537 -3.7940952255126 -6.243544180747646 -7.11939766255643 -1.830127018922198 -6.8301270189221945 -2.5 -9.0 2.5 -9.0 1.8301270189221897 -6.8301270189221945 6.243544180747637 -7.1193976625564375 9.159756150367533 -3.7940952255126055 8.296893720378367 0.5438071450436004
53.0 77.0 15 4.330127018922194 2.500000000000001 4.330127018922193 7.5 6.123233995736766e-16 10.0 -4.330127018922194 7.5 -4.3301270189221945 2.5000000000000013 -8.29689372037837 0.5438071450436057 -9.159756150367537 -3.7940952255126 -6.243544180747646 -7.11939766255643 -1.830127018922198 -6.8301270189221945 -2.5 -9.0 2.5 -9.0 1.8301270189221897 -6.8301270189221945 6.243544180747637 -7.1193976625564375 9.159756150367533 -3.7940952255126055 8.296893720378367 0.5438071450436004
90.0 100.0 15 4.330127018922194 2.500000000000001 4.330127018922193 7.5 6.123233995736766e-16 10.0 -4.330127018922194 7.5 -4.3301270189221945 2.5000000000000013 -8.29689372037837 0.5438071450436057 -9.159756150367537 -3.7940952255126 -6.243544180747646 -7.11939766255643 -1.830127018922198 -6.8301270189221945 -2.5 -9.0 2.5 -9.0 1.8301270189221897 -6.8301270189221945 6.243544180747637 -7.1193976625564375 9.159756150367533 -3.7940952255126055 8.296893720378367 0.5438071450436004
104.0 78.0 15 4.330127018922194 2.500000000000001 4.330127018922193 7.5 6.123233995736766e-16 10.0 -4.330127018922194 7.5 -4.3301270189221945 2.5000000000000013 -8.29689372037837 0.5438071450436057 -9.159756150367537 -3.7940952255126 -6.243544180747646 -7.11939766255643 -1.830127018922198 -6.8301270189221945 -2.5 -9.0 2.5 -9.0 1.8301270189221897 -6.8301270189221945 6.243544180747637 -7.1193976625564375 9.159756150367533 -3.7940952255126055 8.296893720378367 0.5438071450436004
78.0 58.0 15 4.330127018922194 2.500000000000001 4.330127018922193 7.5 6.123233995736766e-16 10.0 -4.330127018922194 7.5 -4.3301270189221945 2.5000000000000013 -8.29689372037837 0.5438071450436057 -9.159756150367537 -3.7940952255126 -6.243544180747646 -7.11939766255643 -1.830127018922198 -6.8301270189221945 -2.5 -9.0 2.5 -9.0 1.8301270189221897 -6.8301270189221945 6.243544180747637 -7.1193976625564375 9.159756150367533 -3.7940952255126055 8.296893720378367 0.5438071450436004
77.0 92.0 15 4.330127018922194 2.500000000000001 4.330127018922193 7.5 6.123233995736766e-16 10.0 -4.330127018922194 7.5 -4.3301270189221945 2.5000000000000013 -8.29689372037837 0.5438071450436057 -9.159756150367537 -3.7940952255126 -6.243544180747646 -7.11939766255643 -1.830127018922198 -6.8301270189221945 -2.5 -9.0 2.5 -9.0 1.8301270189221897 -6.8301270189221945 6.243544180747637 -7.1193976625564375 9.159756150367533 -3.7940952255126055 8.296893720378367 0.5438071450436004
70.0 71.0 15 4.330127018922194 2.500000000000001 4.330127018922193 7.5 6.123233995736766e-16 10.0 -4.330127018922194 7.5 -4.3301270189221945 2.5000000000000013 -8.29689372037837 0.5438071450436057 -9.159756150367537 -3.7940952255126 -6.243544180747646 -7.11939766255643 -1.830127018922198 -6.8301270189221945 -2.5 -9.0 2.5 -9.0 1.8301270189221897 -6.8301270189221945 6.243544180747637 -7.1193976625564375 9.159756150367533 -3.7940952255126055 8.296893720378367 0.5438071450436004
37.0 73.0 15 4.330127018922194 2.500000000000001 4.330127018922193 7.5 6.123233995736766e-16 10.0 -4.330127018922194 7.5 -4.3301270189221945 2.5000000000000013 -8.29689372037837 0.5438071450436057 -9.159756150367537 -3.7940952255126 -6.243544180747646 -7.11939766255643 -1.830127018922198 -6.8301270189221945 -2.5 -9.0 2.5 -9.0 1.8301270189221897 -6.8301270189221945 6.243544180747637 -7.1193976625564375 9.159756150367533 -3.7940952255126055 8.296893720378367 0.5438071450436004
82.0 68.0 15 4.330127018922194 2.500000000000001 4.330127018922193 7.5 6.123233995736766e-16 10.0 -4.330127018922194 7.5 -4.3301270189221945 2.5000000000000013 -8.29689372037837 0.5438071450436057 -9.159756150367537 -3.7940952255126 -6.243544180747646 -7.11939766255643 -1.830127018922198 -6.8301270189221945 -2.5 -9.0 2.5 -9.0 1.8301270189221897 -6.8301270189221945 6.243544180747637 -7.1193976625564375 9.159756150367533 -3.7940952255126055 8.296893720378367 0.5438071450436004
124.0 71.0 15 4.330127018922194 2.500000000000001 4.330127018922193 7.5 6.123233995736766e-16 10.0 -4.330127018922194 7.5 -4.3301270189221945 2.5000000000000013 -8.29689372037837 0.5438071450436057 -9.159756150367537 -3.7940952255126 -6.243544180747646 -7.11939766255643 -1.830127018922198 -6.8301270189221945 -2.5 -9.0 2.5 -9.0 1.8301270189221897 -6.8301270189221945 6.243544180747637 -7.1193976625564375 9.159756150367533 -3.7940952255126055 8.296893720378367 0.5438071450436004
95.0 64.0 15 4.330127018922194 2.500000000000001 4.330127018922193 7.5 6.123233995736766e-16 10.0 -4.330127018922194 7.5 -4.3301270189221945 2.5000000000000013 -8.29689372037837 0.5438071450436057 -9.159756150367537 -3.7940952255126 -6.243544180747646 -7.11939766255643 -1.830127018922198 -6.8301270189221945 -2.5 -9.0 2.5 -9.0 1.8301270189221897 -6.8301270189221945 6.243544180747637 -7.1193976625564375 9.159756150367533 -3.7940952255126055 8.296893720378367 0.5438071450436004
92.0 37.0 15 4.330127018922194 2.500000000000001 4.330127018922193 7.5 6.123233995736766e-16 10.0 -4.330127018922194 7.5 -4.3301270189221945 2.5000000000000013 -8.29689372037837 0.5438071450436057 -9.159756150367537 -3.7940952255126 -6.243544180747646 -7.11939766255643 -1.830127018922198 -6.8301270189221945 -2.5 -9.0 2.5 -9.0 1.8301270189221897 -6.8301270189221945 6.243544180747637 -7.1193976625564375 9.159756150367533 -3.7940952255126055 8.296893720378367 0.5438071450436004
53.0 113.0 15 4.330127018922194 2.500000000000001 4.330127018922193 7.5 6.123233995736766e-16 10.0 -4.330127018922194 7.5 -4.3301270189221945 2.5000000000000013 -8.29689372037837 0.5438071450436057 -9.159756150367537 -3.7940952255126 -6.243544180747646 -7.11939766255643 -1.830127018922198 -6.8301270189221945 -2.5 -9.0 2.5 -9.0 1.8301270189221897 -6.8301270189221945 6.243544180747637 -7.1193976625564375 9.159756150367533 -3.7940952255126055 8.296893720378367 0.5438071450436004
91.0 104.0 15 4.330127018922194 2.500000000000001 4.330127018922193 7.5 6.123233995736766e-16 10.0 -4.330127018922194 7.5 -4.3301270189221945 2.5000000000000013 -8.29689372037837 0.5438071450436057 -9.159756150367537 -3.7940952255126 -6.243544180747646 -7.11939766255643 -1.830127018922198 -6.8301270189221945 -2.5 -9.0 2.5 -9.0 1.8301270189221897 -6.8301270189221945 6.243544180747637 -7.1193976625564375 9.159756150367533 -3.7940952255126055 8.296893720378367 0.5438071450436004
104.0 39.0 15 4.330127018922194 2.500000000000001 4.330127018922193 7.5 6.123233995736766e-16 10.0 -4.330127018922194 7.5 -4.3301270189221945 2.5000000000000013 -8.29689372037837 0.5438071450436057 -9.159756150367537 -3.7940952255126 -6.243544180747646 -7.11939766255643 -1.830127018922198 -6.8301270189221945 -2.5 -9.0 2.5 -9.0 1.8301270189221897 -6.8301270189221945 6.243544180747637 -7.1193976625564375 9.159756150367533 -3.7940952255126055 8.296893720378367 0.5438071450436004
70.0 61.0 15 4.330127018922194 2.500000000000001 4.330127018922193 7.5 6.123233995736766e-16 10.0 -4.330127018922194 7.5 -4.3301270189221945 2.5000000000000013 -8.29689372037837 0.5438071450436057 -9.159756150367537 -3.7940952255126 -6.243544180747646 -7.11939766255643 -1.830127018922198 -6.8301270189221945 -2.5 -9.0 2.5 -9.0 1.8301270189221897 -6.8301270189221945 6.243544180747637 -7.1193976625564375 9.159756150367533 -3.7940952255126055 8.296893720378367 0.5438071450436004
123.0 116.0 15 4.330127018922194 2.500000000000001 4.330127018922193 7.5 6.123233995736766e-16 10.0 -4.330127018922194 7.5 -4.3301270189221945 2.5000000000000013 -8.29689372037837 0.5438071450436057 -9.159756150367537 -3.7940952255126 -6.243544180747646 -7.11939766255643 -1.830127018922198 -6.8301270189221945 -2.5 -9.0 2.5 -9.0 1.8301270189221897 -6.8301270189221945 6.243544180747637 -7.1193976625564375 9.159756150367533 -3.7940952255126055 8.296893720378367 0.5438071450436004
50.0 71.0 15 4.330127018922194 2.500000000000001 4.330127018922193 7.5 6.123233995736766e-16 10.0 -4.330127018922194 7.5 -4.3301270189221945 2.5000000000000013 -8.29689372037837 0.5438071450436057 -9.159756150367537 -3.7940952255126 -6.243544180747646 -7.11939766255643 -1.830127018922198 -6.8301270189221945 -2.5 -9.0 2.5 -9.0 1.8301270189221897 -6.8301270189221945 6.243544180747637 -7.1193976625564375 9.159756150367533 -3.7940952255126055 8.296893720378367 0.5438071450436004
93.0 109.0 15 4.330127018922194 2.500000000000001 4.330127018922193 7.5 6.123233995736766e-16 10.0 -4.330127018922194 7.5 -4.3301270189221945 2.5000000000000013 -8.29689372037837 0.5438071450436057 -9.159756150367537 -3.7940952255126 -6.243544180747646 -7.11939766255643 -1.830127018922198 -6.8301270189221945 -2.5 -9.0 2.5 -9.0 1.8301270189221897 -6.8301270189221945 6.243544180747637 -7.1193976625564375 9.159756150367533 -3.7940952255126055 8.296893720378367 0.5438071450436004
64.0 107.0 15 4.330127018922194 2.500000000000001 4.330127018922193 7.5 6.123233995736766e-16 10.0 -4.330127018922194 7.5 -4.3301270189221945 2.5000000000000013 -8.29689372037837 0.5438071450436057 -9.159756150367537 -3.7940952255126 -6.243544180747646 -7.11939766255643 -1.830127018922198 -6.8301270189221945 -2.5 -9.0 2.5 -9.0 1.8301270189221897 -6.8301270189221945 6.243544180747637 -7.1193976625564375 9.159756150367533 -3.7940952255126055 8.296893720378367 0.5438071450436004
35.0 53.0 15 4.330127018922194 2.500000000000001 4.330127018922193 7.5 6.123233995736766e-16 10.0 -4.330127018922194 7.5 -4.3301270189221945 2.5000000000000013 -8.29689372037837 0.5438071450436057 -9.159756150367537 -3.7940952255126 -6.243544180747646 -7.11939766255643 -1.830127018922198 -6.8301270189221945 -2.5 -9.0 2.5 -9.0 1.8301270189221897 -6.8301270189221945 6.243544180747637 -7.1193976625564375 9.159756150367533 -3.7940952255126055 8.296893720378367 0.5438071450436004
49.0 98.0 15 4.330127018922194 2.500000000000001 4.330127018922193 7.5 6.123233995736766e-16 10.0 -4.330127018922194 7.5 -4.3301270189221945 2.5000000000000013 -8.29689372037837 0.5438071450436057 -9.159756150367537 -3.7940952255126 -6.243544180747646 -7.11939766255643 -1.830127018922198 -6.8301270189221945 -2.5 -9.0 2.5 -9.0 1.8301270189221897 -6.8301270189221945 6.243544180747637 -7.1193976625564375 9.159756150367533 -3.7940952255126055 8.296893720378367 0.5438071450436004
84.0 36.0 15 4.330127018922194 2.500000000000001 4.330127018922193 7.5 6.123233995736766e-16 10.0 -4.330127018922194 7.5 -4.3301270189221945 2.5000000000000013 -8.29689372037837 0.5438071450436057 -9.159756150367537 -3.7940952255126 -6.243544180747646 -7.11939766255643 -1.830127018922198 -6.8301270189221945 -2.5 -9.0 2.5 -9.0 1.8301270189221897 -6.8301270189221945 6.243544180747637 -7.1193976625564375 9.159756150367533 -3.7940952255126055 8.296893720378367 0.5438071450436004
113.0 98.0 15 4.330127018922194 2.500000000000001 4.330127018922193 7.5 6.123233995736766e-16 10.0 -4.330127018922194 7.5 -4.3301270189221945 2.5000000000000013 -8.29689372037837 0.5438071450436057 -9.159756150367537 -3.7940952255126 -6.243544180747646 -7.11939766255643 -1.830127018922198 -6.8301270189221945 -2.5 -9.0 2.5 -9.0 1.8301270189221897 -6.8301270189221945 6.243544180747637 -7.1193976625564375 9.159756150367533 -3.7940952255126055 8.296893720378367 0.5438071450436004
76.0 106.0 15 4.330127018922194 2.500000000000001 4.330127018922193 7.5 6.123233995736766e-16 10.0 -4.330127018922194 7.5 -4.3301270189221945 2.5000000000000013 -8.29689372037837 0.5438071450436057 -9.159756150367537 -3.7940952255126 -6.243544180747646 -7.11939766255643 -1.830127018922198 -6.8301270189221945 -2.5 -9.0 2.5 -9.0 1.8301270189221897 -6.8301270189221945 6.243544180747637 -7.1193976625564375 9.159756150367533 -3.7940952255126055 8.296893720378367 0.5438071450436004
93.0 75.0 15 4.330127018922194 2.500000000000001 4.330127018922193 7.5 6.123233995736766e-16 10.0 -4.330127018922194 7.5 -4.3301270189221945 2.5000000000000013 -8.29689372037837 0.5438071450436057 -9.159756150367537 -3.7940952255126 -6.243544180747646 -7.11939766255643 -1.830127018922198 -6.8301270189221945 -2.5 -9.0 2.5 -9.0 1.8301270189221897 -6.8301270189221945 6.243544180747637 -7.1193976625564375 9.159756150367533 -3.7940952255126055 8.296893720378367 0.5438071450436004
123.0 98.0 15 4.330127018922194 2.500000000000001 4.330127018922193 7.5 6.123233995736766e-16 10.0 -4.330127018922194 7.5 -4.3301270189221945 2.5000000000000013 -8.29689372037837 0.5438071450436057 -9.159756150367537 -3.7940952255126 -6.243544180747646 -7.11939766255643 -1.830127018922198 -6.8301270189221945 -2.5 -9.0 2.5 -9.0 1.8301270189221897 -6.8301270189221945 6.243544180747637 -7.1193976625564375 9.159756150367533 -3.7940952255126055 8.296893720378367 0.5438071450436004
81.0 47.0 15 4.330127018922194 2.500000000000001 4.330127018922193 7.5 6.123233995736766e-16 10.0 -4.330127018922194 7.5 -4.3301270189221945 2.5000000000000013 -8.29689372037837 0.5438071450436057 -9.159756150367537 -3.7940952255126 -6.243544180747646 -7.11939766255643 -1.830127018922198 -6.8301270189221945 -2.5 -9.0 2.5 -9.0 1.8301270189221897 -6.8301270189221945 6.243544180747637 -7.1193976625564375 9.159756150367533 -3.7940952255126055 8.296893720378367 0.5438071450436004
66.0 98.0 15 4.330127018922194 2.500000000000001 4.330127018922193 7.5 6.123233995736766e-16 10.0 -4.330127018922194 7.5 -4.3301270189221945 2.5000000000000013 -8.29689372037837 0.5438071450436057 -9.159756150367537 -3.7940952255126 -6.243544180747646 -7.11939766255643 -1.830127018922198 -6.8301270189221945 -2.5 -9.0 2.5 -9.0 1.8301270189221897 -6.8301270189221945 6.243544180747637 -7.1193976625564375 9.159756150367533 -3.7940952255126055 8.296893720378367 0.5438071450436004
58.0 125.0 15 4.330127018922194 2.500000000000001 4.330127018922193 7.5 6.123233995736766e-16 10.0 -4.330127018922194 7.5 -4.3301270189221945 2.5000000000000013 -8.29689372037837 0.5438071450436057 -9.159756150367537 -3.7940952255126 -6.243544180747646 -7.11939766255643 -1.830127018922198 -6.8301270189221945 -2.5 -9.0 2.5 -9.0 1.8301270189221897 -6.8301270189221945 6.243544180747637 -7.1193976625564375 9.159756150367533 -3.7940952255126055 8.296893720378367 0.5438071450436004
117.0 42.0 15 4.330127018922194 2.500000000000001 4.330127018922193 7.5 6.123233995736766e-16 10.0 -4.330127018922194 7.5 -4.3301270189221945 2.5000000000000013 -8.29689372037837 0.5438071450436057 -9.159756150367537 -3.7940952255126 -6.243544180747646 -7.11939766255643 -1.830127018922198 -6.8301270189221945 -2.5 -9.0 2.5 -9.0 1.8301270189221897 -6.8301270189221945 6.243544180747637 -7.1193976625564375 9.159756150367533 -3.7940952255126055 8.296893720378367 0.5438071450436004
58.0 54.0 15 4.330127018922194 2.500000000000001 4.330127018922193 7.5 6.123233995736766e-16 10.0 -4.330127018922194 7.5 -4.3301270189221945 2.5000000000000013 -8.29689372037837 0.5438071450436057 -9.159756150367537 -3.7940952255126 -6.243544180747646 -7.11939766255643 -1.830127018922198 -6.8301270189221945 -2.5 -9.0 2.5 -9.0 1.8301270189221897 -6.8301270189221945 6.243544180747637 -7.1193976625564375 9.159756150367533 -3.7940952255126055 8.296893720378367 0.5438071450436004
49.0 79.0 15 4.330127018922194 2.500000000000001 4.330127018922193 7.5 6.123233995736766e-16 10.0 -4.330127018922194 7.5 -4.3301270189221945 2.5000000000000013 -8.29689372037837 0.5438071450436057 -9.159756150367537 -3.7940952255126 -6.243544180747646 -7.11939766255643 -1.830127018922198 -6.8301270189221945 -2.5 -9.0 2.5 -9.0 1.8301270189221897 -6.8301270189221945 6.243544180747637 -7.1193976625564375 9.159756150367533 -3.7940952255126055 8.296893720378367 0.5438071450436004
110.0 47.0 15 4.330127018922194 2.500000000000001 4.330127018922193 7.5 6.123233995736766e-16 10.0 -4.330127018922194 7.5 -4.3301270189221945 2.5000000000000013 -8.29689372037837 0.5438071450436057 -9.159756150367537 -3.7940952255126 -6.243544180747646 -7.11939766255643 -1.830127018922198 -6.8301270189221945 -2.5 -9.0 2.5 -9.0 1.8301270189221897 -6.8301270189221945 6.243544180747637 -7.1193976625564375 9.159756150367533 -3.7940952255126055 8.296893720378367 0.5438071450436004
68.0 120.0 15 4.330127018922194 2.500000000000001 4.330127018922193 7.5 6.123233995736766e-16 10.0 -4.330127018922194 7.5 -4.3301270189221945 2.5000000000000013 -8.29689372037837 0.5438071450436057 -9.159756150367537 -3.7940952255126 -6.243544180747646 -7.11939766255643 -1.830127018922198 -6.8301270189221945 -2.5 -9.0 2.5 -9.0 1.8301270189221897 -6.8301270189221945 6.243544180747637 -7.1193976625564375 9.159756150367533 -3.7940952255126055 8.296893720378367 0.5438071450436004
121.0 55.0 15 4.330127018922194 2.500000000000001 4.330127018922193 7.5 6.123233995736766e-16 10.0 -4.330127018922194 7.5 -4.3301270189221945 2.5000000000000013 -8.29689372037837 0.5438071450436057 -9.159756150367537 -3.7940952255126 -6.243544180747646 -7.11939766255643 -1.830127018922198 -6.8301270189221945 -2.5 -9.0 2.5 -9.0 1.8301270189221897 -6.8301270189221945 6.243544180747637 -7.1193976625564375 9.159756150367533 -3.7940952255126055 8.296893720378367 0.5438071450436004
87.0 25.0 15 4.330127018922194 2.500000000000001 4.330127018922193 7.5 6.123233995736766e-16 10.0 -4.330127018922194 7.5 -4.3301270189221945 2.5000000000000013 -8.29689372037837 0.5438071450436057 -9.159756150367537 -3.7940952255126 -6.243544180747646 -7.11939766255643 -1.830127018922198 -6.8301270189221945 -2.5 -9.0 2.5 -9.0 1.8301270189221897 -6.8301270189221945 6.243544180747637 -7.1193976625564375 9.159756150367533 -3.7940952255126055 8.296893720378367 0.5438071450436004
106.0 104.0 15 4.330127018922194 2.500000000000001 4.330127018922193 7.5 6.123233995736766e-16 10.0 -4.330127018922194 7.5 -4.3301270189221945 2.5000000000000013 -8.29689372037837 0.5438071450436057 -9.159756150367537 -3.7940952255126 -6.243544180747646 -7.11939766255643 -1.830127018922198 -6.8301270189221945 -2.5 -9.0 2.5 -9.0 1.8301270189221897 -6.8301270189221945 6.243544180747637 -7.1193976625564375 9.159756150367533 -3.7940952255126055 8.296893720378367 0.5438071450436004
50.0 43.0 15 4.330127018922194 2.500000000000001 4.330127018922193 7.5 6.123233995736766e-16 10.0 -4.330127018922194 7.5 -4.3301270189221945 2.5000000000000013 -8.29689372037837 0.5438071450436057 -9.159756150367537 -3.7940952255126 -6.243544180747646 -7.11939766255643 -1.830127018922198 -6.8301270189221945 -2.5 -9.0 2.5 -9.0 1.8301270189221897 -6.8301270189221945 6.243544180747637 -7.1193976625564375 9.159756150367533 -3.7940952255126055 8.296893720378367 0.5438071450436004
51.0 104.0 15 4.330127018922194 2.500000000000001 4.330127018922193 7.5 6.123233995736766e-16 10.0 -4.330127018922194 7.5 -4.3301270189221945 2.5000000000000013 -8.29689372037837 0.5438071450436057 -9.159756150367537 -3.7940952255126 -6.243544180747646 -7.11939766255643 -1.830127018922198 -6.8301270189221945 -2.5 -9.0 2.5 -9.0 1.8301270189221897 -6.8301270189221945 6.243544180747637 -7.1193976625564375 9.159756150367533 -3.7940952255126055 8.296893720378367 0.5438071450436004
36.0 64.0 15 4.330127018922194 2.500000000000001 4.330127018922193 7.5 6.123233995736766e-16 10.0 -4.330127018922194 7.5 -4.3301270189221945 2.5000000000000013 -8.29689372037837 0.5438071450436057 -9.159756150367537 -3.7940952255126 -6.243544180747646 -7.11939766255643 -1.830127018922198 -6.8301270189221945 -2.5 -9.0 2.5 -9.0 1.8301270189221897 -6.8301270189221945 6.243544180747637 -7.1193976625564375 9.159756150367533 -3.7940952255126055 8.296893720378367 0.5438071450436004
110.0 77.0 15 4.330127018922194 2.500000000000001 4.330127018922193 7.5 6.123233995736766e-16 10.0 -4.330127018922194 7.5 -4.3301270189221945 2.5000000000000013 -8.29689372037837 0.5438071450436057 -9.159756150367537 -3.7940952255126 -6.243544180747646 -7.11939766255643 -1.830127018922198 -6.8301270189221945 -2.5 -9.0 2.5 -9.0 1.8301270189221897 -6.8301270189221945 6.243544180747637 -7.1193976625564375 9.159756150367533 -3.7940952255126055 8.296893720378367 0.5438071450436004
79.0 119.0 15 4.330127018922194 2.500000000000001 4.330127018922193 7.5 6.123233995736766e-16 10.0 -4.330127018922194 7.5 -4.3301270189221945 2.5000000000000013 -8.29689372037837 0.5438071450436057 -9.159756150367537 -3.7940952255126 -6.243544180747646 -7.11939766255643 -1.830127018922198 -6.8301270189221945 -2.5 -9.0 2.5 -9.0 1.8301270189221897 -6.8301270189221945 6.243544180747637 -7.1193976625564375 9.159756150367533 -3.7940952255126055 8.296893720378367 0.5438071450436004
48.0 52.0 15 4.330127018922194 2.500000000000001 4.330127018922193 7.5 6.123233995736766e-16 10.0 -4.330127018922194 7.5 -4.3301270189221945 2.5000000000000013 -8.29689372037837 0.5438071450436057 -9.159756150367537 -3.7940952255126 -6.243544180747646 -7.11939766255643 -1.830127018922198 -6.8301270189221945 -2.5 -9.0 2.5 -9.0 1.8301270189221897 -6.8301270189221945 6.243544180747637 -7.1193976625564375 9.159756150367533 -3.7940952255126055 8.296893720378367 0.5438071450436004
80.0 87.0 15 4.330127018922194 2.500000000000001 4.330127018922193 7.5 6.123233995736766e-16 10.0 -4.330127018922194 7.5 -4.3301270189221945 2.5000000000000013 -8.29689372037837 0.5438071450436057 -9.159756150367537 -3.7940952255126 -6.243544180747646 -7.11939766255643 -1.830127018922198 -6.8301270189221945 -2.5 -9.0 2.5 -9.0 1.8301270189221897 -6.8301270189221945 6.243544180747637 -7.1193976625564375 9.159756150367533 -3.7940952255126055 8.296893720378367 0.5438071450436004
113.0 59.0 15 4.330127018922194 2.500000000000001 4.330127018922193 7.5 6.123233995736766e-16 10.0 -4.330127018922194 7.5 -4.3301270189221945 2.5000000000000013 -8.29689372037837 0.5438071450436057 -9.159756150367537 -3.7940952255126 -6.243544180747646 -7.11939766255643 -1.830127018922198 -6.8301270189221945 -2.5 -9.0 2.5 -9.0 1.8301270189221897 -6.8301270189221945 6.243544180747637 -7.1193976625564375 9.159756150367533 -3.7940952255126055 8.296893720378367 0.5438071450436004
112.0 34.0 15 4.330127018922194 2.500000000000001 4.330127018922193 7.5 6.123233995736766e-16 10.0 -4.330127018922194 7.5 -4.3301270189221945 2.5000000000000013 -8.29689372037837 0.5438071450436057 -9.159756150367537 -3.7940952255126 -6.243544180747646 -7.11939766255643 -1.830127018922198 -6.8301270189221945 -2.5 -9.0 2.5 -9.0 1.8301270189221897 -6.8301270189221945 6.243544180747637 -7.1193976625564375 9.159756150367533 -3.7940952255126055 8.296893720378367 0.5438071450436004
131.0 110.0 15 4.330127018922194 2.500000000000001 4.330127018922193 7.5 6.123233995736766e-16 10.0 -4.330127018922194 7.5 -4.3301270189221945 2.5000000000000013 -8.29689372037837 0.5438071450436057 -9.159756150367537 -3.7940952255126 -6.243544180747646 -7.11939766255643 -1.830127018922198 -6.8301270189221945 -2.5 -9.0 2.5 -9.0 1.8301270189221897 -6.8301270189221945 6.243544180747637 -7.1193976625564375 9.159756150367533 -3.7940952255126055 8.296893720378367 0.5438071450436004
67.0 36.0 15 4.330127018922194 2.500000000000001 4.330127018922193 7.5 6.123233995736766e-16 10.0 -4.330127018922194 7.5 -4.3301270189221945 2.5000000000000013 -8.29689372037837 0.5438071450436057 -9.159756150367537 -3.7940952255126 -6.243544180747646 -7.11939766255643 -1.830127018922198 -6.8301270189221945 -2.5 -9.0 2.5 -9.0 1.8301270189221897 -6.8301270189221945 6.243544180747637 -7.1193976625564375 9.159756150367533 -3.7940952255126055 8.296893720378367 0.5438071450436004
102.0 116.0 15 4.330127018922194 2.500000000000001 4.330127018922193 7.5 6.123233995736766e-16 10.0 -4.330127018922194 7.5 -4.3301270189221945 2.5000000000000013 -8.29689372037837 0.5438071450436057 -9.159756150367537 -3.7940952255126 -6.243544180747646 -7.11939766255643 -1.830127018922198 -6.8301270189221945 -2.5 -9.0 2.5 -9.0 1.8301270189221897 -6.8301270189221945 6.243544180747637 -7.1193976625564375 9.159756150367533 -3.7940952255126055 8.296893720378367 0.5438071450436004
56.0 100.0 15 4.330127018922194 2.500000000000001 4.330127018922193 7.5 6.123233995736766e-16 10.0 -4.330127018922194 7.5 -4.3301270189221945 2.5000000000000013 -8.29689372037837 0.5438071450436057 -9.159756150367537 -3.7940952255126 -6.243544180747646 -7.11939766255643 -1.830127018922198 -6.8301270189221945 -2.5 -9.0 2.5 -9.0 1.8301270189221897 -6.8301270189221945 6.243544180747637 -7.1193976625564375 9.159756150367533 -3.7940952255126055 8.296893720378367 0.5438071450436004
141.0 85.0 15 4.330127018922194 2.500000000000001 4.330127018922193 7.5 6.123233995736766e-16 10.0 -4.330127018922194 7.5 -4.3301270189221945 2.5000000000000013 -8.29689372037837 0.5438071450436057 -9.159756150367537 -3.7940952255126 -6.243544180747646 -7.11939766255643 -1.830127018922198 -6.8301270189221945 -2.5 -9.0 2.5 -9.0 1.8301270189221897 -6.8301270189221945 6.243544180747637 -7.1193976625564375 9.159756150367533 -3.7940952255126055 8.296893720378367 0.5438071450436004
124.0 25.0 15 4.330127018922194 2.500000000000001 4.330127018922193 7.5 6.123233995736766e-16 10.0 -4.330127018922194 7.5 -4.3301270189221945 2.5000000000000013 -8.29689372037837 0.5438071450436057 -9.159756150367537 -3.7940952255126 -6.243544180747646 -7.11939766255643 -1.830127018922198 -6.8301270189221945 -2.5 -9.0 2.5 -9.0 1.8301270189221897 -6.8301270189221945 6.243544180747637 -7.1193976625564375 9.159756150367533 -3.7940952255126055 8.296893720378367 0.5438071450436004
45.0 114.0 15 4.330127018922194 2.500000000000001 4.330127018922193 7.5 6.123233995736766e-16 10.0 -4.330127018922194 7.5 -4.3301270189221945 2.5000000000000013 -8.29689372037837 0.5438071450436057 -9.159756150367537 -3.7940952255126 -6.243544180747646 -7.11939766255643 -1.830127018922198 -6.8301270189221945 -2.5 -9.0 2.5 -9.0 1.8301270189221897 -6.8301270189221945 6.243544180747637 -7.1193976625564375 9.159756150367533 -3.7940952255126055 8.296893720378367 0.5438071450436004
25.0 74.0 15 4.330127018922194 2.500000000000001 4.330127018922193 7.5 6.123233995736766e-16 10.0 -4.330127018922194 7.5 -4.3301270189221945 2.5000000000000013 -8.29689372037837 0.5438071450436057 -9.159756150367537 -3.7940952255126 -6.243544180747646 -7.11939766255643 -1.830127018922198 -6.8301270189221945 -2.5 -9.0 2.5 -9.0 1.8301270189221897 -6.8301270189221945 6.243544180747637 -7.1193976625564375 9.159756150367533 -3.7940952255126055 8.296893720378367 0.5438071450436004
58.0 67.0 15 4.330127018922194 2.500000000000001 4.330127018922193 7.5 6.123233995736766e-16 10.0 -4.330127018922194 7.5 -4.3301270189221945 2.5000000000000013 -8.29689372037837 0.5438071450436057 -9.159756150367537 -3.7940952255126 -6.243544180747646 -7.11939766255643 -1.830127018922198 -6.8301270189221945 -2.5 -9.0 2.5 -9.0 1.8301270189221897 -6.8301270189221945 6.243544180747637 -7.1193976625564375 9.159756150367533 -3.7940952255126055 8.296893720378367 0.5438071450436004
65.0 136.0 15 4.330127018922194 2.500000000000001 4.330127018922193 7.5 6.123233995736766e-16 10.0 -4.330127018922194 7.5 -4.3301270189221945 2.5000000000000013 -8.29689372037837 0.5438071450436057 -9.159756150367537 -3.7940952255126 -6.243544180747646 -7.11939766255643 -1.830127018922198 -6.8301270189221945 -2.5 -9.0 2.5 -9.0 1.8301270189221897 -6.8301270189221945 6.243544180747637 -7.1193976625564375 9.159756150367533 -3.7940952255126055 8.296893720378367 0.5438071450436004
124.0 85.0 15 4.330127018922194 2.500000000000001 4.330127018922193 7.5 6.123233995736766e-16 10.0 -4.330127018922194 7.5 -4.3301270189221945 2.5000000000000013 -8.29689372037837 0.5438071450436057 -9.159756150367537 -3.7940952255126 -6.243544180747646 -7.11939766255643 -1.830127018922198 -6.8301270189221945 -2.5 -9.0 2.5 -9.0 1.8301270189221897 -6.8301270189221945 6.243544180747637 -7.1193976625564375 9.159756150367533 -3.7940952255126055 8.296893720378367 0.5438071450436004
118.0 121.0 15 4.330127018922194 2.500000000000001 4.330127018922193 7.5 6.123233995736766e-16 10.0 -4.330127018922194 7.5 -4.3301270189221945 2.5000000000000013 -8.29689372037837 0.5438071450436057 -9.159756150367537 -3.7940952255126 -6.243544180747646 -7.11939766255643 -1.830127018922198 -6.8301270189221945 -2.5 -9.0 2.5 -9.0 1.8301270189221897 -6.8301270189221945 6.243544180747637 -7.1193976625564375 9.159756150367533 -3.7940952255126055 8.296893720378367 0.5438071450436004
98.0 123.0 15 4.330127018922194 2.500000000000001 4.330127018922193 7.5 6.123233995736766e-16 10.0 -4.330127018922194 7.5 -4.3301270189221945 2.5000000000000013 -8.29689372037837 0.5438071450436057 -9.159756150367537 -3.7940952255126 -6.243544180747646 -7.11939766255643 -1.830127018922198 -6.8301270189221945 -2.5 -9.0 2.5 -9.0 1.8301270189221897 -6.8301270189221945 6.243544180747637 -7.1193976625564375 9.159756150367533 -3.7940952255126055 8.296893720378367 0.5438071450436004
123.0 48.0 15 4.330127018922194 2.500000000000001 4.330127018922193 7.5 6.123233995736766e-16 10.0 -4.330127018922194 7.5 -4.3301270189221945 2.5000000000000013 -8.29689372037837 0.5438071450436057 -9.159756150367537 -3.7940952255126 -6.243544180747646 -7.11939766255643 -1.830127018922198 -6.8301270189221945 -2.5 -9.0 2.5 -9.0 1.8301270189221897 -6.8301270189221945 6.243544180747637 -7.1193976625564375 9.159756150367533 -3.7940952255126055 8.296893720378367 0.5438071450436004
25.0 80.0 15 4.330127018922194 2.500000000000001 4.330127018922193 7.5 6.123233995736766e-16 10.0 -4.330127018922194 7.5 -4.3301270189221945 2.5000000000000013 -8.29689372037837 0.5438071450436057 -9.159756150367537 -3.7940952255126 -6.243544180747646 -7.11939766255643 -1.830127018922198 -6.8301270189221945 -2.5 -9.0 2.5 -9.0 1.8301270189221897 -6.8301270189221945 6.243544180747637 -7.1193976625564375 9.159756150367533 -3.7940952255126055 8.296893720378367 0.5438071450436004
78.0 33.0 15 4.330127018922194 2.500000000000001 4.330127018922193 7.5 6.123233995736766e-16 10.0 -4.330127018922194 7.5 -4.3301270189221945 2.5000000000000013 -8.29689372037837 0.5438071450436057 -9.159756150367537 -3.7940952255126 -6.243544180747646 -7.11939766255643 -1.830127018922198 -6.8301270189221945 -2.5 -9.0 2.5 -9.0 1.8301270189221897 -6.8301270189221945 6.243544180747637 -7.1193976625564375 9.159756150367533 -3.7940952255126055 8.296893720378367 0.5438071450436004
54.0 119.0 15 4.330127018922194 2.500000000000001 4.330127018922193 7.5 6.123233995736766e-16 10.0 -4.330127018922194 7.5 -4.3301270189221945 2.5000000000000013 -8.29689372037837 0.5438071450436057 -9.159756150367537 -3.7940952255126 -6.243544180747646 -7.11939766255643 -1.830127018922198 -6.8301270189221945 -2.5 -9.0 2.5 -9.0 1.8301270189221897 -6.8301270189221945 6.243544180747637 -7.1193976625564375 9.159756150367533 -3.7940952255126055 8.296893720378367 0.5438071450436004
108.0 88.0 15 4.330127018922194 2.500000000000001 4.330127018922193 7.5 6.123233995736766e-16 10.0 -4.330127018922194 7.5 -4.3301270189221945 2.5000000000000013 -8.29689372037837 0.5438071450436057 -9.159756150367537 -3.7940952255126 -6.243544180747646 -7.11939766255643 -1.830127018922198 -6.8301270189221945 -2.5 -9.0 2.5 -9.0 1.8301270189221897 -6.8301270189221945 6.243544180747637 -7.1193976625564375 9.159756150367533 -3.7940952255126055 8.296893720378367 0.5438071450436004
55.0 62.0 15 4.330127018922194 2.500000000000001 4.330127018922193 7.5 6.123233995736766e-16 10.0 -4.330127018922194 7.5 -4.3301270189221945 2.5000000000000013 -8.29689372037837 0.5438071450436057 -9.159756150367537 -3.7940952255126 -6.243544180747646 -7.11939766255643 -1.830127018922198 -6.8301270189221945 -2.5 -9.0 2.5 -9.0 1.8301270189221897 -6.8301270189221945 6.243544180747637 -7.1193976625564375 9.159756150367533 -3.7940952255126055 8.296893720378367 0.5438071450436004
110.0 114.0 15 4.330127018922194 2.500000000000001 4.330127018922193 7.5 6.123233995736766e-16 10.0 -4.330127018922194 7.5 -4.3301270189221945 2.5000000000000013 -8.29689372037837 0.5438071450436057 -9.159756150367537 -3.7940952255126 -6.243544180747646 -7.11939766255643 -1.830127018922198 -6.8301270189221945 -2.5 -9.0 2.5 -9.0 1.8301270189221897 -6.8301270189221945 6.243544180747637 -7.1193976625564375 9.159756150367533 -3.7940952255126055 8.296893720378367 0.5438071450436004
119.0 68.0 15 4.330127018922194 2.500000000000001 4.330127018922193 7.5 6.123233995736766e-16 10.0 -4.330127018922194 7.5 -4.3301270189221945 2.5000000000000013 -8.29689372037837 0.5438071450436057 -9.159756150367537 -3.7940952255126 -6.243544180747646 -7.11939766255643 -1.830127018922198 -6.8301270189221945 -2.5 -9.0 2.5 -9.0 1.8301270189221897 -6.8301270189221945 6.243544180747637 -7.1193976625564375 9.159756150367533 -3.7940952255126055 8.296893720378367 0.5438071450436004
128.0 39.0 15 4.330127018922194 2.500000000000001 4.330127018922193 7.5 6.123233995736766e-16 10.0 -4.330127018922194 7.5 -4.3301270189221945 2.5000000000000013 -8.29689372037837 0.5438071450436057 -9.159756150367537 -3.7940952255126 -6.243544180747646 -7.11939766255643 -1.830127018922198 -6.8301270189221945 -2.5 -9.0 2.5 -9.0 1.8301270189221897 -6.8301270189221945 6.243544180747637 -7.1193976625564375 9.159756150367533 -3.7940952255126055 8.296893720378367 0.5438071450436004
86.0 128.0 15 4.330127018922194 2.500000000000001 4.330127018922193 7.5 6.123233995736766e-16 10.0 -4.330127018922194 7.5 -4.3301270189221945 2.5000000000000013 -8.29689372037837 0.5438071450436057 -9.159756150367537 -3.7940952255126 -6.243544180747646 -7.11939766255643 -1.830127018922198 -6.8301270189221945 -2.5 -9.0 2.5 -9.0 1.8301270189221897 -6.8301270189221945 6.243544180747637 -7.1193976625564375 9.159756150367533 -3.7940952255126055 8.296893720378367 0.5438071450436004
72.0 131.0 15 4.330127018922194 2.500000000000001 4.330127018922193 7.5 6.123233995736766e-16 10.0 -4.330127018922194 7.5 -4.3301270189221945 2.5000000000000013 -8.29689372037837 0.5438071450436057 -9.159756150367537 -3.7940952255126 -6.243544180747646 -7.11939766255643 -1.830127018922198 -6.8301270189221945 -2.5 -9.0 2.5 -9.0 1.8301270189221897 -6.8301270189221945 6.243544180747637 -7.1193976625564375 9.159756150367533 -3.7940952255126055 8.296893720378367 0.5438071450436004
102.0 99.0 15 4.330127018922194 2.500000000000001 4.330127018922193 7.5 6.123233995736766e-16 10.0 -4.330127018922194 7.5 -4.3301270189221945 2.5000000000000013 -8.29689372037837 0.5438071450436057 -9.159756150367537 -3.7940952255126 -6.243544180747646 -7.11939766255643 -1.830127018922198 -6.8301270189221945 -2.5 -9.0 2.5 -9.0 1.8301270189221897 -6.8301270189221945 6.243544180747637 -7.1193976625564375 9.159756150367533 -3.7940952255126055 8.296893720378367 0.5438071450436004
51.0 29.0 15 4.330127018922194 2.500000000000001 4.330127018922193 7.5 6.123233995736766e-16 10.0 -4.330127018922194 7.5 -4.3301270189221945 2.5000000000000013 -8.29689372037837 0.5438071450436057 -9.159756150367537 -3.7940952255126 -6.243544180747646 -7.11939766255643 -1.830127018922198 -6.8301270189221945 -2.5 -9.0 2.5 -9.0 1.8301270189221897 -6.8301270189221945 6.243544180747637 -7.1193976625564375 9.159756150367533 -3.7940952255126055 8.296893720378367 0.5438071450436004
131.0 64.0 15 4.330127018922194 2.500000000000001 4.330127018922193 7.5 6.123233995736766e-16 10.0 -4.330127018922194 7.5 -4.3301270189221945 2.5000000000000013 -8.29689372037837 0.5438071450436057 -9.159756150367537 -3.7940952255126 -6.243544180747646 -7.11939766255643 -1.830127018922198 -6.8301270189221945 -2.5 -9.0 2.5 -9.0 1.8301270189221897 -6.8301270189221945 6.243544180747637 -7.1193976625564375 9.159756150367533 -3.7940952255126055 8.296893720378367 0.5438071450436004
115.0 134.0 15 4.330127018922194 2.500000000000001 4.330127018922193 7.5 6.123233995736766e-16 10.0 -4.330127018922194 7.5 -4.3301270189221945 2.5000000000000013 -8.29689372037837 0.5438071450436057 -9.159756150367537 -3.7940952255126 -6.243544180747646 -7.11939766255643 -1.830127018922198 -6.8301270189221945 -2.5 -9.0 2.5 -9.0 1.8301270189221897 -6.8301270189221945 6.243544180747637 -7.1193976625564375 9.159756150367533 -3.7940952255126055 8.296893720378367 0.5438071450436004
92.0 138.0 15 4.330127018922194 2.500000000000001 4.330127018922193 7.5 6.123233995736766e-16 10.0 -4.330127018922194 7.5 -4.3301270189221945 2.5000000000000013 -8.29689372037837 0.5438071450436057 -9.159756150367537 -3.7940952255126 -6.243544180747646 -7.11939766255643 -1.830127018922198 -6.8301270189221945 -2.5 -9.0 2.5 -9.0 1.8301270189221897 -6.8301270189221945 6.243544180747637 -7.1193976625564375 9.159756150367533 -3.7940952255126055 8.296893720378367 0.5438071450436004
135.0 74.0 15 4.330127018922194 2.500000000000001 4.330127018922193 7.5 6.123233995736766e-16 10.0 -4.330127018922194 7.5 -4.3301270189221945 2.5000000000000013 -8.29689372037837 0.5438071450436057 -9.159756150367537 -3.7940952255126 -6.243544180747646 -7.11939766255643 -1.830127018922198 -6.8301270189221945 -2.5 -9.0 2.5 -9.0 1.8301270189221897 -6.8301270189221945 6.243544180747637 -7.1193976625564375 9.159756150367533 -3.7940952255126055 8.296893720378367 0.5438071450436004
143.0 61.0 15 4.330127018922194 2.500000000000001 4.330127018922193 7.5 6.123233995736766e-16 10.0 -4.330127018922194 7.5 -4.3301270189221945 2.5000000000000013 -8.29689372037837 0.5438071450436057 -9.159756150367537 -3.7940952255126 -6.243544180747646 -7.11939766255643 -1.830127018922198 -6.8301270189221945 -2.5 -9.0 2.5 -9.0 1.8301270189221897 -6.8301270189221945 6.243544180747637 -7.1193976625564375 9.159756150367533 -3.7940952255126055 8.296893720378367 0.5438071450436004
115.0 83.0 15 4.330127018922194 2.500000000000001 4.330127018922193 7.5 6.123233995736766e-16 10.0 -4.330127018922194 7.5 -4.3301270189221945 2.5000000000000013 -8.29689372037837 0.5438071450436057 -9.159756150367537 -3.7940952255126 -6.243544180747646 -7.11939766255643 -1.830127018922198 -6.8301270189221945 -2.5 -9.0 2.5 -9.0 1.8301270189221897 -6.8301270189221945 6.243544180747637 -7.1193976625564375 9.159756150367533 -3.7940952255126055 8.296893720378367 0.5438071450436004
83.0 133.0 15 4.330127018922194 2.500000000000001 4.330127018922193 7.5 6.123233995736766e-16 10.0 -4.330127018922194 7.5 -4.3301270189221945 2.5000000000000013 -8.29689372037837 0.5438071450436057 -9.159756150367537 -3.7940952255126 -6.243544180747646 -7.11939766255643 -1.830127018922198 -6.8301270189221945 -2.5 -9.0 2.5 -9.0 1.8301270189221897 -6.8301270189221945 6.243544180747637 -7.1193976625564375 9.159756150367533 -3.7940952255126055 8.296893720378367 0.5438071450436004
