100
232.0 343.0 15 4.330127018922194 2.500000000000001 4.330127018922193 7.5 6.123233995736766e-16 10.0 -4.330127018922194 7.5 -4.3301270189221945 2.5000000000000013 -8.29689372037837 0.5438071450436057 -9.159756150367537 -3.7940952255126 -6.243544180747646 -7.11939766255643 -1.830127018922198 -6.8301270189221945 -2.5 -9.0 2.5 -9.0 1.8301270189221897 -6.8301270189221945 6.243544180747637 -7.1193976625564375 9.159756150367533 -3.7940952255126055 8.296893720378367 0.5438071450436004
284.0 315.0 15 4.330127018922194 2.500000000000001 4.330127018922193 7.5 6.123233995736766e-16 10.0 -4.330127018922194 7.5 -4.3301270189221945 2.5000000000000013 -8.29689372037837 0.5438071450436057 -9.159756150367537 -3.7940952255126 -6.243544180747646 -7.11939766255643 -1.830127018922198 -6.8301270189221945 -2.5 -9.0 2.5 -9.0 1.8301270189221897 -6.8301270189221945 6.243544180747637 -7.1193976625564375 9.159756150367533 -3.7940952255126055 8.296893720378367 0.5438071450436004
182.0 362.0 15 4.330127018922194 2.500000000000001 4.330127018922193 7.5 6.123233995736766e-16 10.0 -4.330127018922194 7.5 -4.3301270189221945 2.5000000000000013 -8.29689372037837 0.5438071450436057 -9.159756150367537 -3.7940952255126 -6.243544180747646 -7.11939766255643 -1.830127018922198 -6.8301270189221945 -2.5 -9.0 2.5 -9.0 1.8301270189221897 -6.8301270189221945 6.243544180747637 -7.1193976625564375 9.159756150367533 -3.7940952255126055 8.296893720378367 0.5438071450436004
247.0 287.0 15 4.330127018922194 2.500000000000001 4.330127018922193 7.5 6.123233995736766e-16 10.0 -4.330127018922194 7.5 -4.3301270189221945 2.5000000000000013 -8.29689372037837 0.5438071450436057 -9.159756150367537 -3.7940952255126 -6.243544180747646 -7.11939766255643 -1.830127018922198 -6.8301270189221945 -2.5 -9.0 2.5 -9.0 1.8301270189221897 -6.8301270189221945 6.243544180747637 -7.1193976625564375 9.159756150367533 -3.7940952255126055 8.296893720378367 0.5438071450436004
146.0 356.0 15 4.330127018922194 2.500000000000001 4.330127018922193 7.5 6.123233995736766e-16 10.0 -4.330127018922194 7.5 -4.3301270189221945 2.5000000000000013 -8.29689372037837 0.5438071450436057 -9.159756150367537 -3.7940952255126 -6.243544180747646 -7.11939766255643 -1.830127018922198 -6.8301270189221945 -2.5 -9.0 2.5 -9.0 1.8301270189221897 -6.8301270189221945 6.243544180747637 -7.1193976625564375 9.159756150367533 -3.7940952255126055 8.296893720378367 0.5438071450436004
237.0 258.0 15 4.330127018922194 2.500000000000001 4.330127018922193 7.5 6.123233995736766e-16 10.0 -4.330127018922194 7.5 -4.3301270189221945 2.5000000000000013 -8.29689372037837 0.5438071450436057 -9.159756150367537 -3.7940952255126 -6.243544180747646 -7.11939766255643 -1.830127018922198 -6.8301270189221945 -2.5 -9.0 2.5 -9.0 1.8301270189221897 -6.8301270189221945 6.243544180747637 -7.1193976625564375 9.159756150367533 -3.7940952255126055 8.296893720378367 0.5438071450436004
326.0 269.0 15 4.330127018922194 2.500000000000001 4.330127018922193 7.5 6.123233995736766e-16 10.0 -4.330127018922194 7.5 -4.3301270189221945 2.5000000000000013 -8.29689372037837 0.5438071450436057 -9.159756150367537 -3.7940952255126 -6.243544180747646 -7.11939766255643 -1.830127018922198 -6.8301270189221945 -2.5 -9.0 2.5 -9.0 1.8301270189221897 -6.8301270189221945 6.243544180747637 -7.1193976625564375 9.159756150367533 -3.7940952255126055 8.296893720378367 0.5438071450436004
161.0 396.0 15 4.330127018922194 2.500000000000001 4.330127018922193 7.5 6.123233995736766e-16 10.0 -4.330127018922194 7.5 -4.3301270189221945 2.5000000000000013 -8.29689372037837 0.5438071450436057 -9.159756150367537 -3.7940952255126 -6.243544180747646 -7.11939766255643 -1.830127018922198 -6.8301270189221945 -2.5 -9.0 2.5 -9.0 1.8301270189221897 -6.8301270189221945 6.243544180747637 -7.1193976625564375 9.159756150367533 -3.7940952255126055 8.296893720378367 0.5438071450436004
296.0 349.0 15 4.330127018922194 2.500000000000001 4.330127018922193 7.5 6.123233995736766e-16 10.0 -4.330127018922194 7.5 -4.3301270189221945 2.5000000000000013 -8.29689372037837 0.5438071450436057 -9.159756150367537 -3.7940952255126 -6.243544180747646 -7.11939766255643 -1.830127018922198 -6.8301270189221945 -2.5 -9.0 2.5 -9.0 1.8301270189221897 -6.8301270189221945 6.243544180747637 -7.1193976625564375 9.159756150367533 -3.7940952255126055 8.296893720378367 0.5438071450436004
359.0 222.0 15 4.330127018922194 2.500000000000001 4.330127018922193 7.5 6.123233995736766e-16 10.0 -4.330127018922194 7.5 -4.3301270189221945 2.5000000000000013 -8.29689372037837 0.5438071450436057 -9.159756150367537 -3.7940952255126 -6.243544180747646 -7.11939766255643 -1.830127018922198 -6.8301270189221945 -2.5 -9.0 2.5 -9.0 1.8301270189221897 -6.8301270189221945 6.243544180747637 -7.1193976625564375 9.159756150367533 -3.7940952255126055 8.296893720378367 0.5438071450436004
307.0 361.0 15 4.330127018922194 2.500000000000001 4.330127018922193 7.5 6.123233995736766e-16 10.0 -4.330127018922194 7.5 -4.3301270189221945 2.5000000000000013 -8.29689372037837 0.5438071450436057 -9.159756150367537 -3.7940952255126 -6.243544180747646 -7.11939766255643 -1.830127018922198 -6.8301270189221945 -2.5 -9.0 2.5 -9.0 1.8301270189221897 -6.8301270189221945 6.243544180747637 -7.1193976625564375 9.159756150367533 -3.7940952255126055 8.296893720378367 0.5438071450436004
219.0 278.0 15 4.330127018922194 2.500000000000001 4.330127018922193 7.5 6.123233995736766e-16 10.0 -4.330127018922194 7.5 -4.3301270189221945 2.5000000000000013 -8.29689372037837 0.5438071450436057 -9.159756150367537 -3.7940952255126 -6.243544180747646 -7.11939766255643 -1.830127018922198 -6.8301270189221945 -2.5 -9.0 2.5 -9.0 1.8301270189221897 -6.8301270189221945 6.243544180747637 -7.1193976625564375 9.159756150367533 -3.7940952255126055 8.296893720378367 0.5438071450436004
310.0 233.0 15 4.330127018922194 2.500000000000001 4.330127018922193 7.5 6.123233995736766e-16 10.0 -4.330127018922194 7.5 -4.3301270189221945 2.5000000000000013 -8.29689372037837 0.5438071450436057 -9.159756150367537 -3.7940952255126 -6.243544180747646 -7.11939766255643 -1.830127018922198 -6.8301270189221945 -2.5 -9.0 2.5 -9.0 1.8301270189221897 -6.8301270189221945 6.243544180747637 -7.1193976625564375 9.159756150367533 -3.7940952255126055 8.296893720378367 0.5438071450436004
295.0 201.0 15 4.330127018922194 2.500000000000001 4.330127018922193 7.5 6.123233995736766e-16 10.0 -4.330127018922194 7.5 -4.3301270189221945 2.5000000000000013 -8.29689372037837 0.5438071450436057 -9.159756150367537 -3.7940952255126 -6.243544180747646 -7.11939766255643 -1.830127018922198 -6.8301270189221945 -2.5 -9.0 2.5 -9.0 1.8301270189221897 -6.8301270189221945 6.243544180747637 -7.1193976625564375 9.159756150367533 -3.7940952255126055 8.296893720378367 0.5438071450436004
345.0 247.0 15 4.330127018922194 2.500000000000001 4.330127018922193 7.5 6.123233995736766e-16 10.0 -4.330127018922194 7.5 -4.3301270189221945 2.5000000000000013 -8.29689372037837 0.5438071450436057 -9.159756150367537 -3.7940952255126 -6.243544180747646 -7.11939766255643 -1.830127018922198 -6.8301270189221945 -2.5 -9.0 2.5 -9.0 1.8301270189221897 -6.8301270189221945 6.243544180747637 -7.1193976625564375 9.159756150367533 -3.7940952255126055 8.296893720378367 0.5438071450436004
369.0 279.0 15 4.330127018922194 2.500000000000001 4.330127018922193 7.5 6.123233995736766e-16 10.0 -4.330127018922194 7.5 -4.3301270189221945 2.5000000000000013 -8.29689372037837 0.5438071450436057 -9.159756150367537 -3.7940952255126 -6.243544180747646 -7.11939766255643 -1.830127018922198 -6.8301270189221945 -2.5 -9.0 2.5 -9.0 1.8301270189221897 -6.8301270189221945 6.243544180747637 -7.1193976625564375 9.159756150367533 -3.7940952255126055 8.296893720378367 0.5438071450436004
398.0 287.0 15 4.330127018922194 2.500000000000001 4.330127018922193 7.5 6.123233995736766e-16 10.0 -4.330127018922194 7.5 -4.3301270189221945 2.5000000000000013 -8.29689372037837 0.5438071450436057 -9.159756150367537 -3.7940952255126 -6.243544180747646 -7.11939766255643 -1.830127018922198 -6.8301270189221945 -2.5 -9.0 2.5 -9.0 1.8301270189221897 -6.8301270189221945 6.243544180747637 -7.1193976625564375 9.159756150367533 -3.7940952255126055 8.296893720378367 0.5438071450436004
367.0 177.0 15 4.330127018922194 2.500000000000001 4.330127018922193 7.5 6.123233995736766e-16 10.0 -4.330127018922194 7.5 -4.3301270189221945 2.5000000000000013 -8.29689372037837 0.5438071450436057 -9.159756150367537 -3.7940952255126 -6.243544180747646 -7.11939766255643 -1.830127018922198 -6.8301270189221945 -2.5 -9.0 2.5 -9.0 1.8301270189221897 -6.8301270189221945 6.243544180747637 -7.1193976625564375 9.159756150367533 -3.7940952255126055 8.296893720378367 0.5438071450436004
398.0 197.0 15 4.330127018922194 2.500000000000001 4.330127018922193 7.5 6.123233995736766e-16 10.0 -4.330127018922194 7.5 -4.3301270189221945 2.5000000000000013 -8.29689372037837 0.5438071450436057 -9.159756150367537 -3.7940952255126 -6.243544180747646 -7.11939766255643 -1.830127018922198 -6.8301270189221945 -2.5 -9.0 2.5 -9.0 1.8301270189221897 -6.8301270189221945 6.243544180747637 -7.1193976625564375 9.159756150367533 -3.7940952255126055 8.296893720378367 0.5438071450436004
148.0 424.0 15 4.330127018922194 2.500000000000001 4.330127018922193 7.5 6.123233995736766e-16 10.0 -4.330127018922194 7.5 -4.3301270189221945 2.5000000000000013 -8.29689372037837 0.5438071450436057 -9.159756150367537 -3.7940952255126 -6.243544180747646 -7.11939766255643 -1.830127018922198 -6.8301270189221945 -2.5 -9.0 2.5 -9.0 1.8301270189221897 -6.8301270189221945 6.243544180747637 -7.1193976625564375 9.159756150367533 -3.7940952255126055 8.296893720378367 0.5438071450436004
339.0 385.0 15 4.330127018922194 2.500000000000001 4.330127018922193 7.5 6.123233995736766e-16 10.0 -4.330127018922194 7.5 -4.3301270189221945 2.5000000000000013 -8.29689372037837 0.5438071450436057 -9.159756150367537 -3.7940952255126 -6.243544180747646 -7.11939766255643 -1.830127018922198 -6.8301270189221945 -2.5 -9.0 2.5 -9.0 1.8301270189221897 -6.8301270189221945 6.243544180747637 -7.1193976625564375 9.159756150367533 -3.7940952255126055 8.296893720378367 0.5438071450436004
141.0 376.0 15 4.330127018922194 2.500000000000001 4.330127018922193 7.5 6.123233995736766e-16 10.0 -4.330127018922194 7.5 -4.3301270189221945 2.5000000000000013 -8.29689372037837 0.5438071450436057 -9.159756150367537 -3.7940952255126 -6.243544180747646 -7.11939766255643 -1.830127018922198 -6.8301270189221945 -2.5 -9.0 2.5 -9.0 1.8301270189221897 -6.8301270189221945 6.243544180747637 -7.1193976625564375 9.159756150367533 -3.7940952255126055 8.296893720378367 0.5438071450436004
311.0 382.0 15 4.330127018922194 2.500000000000001 4.330127018922193 7.5 6.123233995736766e-16 10.0 -4.330127018922194 7.5 -4.3301270189221945 2.5000000000000013 -8.29689372037837 0.5438071450436057 -9.159756150367537 -3.7940952255126 -6.243544180747646 -7.11939766255643 -1.830127018922198 -6.8301270189221945 -2.5 -9.0 2.5 -9.0 1.8301270189221897 -6.8301270189221945 6.243544180747637 -7.1193976625564375 9.159756150367533 -3.7940952255126055 8.296893720378367 0.5438071450436004
376.0 136.0 15 4.330127018922194 2.500000000000001 4.330127018922193 7.5 6.123233995736766e-16 10.0 -4.330127018922194 7.5 -4.3301270189221945 2.5000000000000013 -8.29689372037837 0.5438071450436057 -9.159756150367537 -3.7940952255126 -6.243544180747646 -7.11939766255643 -1.830127018922198 -6.8301270189221945 -2.5 -9.0 2.5 -9.0 1.8301270189221897 -6.8301270189221945 6.243544180747637 -7.1193976625564375 9.159756150367533 -3.7940952255126055 8.296893720378367 0.5438071450436004
368.0 403.0 15 4.330127018922194 2.500000000000001 4.330127018922193 7.5 6.123233995736766e-16 10.0 -4.330127018922194 7.5 -4.3301270189221945 2.5000000000000013 -8.29689372037837 0.5438071450436057 -9.159756150367537 -3.7940952255126 -6.243544180747646 -7.11939766255643 -1.830127018922198 -6.8301270189221945 -2.5 -9.0 2.5 -9.0 1.8301270189221897 -6.8301270189221945 6.243544180747637 -7.1193976625564375 9.159756150367533 -3.7940952255126055 8.296893720378367 0.5438071450436004
321.0 404.0 15 4.330127018922194 2.500000000000001 4.330127018922193 7.5 6.123233995736766e-16 10.0 -4.330127018922194 7.5 -4.3301270189221945 2.5000000000000013 -8.29689372037837 0.5438071450436057 -9.159756150367537 -3.7940952255126 -6.243544180747646 -7.11939766255643 -1.830127018922198 -6.8301270189221945 -2.5 -9.0 2.5 -9.0 1.8301270189221897 -6.8301270189221945 6.243544180747637 -7.1193976625564375 9.159756150367533 -3.7940952255126055 8.296893720378367 0.5438071450436004
409.0 288.0 15 4.330127018922194 2.500000000000001 4.330127018922193 7.5 6.123233995736766e-16 10.0 -4.330127018922194 7.5 -4.3301270189221945 2.5000000000000013 -8.29689372037837 0.5438071450436057 -9.159756150367537 -3.7940952255126 -6.243544180747646 -7.11939766255643 -1.830127018922198 -6.8301270189221945 -2.5 -9.0 2.5 -9.0 1.8301270189221897 -6.8301270189221945 6.243544180747637 -7.1193976625564375 9.159756150367533 -3.7940952255126055 8.296893720378367 0.5438071450436004
417.0 168.0 15 4.330127018922194 2.500000000000001 4.330127018922193 7.5 6.123233995736766e-16 10.0 -4.330127018922194 7.5 -4.3301270189221945 2.5000000000000013 -8.29689372037837 0.5438071450436057 -9.159756150367537 -3.7940952255126 -6.243544180747646 -7.11939766255643 -1.830127018922198 -6.8301270189221945 -2.5 -9.0 2.5 -9.0 1.8301270189221897 -6.8301270189221945 6.243544180747637 -7.1193976625564375 9.159756150367533 -3.7940952255126055 8.296893720378367 0.5438071450436004
345.0 372.0 15 4.330127018922194 2.500000000000001 4.330127018922193 7.5 6.123233995736766e-16 10.0 -4.330127018922194 7.5 -4.3301270189221945 2.5000000000000013 -8.29689372037837 0.5438071450436057 -9.159756150367537 -3.7940952255126 -6.243544180747646 -7.11939766255643 -1.830127018922198 -6.8301270189221945 -2.5 -9.0 2.5 -9.0 1.8301270189221897 -6.8301270189221945 6.243544180747637 -7.1193976625564375 9.159756150367533 -3.7940952255126055 8.296893720378367 0.5438071450436004
429.0 144.0 15 4.330127018922194 2.500000000000001 4.330127018922193 7.5 6.123233995736766e-16 10.0 -4.330127018922194 7.5 -4.3301270189221945 2.5000000000000013 -8.29689372037837 0.5438071450436057 -9.159756150367537 -3.7940952255126 -6.243544180747646 -7.11939766255643 -1.830127018922198 -6.8301270189221945 -2.5 -9.0 2.5 -9.0 1.8301270189221897 -6.8301270189221945 6.243544180747637 -7.1193976625564375 9.159756150367533 -3.7940952255126055 8.296893720378367 0.5438071450436004
214.0 288.0 15 4.330127018922194 2.500000000000001 4.330127018922193 7.5 6.123233995736766e-16 10.0 -4.330127018922194 7.5 -4.3301270189221945 2.5000000000000013 -8.29689372037837 0.5438071450436057 -9.159756150367537 -3.7940952255126 -6.243544180747646 -7.11939766255643 -1.830127018922198 -6.8301270189221945 -2.5 -9.0 2.5 -9.0 1.8301270189221897 -6.8301270189221945 6.243544180747637 -7.1193976625564375 9.159756150367533 -3.7940952255126055 8.296893720378367 0.5438071450436004
381.0 201.0 15 4.330127018922194 2.500000000000001 4.330127018922193 7.5 6.123233995736766e-16 10.0 -4.330127018922194 7.5 -4.3301270189221945 2.5000000000000013 -8.29689372037837 0.5438071450436057 -9.159756150367537 -3.7940952255126 -6.243544180747646 -7.11939766255643 -1.830127018922198 -6.8301270189221945 -2.5 -9.0 2.5 -9.0 1.8301270189221897 -6.8301270189221945 6.243544180747637 -7.1193976625564375 9.159756150367533 -3.7940952255126055 8.296893720378367 0.5438071450436004
346.0 219.0 15 4.330127018922194 2.500000000000001 4.330127018922193 7.5 6.123233995736766e-16 10.0 -4.330127018922194 7.5 -4.3301270189221945 2.5000000000000013 -8.29689372037837 0.5438071450436057 -9.159756150367537 -3.7940952255126 -6.243544180747646 -7.11939766255643 -1.830127018922198 -6.8301270189221945 -2.5 -9.0 2.5 -9.0 1.8301270189221897 -6.8301270189221945 6.243544180747637 -7.1193976625564375 9.159756150367533 -3.7940952255126055 8.296893720378367 0.5438071450436004
435.0 182.0 15 4.330127018922194 2.500000000000001 4.330127018922193 7.5 6.123233995736766e-16 10.0 -4.330127018922194 7.5 -4.3301270189221945 2.5000000000000013 -8.29689372037837 0.5438071450436057 -9.159756150367537 -3.7940952255126 -6.243544180747646 -7.11939766255643 -1.830127018922198 -6.8301270189221945 -2.5 -9.0 2.5 -9.0 1.8301270189221897 -6.8301270189221945 6.243544180747637 -7.1193976625564375 9.159756150367533 -3.7940952255126055 8.296893720378367 0.5438071450436004
294.0 413.0 15 4.330127018922194 2.500000000000001 4.330127018922193 7.5 6.123233995736766e-16 10.0 -4.330127018922194 7.5 -4.3301270189221945 2.5000000000000013 -8.29689372037837 0.5438071450436057 -9.159756150367537 -3.7940952255126 -6.243544180747646 -7.11939766255643 -1.830127018922198 -6.8301270189221945 -2.5 -9.0 2.5 -9.0 1.8301270189221897 -6.8301270189221945 6.243544180747637 -7.1193976625564375 9.159756150367533 -3.7940952255126055 8.296893720378367 0.5438071450436004
333.0 441.0 15 4.330127018922194 2.500000000000001 4.330127018922193 7.5 6.123233995736766e-16 10.0 -4.330127018922194 7.5 -4.3301270189221945 2.5000000000000013 -8.29689372037837 0.5438071450436057 -9.159756150367537 -3.7940952255126 -6.243544180747646 -7.11939766255643 -1.830127018922198 -6.8301270189221945 -2.5 -9.0 2.5 -9.0 1.8301270189221897 -6.8301270189221945 6.243544180747637 -7.1193976625564375 9.159756150367533 -3.7940952255126055 8.296893720378367 0.5438071450436004
465.0 164.0 15 4.330127018922194 2.500000000000001 4.330127018922193 7.5 6.123233995736766e-16 10.0 -4.330127018922194 7.5 -4.3301270189221945 2.5000000000000013 -8.29689372037837 0.5438071450436057 -9.159756150367537 -3.7940952255126 -6.243544180747646 -7.11939766255643 -1.830127018922198 -6.8301270189221945 -2.5 -9.0 2.5 -9.0 1.8301270189221897 -6.8301270189221945 6.243544180747637 -7.1193976625564375 9.159756150367533 -3.7940952255126055 8.296893720378367 0.5438071450436004
307.0 175.0 15 4.330127018922194 2.500000000000001 4.330127018922193 7.5 6.123233995736766e-16 10.0 -4.330127018922194 7.5 -4.3301270189221945 2.5000000000000013 -8.29689372037837 0.5438071450436057 -9.159756150367537 -3.7940952255126 -6.243544180747646 -7.11939766255643 -1.830127018922198 -6.8301270189221945 -2.5 -9.0 2.5 -9.0 1.8301270189221897 -6.8301270189221945 6.243544180747637 -7.1193976625564375 9.159756150367533 -3.7940952255126055 8.296893720378367 0.5438071450436004
442.0 300.0 15 4.330127018922194 2.500000000000001 4.330127018922193 7.5 6.123233995736766e-16 10.0 -4.330127018922194 7.5 -4.3301270189221945 2.5000000000000013 -8.29689372037837 0.5438071450436057 -9.159756150367537 -3.7940952255126 -6.243544180747646 -7.11939766255643 -1.830127018922198 -6.8301270189221945 -2.5 -9.0 2.5 -9.0 1.8301270189221897 -6.8301270189221945 6.243544180747637 -7.1193976625564375 9.159756150367533 -3.7940952255126055 8.296893720378367 0.5438071450436004
272.0 183.0 15 4.330127018922194 2.500000000000001 4.330127018922193 7.5 6.123233995736766e-16 10.0 -4.330127018922194 7.5 -4.3301270189221945 2.5000000000000013 -8.29689372037837 0.5438071450436057 -9.159756150367537 -3.7940952255126 -6.243544180747646 -7.11939766255643 -1.830127018922198 -6.8301270189221945 -2.5 -9.0 2.5 -9.0 1.8301270189221897 -6.8301270189221945 6.243544180747637 -7.1193976625564375 9.159756150367533 -3.7940952255126055 8.296893720378367 0.5438071450436004
333.0 472.0 15 4.330127018922194 2.500000000000001 4.330127018922193 7.5 6.123233995736766e-16 10.0 -4.330127018922194 7.5 -4.3301270189221945 2.5000000000000013 -8.29689372037837 0.5438071450436057 -9.159756150367537 -3.7940952255126 -6.243544180747646 -7.11939766255643 -1.830127018922198 -6.8301270189221945 -2.5 -9.0 2.5 -9.0 1.8301270189221897 -6.8301270189221945 6.243544180747637 -7.1193976625564375 9.159756150367533 -3.7940952255126055 8.296893720378367 0.5438071450436004
189.0 279.0 15 4.330127018922194 2.500000000000001 4.330127018922193 7.5 6.123233995736766e-16 10.0 -4.330127018922194 7.5 -4.3301270189221945 2.5000000000000013 -8.29689372037837 0.5438071450436057 -9.159756150367537 -3.7940952255126 -6.243544180747646 -7.11939766255643 -1.830127018922198 -6.8301270189221945 -2.5 -9.0 2.5 -9.0 1.8301270189221897 -6.8301270189221945 6.243544180747637 -7.1193976625564375 9.159756150367533 -3.7940952255126055 8.296893720378367 0.5438071450436004
217.0 379.0 15 4.330127018922194 2.500000000000001 4.330127018922193 7.5 6.123233995736766e-16 10.0 -4.330127018922194 7.5 -4.3301270189221945 2.5000000000000013 -8.29689372037837 0.5438071450436057 -9.159756150367537 -3.7940952255126 -6.243544180747646 -7.11939766255643 -1.830127018922198 -6.8301270189221945 -2.5 -9.0 2.5 -9.0 1.8301270189221897 -6.8301270189221945 6.243544180747637 -7.1193976625564375 9.159756150367533 -3.7940952255126055 8.296893720378367 0.5438071450436004
215.0 264.0 15 4.330127018922194 2.500000000000001 4.330127018922193 7.5 6.123233995736766e-16 10.0 -4.330127018922194 7.5 -4.3301270189221945 2.5000000000000013 -8.29689372037837 0.5438071450436057 -9.159756150367537 -3.7940952255126 -6.243544180747646 -7.11939766255643 -1.830127018922198 -6.8301270189221945 -2.5 -9.0 2.5 -9.0 1.8301270189221897 -6.8301270189221945 6.243544180747637 -7.1193976625564375 9.159756150367533 -3.7940952255126055 8.296893720378367 0.5438071450436004
390.0 100.0 15 4.330127018922194 2.500000000000001 4.330127018922193 7.5 6.123233995736766e-16 10.0 -4.330127018922194 7.5 -4.3301270189221945 2.5000000000000013 -8.29689372037837 0.5438071450436057 -9.159756150367537 -3.7940952255126 -6.243544180747646 -7.11939766255643 -1.830127018922198 -6.8301270189221945 -2.5 -9.0 2.5 -9.0 1.8301270189221897 -6.8301270189221945 6.243544180747637 -7.1193976625564375 9.159756150367533 -3.7940952255126055 8.296893720378367 0.5438071450436004
205.0 412.0 15 4.330127018922194 2.500000000000001 4.330127018922193 7.5 6.123233995736766e-16 10.0 -4.330127018922194 7.5 -4.3301270189221945 2.5000000000000013 -8.29689372037837 0.5438071450436057 -9.159756150367537 -3.7940952255126 -6.243544180747646 -7.11939766255643 -1.830127018922198 -6.8301270189221945 -2.5 -9.0 2.5 -9.0 1.8301270189221897 -6.8301270189221945 6.243544180747637 -7.1193976625564375 9.159756150367533 -3.7940952255126055 8.296893720378367 0.5438071450436004
399.0 69.0 15 4.330127018922194 2.500000000000001 4.330127018922193 7.5 6.123233995736766e-16 10.0 -4.330127018922194 7.5 -4.3301270189221945 2.5000000000000013 -8.29689372037837 0.5438071450436057 -9.159756150367537 -3.7940952255126 -6.243544180747646 -7.11939766255643 -1.830127018922198 -6.8301270189221945 -2.5 -9.0 2.5 -9.0 1.8301270189221897 -6.8301270189221945 6.243544180747637 -7.1193976625564375 9.159756150367533 -3.7940952255126055 8.296893720378367 0.5438071450436004
283.0 442.0 15 4.330127018922194 2.500000000000001 4.330127018922193 7.5 6.123233995736766e-16 10.0 -4.330127018922194 7.5 -4.3301270189221945 2.5000000000000013 -8.29689372037837 0.5438071450436057 -9.159756150367537 -3.7940952255126 -6.243544180747646 -7.11939766255643 -1.830127018922198 -6.8301270189221945 -2.5 -9.0 2.5 -9.0 1.8301270189221897 -6.8301270189221945 6.243544180747637 -7.1193976625564375 9.159756150367533 -3.7940952255126055 8.296893720378367 0.5438071450436004
291.0 389.0 15 4.330127018922194 2.500000000000001 4.330127018922193 7.5 6.123233995736766e-16 10.0 -4.330127018922194 7.5 -4.3301270189221945 2.5000000000000013 -8.29689372037837 0.5438071450436057 -9.159756150367537 -3.7940952255126 -6.243544180747646 -7.11939766255643 -1.830127018922198 -6.8301270189221945 -2.5 -9.0 2.5 -9.0 1.8301270189221897 -6.8301270189221945 6.243544180747637 -7.1193976625564375 9.159756150367533 -3.7940952255126055 8.296893720378367 0.5438071450436004
104.0 385.0 15 4.330127018922194 2.500000000000001 4.330127018922193 7.5 6.123233995736766e-16 10.0 -4.330127018922194 7.5 -4.3301270189221945 2.5000000000000013 -8.29689372037837 0.5438071450436057 -9.159756150367537 -3.7940952255126 -6.243544180747646 -7.11939766255643 -1.830127018922198 -6.8301270189221945 -2.5 -9.0 2.5 -9.0 1.8301270189221897 -6.8301270189221945 6.243544180747637 -7.1193976625564375 9.159756150367533 -3.7940952255126055 8.296893720378367 0.5438071450436004
72.0 392.0 15 4.330127018922194 2.500000000000001 4.330127018922193 7.5 6.123233995736766e-16 10.0 -4.330127018922194 7.5 -4.3301270189221945 2.5000000000000013 -8.29689372037837 0.5438071450436057 -9.159756150367537 -3.7940952255126 -6.243544180747646 -7.11939766255643 -1.830127018922198 -6.8301270189221945 -2.5 -9.0 2.5 -9.0 1.8301270189221897 -6.8301270189221945 6.243544180747637 -7.1193976625564375 9.159756150367533 -3.7940952255126055 8.296893720378367 0.5438071450436004
184.0 252.0 15 4.330127018922194 2.500000000000001 4.330127018922193 7.5 6.123233995736766e-16 10.0 -4.330127018922194 7.5 -4.3301270189221945 2.5000000000000013 -8.29689372037837 0.5438071450436057 -9.159756150367537 -3.7940952255126 -6.243544180747646 -7.11939766255643 -1.830127018922198 -6.8301270189221945 -2.5 -9.0 2.5 -9.0 1.8301270189221897 -6.8301270189221945 6.243544180747637 -7.1193976625564375 9.159756150367533 -3.7940952255126055 8.296893720378367 0.5438071450436004
276.0 467.0 15 4.330127018922194 2.500000000000001 4.330127018922193 7.5 6.123233995736766e-16 10.0 -4.330127018922194 7.5 -4.3301270189221945 2.5000000000000013 -8.29689372037837 0.5438071450436057 -9.159756150367537 -3.7940952255126 -6.243544180747646 -7.11939766255643 -1.830127018922198 -6.8301270189221945 -2.5 -9.0 2.5 -9.0 1.8301270189221897 -6.8301270189221945 6.243544180747637 -7.1193976625564375 9.159756150367533 -3.7940952255126055 8.296893720378367 0.5438071450436004
117.0 356.0 15 4.330127018922194 2.500000000000001 4.330127018922193 7.5 6.123233995736766e-16 10.0 -4.330127018922194 7.5 -4.3301270189221945 2.5000000000000013 -8.29689372037837 0.5438071450436057 -9.159756150367537 -3.7940952255126 -6.243544180747646 -7.11939766255643 -1.830127018922198 -6.8301270189221945 -2.5 -9.0 2.5 -9.0 1.8301270189221897 -6.8301270189221945 6.243544180747637 -7.1193976625564375 9.159756150367533 -3.7940952255126055 8.296893720378367 0.5438071450436004
266.0 483.0 15 4.330127018922194 2.500000000000001 4.330127018922193 7.5 6.123233995736766e-16 10.0 -4.330127018922194 7.5 -4.3301270189221945 2.5000000000000013 -8.29689372037837 0.5438071450436057 -9.159756150367537 -3.7940952255126 -6.243544180747646 -7.11939766255643 -1.830127018922198 -6.8301270189221945 -2.5 -9.0 2.5 -9.0 1.8301270189221897 -6.8301270189221945 6.243544180747637 -7.1193976625564375 9.159756150367533 -3.7940952255126055 8.296893720378367 0.5438071450436004
374.0 370.0 15 4.330127018922194 2.500000000000001 4.330127018922193 7.5 6.123233995736766e-16 10.0 -4.330127018922194 7.5 -4.3301270189221945 2.5000000000000013 -8.29689372037837 0.5438071450436057 -9.159756150367537 -3.7940952255126 -6.243544180747646 -7.11939766255643 -1.830127018922198 -6.8301270189221945 -2.5 -9.0 2.5 -9.0 1.8301270189221897 -6.8301270189221945 6.243544180747637 -7.1193976625564375 9.159756150367533 -3.7940952255126055 8.296893720378367 0.5438071450436004
211.0 248.0 15 4.330127018922194 2.500000000000001 4.330127018922193 7.5 6.123233995736766e-16 10.0 -4.330127018922194 7.5 -4.3301270189221945 2.5000000000000013 -8.29689372037837 0.5438071450436057 -9.159756150367537 -3.7940952255126 -6.243544180747646 -7.11939766255643 -1.830127018922198 -6.8301270189221945 -2.5 -9.0 2.5 -9.0 1.8301270189221897 -6.8301270189221945 6.243544180747637 -7.1193976625564375 9.159756150367533 -3.7940952255126055 8.296893720378367 0.5438071450436004
471.0 313.0 15 4.330127018922194 2.500000000000001 4.330127018922193 7.5 6.123233995736766e-16 10.0 -4.330127018922194 7.5 -4.3301270189221945 2.5000000000000013 -8.29689372037837 0.5438071450436057 -9.159756150367537 -3.7940952255126 -6.243544180747646 -7.11939766255643 -1.830127018922198 -6.8301270189221945 -2.5 -9.0 2.5 -9.0 1.8301270189221897 -6.8301270189221945 6.243544180747637 -7.1193976625564375 9.159756150367533 -3.7940952255126055 8.296893720378367 0.5438071450436004
481.0 139.0 15 4.330127018922194 2.500000000000001 4.330127018922193 7.5 6.123233995736766e-16 10.0 -4.330127018922194 7.5 -4.3301270189221945 2.5000000000000013 -8.29689372037837 0.5438071450436057 -9.159756150367537 -3.7940952255126 -6.243544180747646 -7.11939766255643 -1.830127018922198 -6.8301270189221945 -2.5 -9.0 2.5 -9.0 1.8301270189221897 -6.8301270189221945 6.243544180747637 -7.1193976625564375 9.159756150367533 -3.7940952255126055 8.296893720378367 0.5438071450436004
493.0 315.0 15 4.330127018922194 2.500000000000001 4.330127018922193 7.5 6.123233995736766e-16 10.0 -4.330127018922194 7.5 -4.3301270189221945 2.5000000000000013 -8.29689372037837 0.5438071450436057 -9.159756150367537 -3.7940952255126 -6.243544180747646 -7.11939766255643 -1.830127018922198 -6.8301270189221945 -2.5 -9.0 2.5 -9.0 1.8301270189221897 -6.8301270189221945 6.243544180747637 -7.1193976625564375 9.159756150367533 -3.7940952255126055 8.296893720378367 0.5438071450436004
385.0 114.0 15 4.330127018922194 2.500000000000001 4.330127018922193 7.5 6.123233995736766e-16 10.0 -4.330127018922194 7.5 -4.3301270189221945 2.5000000000000013 -8.29689372037837 0.5438071450436057 -9.159756150367537 -3.7940952255126 -6.243544180747646 -7.11939766255643 -1.830127018922198 -6.8301270189221945 -2.5 -9.0 2.5 -9.0 1.8301270189221897 -6.8301270189221945 6.243544180747637 -7.1193976625564375 9.159756150367533 -3.7940952255126055 8.296893720378367 0.5438071450436004
440.0 128.0 15 4.330127018922194 2.500000000000001 4.330127018922193 7.5 6.123233995736766e-16 10.0 -4.330127018922194 7.5 -4.3301270189221945 2.5000000000000013 -8.29689372037837 0.5438071450436057 -9.159756150367537 -3.7940952255126 -6.243544180747646 -7.11939766255643 -1.830127018922198 -6.8301270189221945 -2.5 -9.0 2.5 -9.0 1.8301270189221897 -6.8301270189221945 6.243544180747637 -7.1193976625564375 9.159756150367533 -3.7940952255126055 8.296893720378367 0.5438071450436004
407.0 45.0 15 4.330127018922194 2.500000000000001 4.330127018922193 7.5 6.123233995736766e-16 10.0 -4.330127018922194 7.5 -4.3301270189221945 2.5000000000000013 -8.29689372037837 0.5438071450436057 -9.159756150367537 -3.7940952255126 -6.243544180747646 -7.11939766255643 -1.830127018922198 -6.8301270189221945 -2.5 -9.0 2.5 -9.0 1.8301270189221897 -6.8301270189221945 6.243544180747637 -7.1193976625564375 9.159756150367533 -3.7940952255126055 8.296893720378367 0.5438071450436004
51.0 413.0 15 4.330127018922194 2.500000000000001 4.330127018922193 7.5 6.123233995736766e-16 10.0 -4.330127018922194 7.5 -4.3301270189221945 2.5000000000000013 -8.29689372037837 0.5438071450436057 -9.159756150367537 -3.7940952255126 -6.243544180747646 -7.11939766255643 -1.830127018922198 -6.8301270189221945 -2.5 -9.0 2.5 -9.0 1.8301270189221897 -6.8301270189221945 6.243544180747637 -7.1193976625564375 9.159756150367533 -3.7940952255126055 8.296893720378367 0.5438071450436004
358.0 451.0 15 4.330127018922194 2.500000000000001 4.330127018922193 7.5 6.123233995736766e-16 10.0 -4.330127018922194 7.5 -4.3301270189221945 2.5000000000000013 -8.29689372037837 0.5438071450436057 -9.159756150367537 -3.7940952255126 -6.243544180747646 -7.11939766255643 -1.830127018922198 -6.8301270189221945 -2.5 -9.0 2.5 -9.0 1.8301270189221897 -6.8301270189221945 6.243544180747637 -7.1193976625564375 9.159756150367533 -3.7940952255126055 8.296893720378367 0.5438071450436004
335.0 364.0 15 4.330127018922194 2.500000000000001 4.330127018922193 7.5 6.123233995736766e-16 10.0 -4.330127018922194 7.5 -4.3301270189221945 2.5000000000000013 -8.29689372037837 0.5438071450436057 -9.159756150367537 -3.7940952255126 -6.243544180747646 -7.11939766255643 -1.830127018922198 -6.8301270189221945 -2.5 -9.0 2.5 -9.0 1.8301270189221897 -6.8301270189221945 6.243544180747637 -7.1193976625564375 9.159756150367533 -3.7940952255126055 8.296893720378367 0.5438071450436004
118.0 348.0 15 4.330127018922194 2.500000000000001 4.330127018922193 7.5 6.123233995736766e-16 10.0 -4.330127018922194 7.5 -4.3301270189221945 2.5000000000000013 -8.29689372037837 0.5438071450436057 -9.159756150367537 -3.7940952255126 -6.243544180747646 -7.11939766255643 -1.830127018922198 -6.8301270189221945 -2.5 -9.0 2.5 -9.0 1.8301270189221897 -6.8301270189221945 6.243544180747637 -7.1193976625564375 9.159756150367533 -3.7940952255126055 8.296893720378367 0.5438071450436004
387.0 415.0 15 4.330127018922194 2.500000000000001 4.330127018922193 7.5 6.123233995736766e-16 10.0 -4.330127018922194 7.5 -4.3301270189221945 2.5000000000000013 -8.29689372037837 0.5438071450436057 -9.159756150367537 -3.7940952255126 -6.243544180747646 -7.11939766255643 -1.830127018922198 -6.8301270189221945 -2.5 -9.0 2.5 -9.0 1.8301270189221897 -6.8301270189221945 6.243544180747637 -7.1193976625564375 9.159756150367533 -3.7940952255126055 8.296893720378367 0.5438071450436004
491.0 176.0 15 4.330127018922194 2.500000000000001 4.330127018922193 7.5 6.123233995736766e-16 10.0 -4.330127018922194 7.5 -4.3301270189221945 2.5000000000000013 -8.29689372037837 0.5438071450436057 -9.159756150367537 -3.7940952255126 -6.243544180747646 -7.11939766255643 -1.830127018922198 -6.8301270189221945 -2.5 -9.0 2.5 -9.0 1.8301270189221897 -6.8301270189221945 6.243544180747637 -7.1193976625564375 9.159756150367533 -3.7940952255126055 8.296893720378367 0.5438071450436004
369.0 393.0 15 4.330127018922194 2.500000000000001 4.330127018922193 7.5 6.123233995736766e-16 10.0 -4.330127018922194 7.5 -4.3301270189221945 2.5000000000000013 -8.29689372037837 0.5438071450436057 -9.159756150367537 -3.7940952255126 -6.243544180747646 -7.11939766255643 -1.830127018922198 -6.8301270189221945 -2.5 -9.0 2.5 -9.0 1.8301270189221897 -6.8301270189221945 6.243544180747637 -7.1193976625564375 9.159756150367533 -3.7940952255126055 8.296893720378367 0.5438071450436004
258.0 308.0 15 4.330127018922194 2.500000000000001 4.330127018922193 7.5 6.123233995736766e-16 10.0 -4.330127018922194 7.5 -4.3301270189221945 2.5000000000000013 -8.29689372037837 0.5438071450436057 -9.159756150367537 -3.7940952255126 -6.243544180747646 -7.11939766255643 -1.830127018922198 -6.8301270189221945 -2.5 -9.0 2.5 -9.0 1.8301270189221897 -6.8301270189221945 6.243544180747637 -7.1193976625564375 9.159756150367533 -3.7940952255126055 8.296893720378367 0.5438071450436004
141.0 413.0 15 4.330127018922194 2.500000000000001 4.330127018922193 7.5 6.123233995736766e-16 10.0 -4.330127018922194 7.5 -4.3301270189221945 2.5000000000000013 -8.29689372037837 0.5438071450436057 -9.159756150367537 -3.7940952255126 -6.243544180747646 -7.11939766255643 -1.830127018922198 -6.8301270189221945 -2.5 -9.0 2.5 -9.0 1.8301270189221897 -6.8301270189221945 6.243544180747637 -7.1193976625564375 9.159756150367533 -3.7940952255126055 8.296893720378367 0.5438071450436004
348.0 419.0 15 4.330127018922194 2.500000000000001 4.330127018922193 7.5 6.123233995736766e-16 10.0 -4.330127018922194 7.5 -4.3301270189221945 2.5000000000000013 -8.29689372037837 0.5438071450436057 -9.159756150367537 -3.7940952255126 -6.243544180747646 -7.11939766255643 -1.830127018922198 -6.8301270189221945 -2.5 -9.0 2.5 -9.0 1.8301270189221897 -6.8301270189221945 6.243544180747637 -7.1193976625564375 9.159756150367533 -3.7940952255126055 8.296893720378367 0.5438071450436004
119.0 364.0 15 4.330127018922194 2.500000000000001 4.330127018922193 7.5 6.123233995736766e-16 10.0 -4.330127018922194 7.5 -4.3301270189221945 2.5000000000000013 -8.29689372037837 0.5438071450436057 -9.159756150367537 -3.7940952255126 -6.243544180747646 -7.11939766255643 -1.830127018922198 -6.8301270189221945 -2.5 -9.0 2.5 -9.0 1.8301270189221897 -6.8301270189221945 6.243544180747637 -7.1193976625564375 9.159756150367533 -3.7940952255126055 8.296893720378367 0.5438071450436004
372.0 256.0 15 4.330127018922194 2.500000000000001 4.330127018922193 7.5 6.123233995736766e-16 10.0 -4.330127018922194 7.5 -4.3301270189221945 2.5000000000000013 -8.29689372037837 0.5438071450436057 -9.159756150367537 -3.7940952255126 -6.243544180747646 -7.11939766255643 -1.830127018922198 -6.8301270189221945 -2.5 -9.0 2.5 -9.0 1.8301270189221897 -6.8301270189221945 6.243544180747637 -7.1193976625564375 9.159756150367533 -3.7940952255126055 8.296893720378367 0.5438071450436004
463.0 306.0 15 4.330127018922194 2.500000000000001 4.330127018922193 7.5 6.123233995736766e-16 10.0 -4.330127018922194 7.5 -4.3301270189221945 2.5000000000000013 -8.29689372037837 0.5438071450436057 -9.159756150367537 -3.7940952255126 -6.243544180747646 -7.11939766255643 -1.830127018922198 -6.8301270189221945 -2.5 -9.0 2.5 -9.0 1.8301270189221897 -6.8301270189221945 6.243544180747637 -7.1193976625564375 9.159756150367533 -3.7940952255126055 8.296893720378367 0.5438071450436004
203.0 440.0 15 4.330127018922194 2.500000000000001 4.330127018922193 7.5 6.123233995736766e-16 10.0 -4.330127018922194 7.5 -4.3301270189221945 2.5000000000000013 -8.29689372037837 0.5438071450436057 -9.159756150367537 -3.7940952255126 -6.243544180747646 -7.11939766255643 -1.830127018922198 -6.8301270189221945 -2.5 -9.0 2.5 -9.0 1.8301270189221897 -6.8301270189221945 6.243544180747637 -7.1193976625564375 9.159756150367533 -3.7940952255126055 8.296893720378367 0.5438071450436004
164.0 237.0 15 4.330127018922194 2.500000000000001 4.330127018922193 7.5 6.123233995736766e-16 10.0 -4.330127018922194 7.5 -4.3301270189221945 2.5000000000000013 -8.29689372037837 0.5438071450436057 -9.159756150367537 -3.7940952255126 -6.243544180747646 -7.11939766255643 -1.830127018922198 -6.8301270189221945 -2.5 -9.0 2.5 -9.0 1.8301270189221897 -6.8301270189221945 6.243544180747637 -7.1193976625564375 9.159756150367533 -3.7940952255126055 8.296893720378367 0.5438071450436004
312.0 434.0 15 4.330127018922194 2.500000000000001 4.330127018922193 7.5 6.123233995736766e-16 10.0 -4.330127018922194 7.5 -4.3301270189221945 2.5000000000000013 -8.29689372037837 0.5438071450436057 -9.159756150367537 -3.7940952255126 -6.243544180747646 -7.11939766255643 -1.830127018922198 -6.8301270189221945 -2.5 -9.0 2.5 -9.0 1.8301270189221897 -6.8301270189221945 6.243544180747637 -7.1193976625564375 9.159756150367533 -3.7940952255126055 8.296893720378367 0.5438071450436004
413.0 25.0 15 4.330127018922194 2.500000000000001 4.330127018922193 7.5 6.123233995736766e-16 10.0 -4.330127018922194 7.5 -4.3301270189221945 2.5000000000000013 -8.29689372037837 0.5438071450436057 -9.159756150367537 -3.7940952255126 -6.243544180747646 -7.11939766255643 -1.830127018922198 -6.8301270189221945 -2.5 -9.0 2.5 -9.0 1.8301270189221897 -6.8301270189221945 6.243544180747637 -7.1193976625564375 9.159756150367533 -3.7940952255126055 8.296893720378367 0.5438071450436004
277.0 486.0 15 4.330127018922194 2.500000000000001 4.330127018922193 7.5 6.123233995736766e-16 10.0 -4.330127018922194 7.5 -4.3301270189221945 2.5000000000000013 -8.29689372037837 0.5438071450436057 -9.159756150367537 -3.7940952255126 -6.243544180747646 -7.11939766255643 -1.830127018922198 -6.8301270189221945 -2.5 -9.0 2.5 -9.0 1.8301270189221897 -6.8301270189221945 6.243544180747637 -7.1193976625564375 9.159756150367533 -3.7940952255126055 8.296893720378367 0.5438071450436004
196.0 439.0 15 4.330127018922194 2.500000000000001 4.330127018922193 7.5 6.123233995736766e-16 10.0 -4.330127018922194 7.5 -4.3301270189221945 2.5000000000000013 -8.29689372037837 0.5438071450436057 -9.159756150367537 -3.7940952255126 -6.243544180747646 -7.11939766255643 -1.830127018922198 -6.8301270189221945 -2.5 -9.0 2.5 -9.0 1.8301270189221897 -6.8301270189221945 6.243544180747637 -7.1193976625564375 9.159756150367533 -3.7940952255126055 8.296893720378367 0.5438071450436004
490.0 324.0 15 4.330127018922194 2.500000000000001 4.330127018922193 7.5 6.123233995736766e-16 10.0 -4.330127018922194 7.5 -4.3301270189221945 2.5000000000000013 -8.29689372037837 0.5438071450436057 -9.159756150367537 -3.7940952255126 -6.243544180747646 -7.11939766255643 -1.830127018922198 -6.8301270189221945 -2.5 -9.0 2.5 -9.0 1.8301270189221897 -6.8301270189221945 6.243544180747637 -7.1193976625564375 9.159756150367533 -3.7940952255126055 8.296893720378367 0.5438071450436004
400.0 50.0 15 4.330127018922194 2.500000000000001 4.330127018922193 7.5 6.123233995736766e-16 10.0 -4.330127018922194 7.5 -4.3301270189221945 2.5000000000000013 -8.29689372037837 0.5438071450436057 -9.159756150367537 -3.7940952255126 -6.243544180747646 -7.11939766255643 -1.830127018922198 -6.8301270189221945 -2.5 -9.0 2.5 -9.0 1.8301270189221897 -6.8301270189221945 6.243544180747637 -7.1193976625564375 9.159756150367533 -3.7940952255126055 8.296893720378367 0.5438071450436004
40.0 440.0 15 4.330127018922194 2.500000000000001 4.330127018922193 7.5 6.123233995736766e-16 10.0 -4.330127018922194 7.5 -4.3301270189221945 2.5000000000000013 -8.29689372037837 0.5438071450436057 -9.159756150367537 -3.7940952255126 -6.243544180747646 -7.11939766255643 -1.830127018922198 -6.8301270189221945 -2.5 -9.0 2.5 -9.0 1.8301270189221897 -6.8301270189221945 6.243544180747637 -7.1193976625564375 9.159756150367533 -3.7940952255126055 8.296893720378367 0.5438071450436004
25.0 404.0 15 4.330127018922194 2.500000000000001 4.330127018922193 7.5 6.123233995736766e-16 10.0 -4.330127018922194 7.5 -4.3301270189221945 2.5000000000000013 -8.29689372037837 0.5438071450436057 -9.159756150367537 -3.7940952255126 -6.243544180747646 -7.11939766255643 -1.830127018922198 -6.8301270189221945 -2.5 -9.0 2.5 -9.0 1.8301270189221897 -6.8301270189221945 6.243544180747637 -7.1193976625564375 9.159756150367533 -3.7940952255126055 8.296893720378367 0.5438071450436004
370.0 358.0 15 4.330127018922194 2.500000000000001 4.330127018922193 7.5 6.123233995736766e-16 10.0 -4.330127018922194 7.5 -4.3301270189221945 2.5000000000000013 -8.29689372037837 0.5438071450436057 -9.159756150367537 -3.7940952255126 -6.243544180747646 -7.11939766255643 -1.830127018922198 -6.8301270189221945 -2.5 -9.0 2.5 -9.0 1.8301270189221897 -6.8301270189221945 6.243544180747637 -7.1193976625564375 9.159756150367533 -3.7940952255126055 8.296893720378367 0.5438071450436004
280.0 157.0 15 4.330127018922194 2.500000000000001 4.330127018922193 7.5 6.123233995736766e-16 10.0 -4.330127018922194 7.5 -4.3301270189221945 2.5000000000000013 -8.29689372037837 0.5438071450436057 -9.159756150367537 -3.7940952255126 -6.243544180747646 -7.11939766255643 -1.830127018922198 -6.8301270189221945 -2.5 -9.0 2.5 -9.0 1.8301270189221897 -6.8301270189221945 6.243544180747637 -7.1193976625564375 9.159756150367533 -3.7940952255126055 8.296893720378367 0.5438071450436004
338.0 495.0 15 4.330127018922194 2.500000000000001 4.330127018922193 7.5 6.123233995736766e-16 10.0 -4.330127018922194 7.5 -4.3301270189221945 2.5000000000000013 -8.29689372037837 0.5438071450436057 -9.159756150367537 -3.7940952255126 -6.243544180747646 -7.11939766255643 -1.830127018922198 -6.8301270189221945 -2.5 -9.0 2.5 -9.0 1.8301270189221897 -6.8301270189221945 6.243544180747637 -7.1193976625564375 9.159756150367533 -3.7940952255126055 8.296893720378367 0.5438071450436004
200.0 340.0 15 4.330127018922194 2.500000000000001 4.330127018922193 7.5 6.123233995736766e-16 10.0 -4.330127018922194 7.5 -4.3301270189221945 2.5000000000000013 -8.29689372037837 0.5438071450436057 -9.159756150367537 -3.7940952255126 -6.243544180747646 -7.11939766255643 -1.830127018922198 -6.8301270189221945 -2.5 -9.0 2.5 -9.0 1.8301270189221897 -6.8301270189221945 6.243544180747637 -7.1193976625564375 9.159756150367533 -3.7940952255126055 8.296893720378367 0.5438071450436004
315.0 205.0 15 4.330127018922194 2.500000000000001 4.330127018922193 7.5 6.123233995736766e-16 10.0 -4.330127018922194 7.5 -4.3301270189221945 2.5000000000000013 -8.29689372037837 0.5438071450436057 -9.159756150367537 -3.7940952255126 -6.243544180747646 -7.11939766255643 -1.830127018922198 -6.8301270189221945 -2.5 -9.0 2.5 -9.0 1.8301270189221897 -6.8301270189221945 6.243544180747637 -7.1193976625564375 9.159756150367533 -3.7940952255126055 8.296893720378367 0.5438071450436004
368.0 191.0 15 4.330127018922194 2.500000000000001 4.330127018922193 7.5 6.123233995736766e-16 10.0 -4.330127018922194 7.5 -4.3301270189221945 2.5000000000000013 -8.29689372037837 0.5438071450436057 -9.159756150367537 -3.7940952255126 -6.243544180747646 -7.11939766255643 -1.830127018922198 -6.8301270189221945 -2.5 -9.0 2.5 -9.0 1.8301270189221897 -6.8301270189221945 6.243544180747637 -7.1193976625564375 9.159756150367533 -3.7940952255126055 8.296893720378367 0.5438071450436004
148.0 225.0 15 4.330127018922194 2.500000000000001 4.330127018922193 7.5 6.123233995736766e-16 10.0 -4.330127018922194 7.5 -4.3301270189221945 2.5000000000000013 -8.29689372037837 0.5438071450436057 -9.159756150367537 -3.7940952255126 -6.243544180747646 -7.11939766255643 -1.830127018922198 -6.8301270189221945 -2.5 -9.0 2.5 -9.0 1.8301270189221897 -6.8301270189221945 6.243544180747637 -7.1193976625564375 9.159756150367533 -3.7940952255126055 8.296893720378367 0.5438071450436004
258.0 258.0 15 4.330127018922194 2.500000000000001 4.330127018922193 7.5 6.123233995736766e-16 10.0 -4.330127018922194 7.5 -4.3301270189221945 2.5000000000000013 -8.29689372037837 0.5438071450436057 -9.159756150367537 -3.7940952255126 -6.243544180747646 -7.11939766255643 -1.830127018922198 -6.8301270189221945 -2.5 -9.0 2.5 -9.0 1.8301270189221897 -6.8301270189221945 6.243544180747637 -7.1193976625564375 9.159756150367533 -3.7940952255126055 8.296893720378367 0.5438071450436004
462.0 192.0 15 4.330127018922194 2.500000000000001 4.330127018922193 7.5 6.123233995736766e-16 10.0 -4.330127018922194 7.5 -4.3301270189221945 2.5000000000000013 -8.29689372037837 0.5438071450436057 -9.159756150367537 -3.7940952255126 -6.243544180747646 -7.11939766255643 -1.830127018922198 -6.8301270189221945 -2.5 -9.0 2.5 -9.0 1.8301270189221897 -6.8301270189221945 6.243544180747637 -7.1193976625564375 9.159756150367533 -3.7940952255126055 8.296893720378367 0.5438071450436004
154.0 427.0 15 4.330127018922194 2.500000000000001 4.330127018922193 7.5 6.123233995736766e-16 10.0 -4.330127018922194 7.5 -4.3301270189221945 2.5000000000000013 -8.29689372037837 0.5438071450436057 -9.159756150367537 -3.7940952255126 -6.243544180747646 -7.11939766255643 -1.830127018922198 -6.8301270189221945 -2.5 -9.0 2.5 -9.0 1.8301270189221897 -6.8301270189221945 6.243544180747637 -7.1193976625564375 9.159756150367533 -3.7940952255126055 8.296893720378367 0.5438071450436004
233.0 316.0 15 4.330127018922194 2.500000000000001 4.330127018922193 7.5 6.123233995736766e-16 10.0 -4.330127018922194 7.5 -4.3301270189221945 2.5000000000000013 -8.29689372037837 0.5438071450436057 -9.159756150367537 -3.7940952255126 -6.243544180747646 -7.11939766255643 -1.830127018922198 -6.8301270189221945 -2.5 -9.0 2.5 -9.0 1.8301270189221897 -6.8301270189221945 6.243544180747637 -7.1193976625564375 9.159756150367533 -3.7940952255126055 8.296893720378367 0.5438071450436004
499.0 128.0 15 4.330127018922194 2.500000000000001 4.330127018922193 7.5 6.123233995736766e-16 10.0 -4.330127018922194 7.5 -4.3301270189221945 2.5000000000000013 -8.29689372037837 0.5438071450436057 -9.159756150367537 -3.7940952255126 -6.243544180747646 -7.11939766255643 -1.830127018922198 -6.8301270189221945 -2.5 -9.0 2.5 -9.0 1.8301270189221897 -6.8301270189221945 6.243544180747637 -7.1193976625564375 9.159756150367533 -3.7940952255126055 8.296893720378367 0.5438071450436004
190.0 433.0 15 4.330127018922194 2.500000000000001 4.330127018922193 7.5 6.123233995736766e-16 10.0 -4.330127018922194 7.5 -4.3301270189221945 2.5000000000000013 -8.29689372037837 0.5438071450436057 -9.159756150367537 -3.7940952255126 -6.243544180747646 -7.11939766255643 -1.830127018922198 -6.8301270189221945 -2.5 -9.0 2.5 -9.0 1.8301270189221897 -6.8301270189221945 6.243544180747637 -7.1193976625564375 9.159756150367533 -3.7940952255126055 8.296893720378367 0.5438071450436004
153.0 351.0 15 4.330127018922194 2.500000000000001 4.330127018922193 7.5 6.123233995736766e-16 10.0 -4.330127018922194 7.5 -4.3301270189221945 2.5000000000000013 -8.29689372037837 0.5438071450436057 -9.159756150367537 -3.7940952255126 -6.243544180747646 -7.11939766255643 -1.830127018922198 -6.8301270189221945 -2.5 -9.0 2.5 -9.0 1.8301270189221897 -6.8301270189221945 6.243544180747637 -7.1193976625564375 9.159756150367533 -3.7940952255126055 8.296893720378367 0.5438071450436004
