100
567.0 604.0 15 4.330127018922194 2.500000000000001 4.330127018922193 7.5 6.123233995736766e-16 10.0 -4.330127018922194 7.5 -4.3301270189221945 2.5000000000000013 -8.29689372037837 0.5438071450436057 -9.159756150367537 -3.7940952255126 -6.243544180747646 -7.11939766255643 -1.830127018922198 -6.8301270189221945 -2.5 -9.0 2.5 -9.0 1.8301270189221897 -6.8301270189221945 6.243544180747637 -7.1193976625564375 9.159756150367533 -3.7940952255126055 8.296893720378367 0.5438071450436004
591.0 645.0 15 4.330127018922194 2.500000000000001 4.330127018922193 7.5 6.123233995736766e-16 10.0 -4.330127018922194 7.5 -4.3301270189221945 2.5000000000000013 -8.29689372037837 0.5438071450436057 -9.159756150367537 -3.7940952255126 -6.243544180747646 -7.11939766255643 -1.830127018922198 -6.8301270189221945 -2.5 -9.0 2.5 -9.0 1.8301270189221897 -6.8301270189221945 6.243544180747637 -7.1193976625564375 9.159756150367533 -3.7940952255126055 8.296893720378367 0.5438071450436004
343.0 420.0 15 4.330127018922194 2.500000000000001 4.330127018922193 7.5 6.123233995736766e-16 10.0 -4.330127018922194 7.5 -4.3301270189221945 2.5000000000000013 -8.29689372037837 0.5438071450436057 -9.159756150367537 -3.7940952255126 -6.243544180747646 -7.11939766255643 -1.830127018922198 -6.8301270189221945 -2.5 -9.0 2.5 -9.0 1.8301270189221897 -6.8301270189221945 6.243544180747637 -7.1193976625564375 9.159756150367533 -3.7940952255126055 8.296893720378367 0.5438071450436004
470.0 504.0 15 4.330127018922194 2.500000000000001 4.330127018922193 7.5 6.123233995736766e-16 10.0 -4.330127018922194 7.5 -4.3301270189221945 2.5000000000000013 -8.29689372037837 0.5438071450436057 -9.159756150367537 -3.7940952255126 -6.243544180747646 -7.11939766255643 -1.830127018922198 -6.8301270189221945 -2.5 -9.0 2.5 -9.0 1.8301270189221897 -6.8301270189221945 6.243544180747637 -7.1193976625564375 9.159756150367533 -3.7940952255126055 8.296893720378367 0.5438071450436004
517.0 521.0 15 4.330127018922194 2.500000000000001 4.330127018922193 7.5 6.123233995736766e-16 10.0 -4.330127018922194 7.5 -4.3301270189221945 2.5000000000000013 -8.29689372037837 0.5438071450436057 -9.159756150367537 -3.7940952255126 -6.243544180747646 -7.11939766255643 -1.830127018922198 -6.8301270189221945 -2.5 -9.0 2.5 -9.0 1.8301270189221897 -6.8301270189221945 6.243544180747637 -7.1193976625564375 9.159756150367533 -3.7940952255126055 8.296893720378367 0.5438071450436004
541.0 563.0 15 4.330127018922194 2.500000000000001 4.330127018922193 7.5 6.123233995736766e-16 10.0 -4.330127018922194 7.5 -4.3301270189221945 2.5000000000000013 -8.29689372037837 0.5438071450436057 -9.159756150367537 -3.7940952255126 -6.243544180747646 -7.11939766255643 -1.830127018922198 -6.8301270189221945 -2.5 -9.0 2.5 -9.0 1.8301270189221897 -6.8301270189221945 6.243544180747637 -7.1193976625564375 9.159756150367533 -3.7940952255126055 8.296893720378367 0.5438071450436004
661.0 325.0 15 4.330127018922194 2.500000000000001 4.330127018922193 7.5 6.123233995736766e-16 10.0 -4.330127018922194 7.5 -4.3301270189221945 2.5000000000000013 -8.29689372037837 0.5438071450436057 -9.159756150367537 -3.7940952255126 -6.243544180747646 -7.11939766255643 -1.830127018922198 -6.8301270189221945 -2.5 -9.0 2.5 -9.0 1.8301270189221897 -6.8301270189221945 6.243544180747637 -7.1193976625564375 9.159756150367533 -3.7940952255126055 8.296893720378367 0.5438071450436004
827.0 744.0 15 4.330127018922194 2.500000000000001 4.330127018922193 7.5 6.123233995736766e-16 10.0 -4.330127018922194 7.5 -4.3301270189221945 2.5000000000000013 -8.29689372037837 0.5438071450436057 -9.159756150367537 -3.7940952255126 -6.243544180747646 -7.11939766255643 -1.830127018922198 -6.8301270189221945 -2.5 -9.0 2.5 -9.0 1.8301270189221897 -6.8301270189221945 6.243544180747637 -7.1193976625564375 9.159756150367533 -3.7940952255126055 8.296893720378367 0.5438071450436004
804.0 753.0 15 4.330127018922194 2.500000000000001 4.330127018922193 7.5 6.123233995736766e-16 10.0 -4.330127018922194 7.5 -4.3301270189221945 2.5000000000000013 -8.29689372037837 0.5438071450436057 -9.159756150367537 -3.7940952255126 -6.243544180747646 -7.11939766255643 -1.830127018922198 -6.8301270189221945 -2.5 -9.0 2.5 -9.0 1.8301270189221897 -6.8301270189221945 6.243544180747637 -7.1193976625564375 9.159756150367533 -3.7940952255126055 8.296893720378367 0.5438071450436004
775.0 738.0 15 4.330127018922194 2.500000000000001 4.330127018922193 7.5 6.123233995736766e-16 10.0 -4.330127018922194 7.5 -4.3301270189221945 2.5000000000000013 -8.29689372037837 0.5438071450436057 -9.159756150367537 -3.7940952255126 -6.243544180747646 -7.11939766255643 -1.830127018922198 -6.8301270189221945 -2.5 -9.0 2.5 -9.0 1.8301270189221897 -6.8301270189221945 6.243544180747637 -7.1193976625564375 9.159756150367533 -3.7940952255126055 8.296893720378367 0.5438071450436004
712.0 405.0 15 4.330127018922194 2.500000000000001 4.330127018922193 7.5 6.123233995736766e-16 10.0 -4.330127018922194 7.5 -4.3301270189221945 2.5000000000000013 -8.29689372037837 0.5438071450436057 -9.159756150367537 -3.7940952255126 -6.243544180747646 -7.11939766255643 -1.830127018922198 -6.8301270189221945 -2.5 -9.0 2.5 -9.0 1.8301270189221897 -6.8301270189221945 6.243544180747637 -7.1193976625564375 9.159756150367533 -3.7940952255126055 8.296893720378367 0.5438071450436004
695.0 423.0 15 4.330127018922194 2.500000000000001 4.330127018922193 7.5 6.123233995736766e-16 10.0 -4.330127018922194 7.5 -4.3301270189221945 2.5000000000000013 -8.29689372037837 0.5438071450436057 -9.159756150367537 -3.7940952255126 -6.243544180747646 -7.11939766255643 -1.830127018922198 -6.8301270189221945 -2.5 -9.0 2.5 -9.0 1.8301270189221897 -6.8301270189221945 6.243544180747637 -7.1193976625564375 9.159756150367533 -3.7940952255126055 8.296893720378367 0.5438071450436004
674.0 442.0 15 4.330127018922194 2.500000000000001 4.330127018922193 7.5 6.123233995736766e-16 10.0 -4.330127018922194 7.5 -4.3301270189221945 2.5000000000000013 -8.29689372037837 0.5438071450436057 -9.159756150367537 -3.7940952255126 -6.243544180747646 -7.11939766255643 -1.830127018922198 -6.8301270189221945 -2.5 -9.0 2.5 -9.0 1.8301270189221897 -6.8301270189221945 6.243544180747637 -7.1193976625564375 9.159756150367533 -3.7940952255126055 8.296893720378367 0.5438071450436004
168.0 253.0 15 4.330127018922194 2.500000000000001 4.330127018922193 7.5 6.123233995736766e-16 10.0 -4.330127018922194 7.5 -4.3301270189221945 2.5000000000000013 -8.29689372037837 0.5438071450436057 -9.159756150367537 -3.7940952255126 -6.243544180747646 -7.11939766255643 -1.830127018922198 -6.8301270189221945 -2.5 -9.0 2.5 -9.0 1.8301270189221897 -6.8301270189221945 6.243544180747637 -7.1193976625564375 9.159756150367533 -3.7940952255126055 8.296893720378367 0.5438071450436004
169.0 271.0 15 4.330127018922194 2.500000000000001 4.330127018922193 7.5 6.123233995736766e-16 10.0 -4.330127018922194 7.5 -4.3301270189221945 2.5000000000000013 -8.29689372037837 0.5438071450436057 -9.159756150367537 -3.7940952255126 -6.243544180747646 -7.11939766255643 -1.830127018922198 -6.8301270189221945 -2.5 -9.0 2.5 -9.0 1.8301270189221897 -6.8301270189221945 6.243544180747637 -7.1193976625564375 9.159756150367533 -3.7940952255126055 8.296893720378367 0.5438071450436004
186.0 290.0 15 4.330127018922194 2.500000000000001 4.330127018922193 7.5 6.123233995736766e-16 10.0 -4.330127018922194 7.5 -4.3301270189221945 2.5000000000000013 -8.29689372037837 0.5438071450436057 -9.159756150367537 -3.7940952255126 -6.243544180747646 -7.11939766255643 -1.830127018922198 -6.8301270189221945 -2.5 -9.0 2.5 -9.0 1.8301270189221897 -6.8301270189221945 6.243544180747637 -7.1193976625564375 9.159756150367533 -3.7940952255126055 8.296893720378367 0.5438071450436004
610.0 759.0 15 4.330127018922194 2.500000000000001 4.330127018922193 7.5 6.123233995736766e-16 10.0 -4.330127018922194 7.5 -4.3301270189221945 2.5000000000000013 -8.29689372037837 0.5438071450436057 -9.159756150367537 -3.7940952255126 -6.243544180747646 -7.11939766255643 -1.830127018922198 -6.8301270189221945 -2.5 -9.0 2.5 -9.0 1.8301270189221897 -6.8301270189221945 6.243544180747637 -7.1193976625564375 9.159756150367533 -3.7940952255126055 8.296893720378367 0.5438071450436004
611.0 691.0 15 4.330127018922194 2.500000000000001 4.330127018922193 7.5 6.123233995736766e-16 10.0 -4.330127018922194 7.5 -4.3301270189221945 2.5000000000000013 -8.29689372037837 0.5438071450436057 -9.159756150367537 -3.7940952255126 -6.243544180747646 -7.11939766255643 -1.830127018922198 -6.8301270189221945 -2.5 -9.0 2.5 -9.0 1.8301270189221897 -6.8301270189221945 6.243544180747637 -7.1193976625564375 9.159756150367533 -3.7940952255126055 8.296893720378367 0.5438071450436004
252.0 470.0 15 4.330127018922194 2.500000000000001 4.330127018922193 7.5 6.123233995736766e-16 10.0 -4.330127018922194 7.5 -4.3301270189221945 2.5000000000000013 -8.29689372037837 0.5438071450436057 -9.159756150367537 -3.7940952255126 -6.243544180747646 -7.11939766255643 -1.830127018922198 -6.8301270189221945 -2.5 -9.0 2.5 -9.0 1.8301270189221897 -6.8301270189221945 6.243544180747637 -7.1193976625564375 9.159756150367533 -3.7940952255126055 8.296893720378367 0.5438071450436004
276.0 456.0 15 4.330127018922194 2.500000000000001 4.330127018922193 7.5 6.123233995736766e-16 10.0 -4.330127018922194 7.5 -4.3301270189221945 2.5000000000000013 -8.29689372037837 0.5438071450436057 -9.159756150367537 -3.7940952255126 -6.243544180747646 -7.11939766255643 -1.830127018922198 -6.8301270189221945 -2.5 -9.0 2.5 -9.0 1.8301270189221897 -6.8301270189221945 6.243544180747637 -7.1193976625564375 9.159756150367533 -3.7940952255126055 8.296893720378367 0.5438071450436004
595.0 793.0 15 4.330127018922194 2.500000000000001 4.330127018922193 7.5 6.123233995736766e-16 10.0 -4.330127018922194 7.5 -4.3301270189221945 2.5000000000000013 -8.29689372037837 0.5438071450436057 -9.159756150367537 -3.7940952255126 -6.243544180747646 -7.11939766255643 -1.830127018922198 -6.8301270189221945 -2.5 -9.0 2.5 -9.0 1.8301270189221897 -6.8301270189221945 6.243544180747637 -7.1193976625564375 9.159756150367533 -3.7940952255126055 8.296893720378367 0.5438071450436004
845.0 766.0 15 4.330127018922194 2.500000000000001 4.330127018922193 7.5 6.123233995736766e-16 10.0 -4.330127018922194 7.5 -4.3301270189221945 2.5000000000000013 -8.29689372037837 0.5438071450436057 -9.159756150367537 -3.7940952255126 -6.243544180747646 -7.11939766255643 -1.830127018922198 -6.8301270189221945 -2.5 -9.0 2.5 -9.0 1.8301270189221897 -6.8301270189221945 6.243544180747637 -7.1193976625564375 9.159756150367533 -3.7940952255126055 8.296893720378367 0.5438071450436004
334.0 448.0 15 4.330127018922194 2.500000000000001 4.330127018922193 7.5 6.123233995736766e-16 10.0 -4.330127018922194 7.5 -4.3301270189221945 2.5000000000000013 -8.29689372037837 0.5438071450436057 -9.159756150367537 -3.7940952255126 -6.243544180747646 -7.11939766255643 -1.830127018922198 -6.8301270189221945 -2.5 -9.0 2.5 -9.0 1.8301270189221897 -6.8301270189221945 6.243544180747637 -7.1193976625564375 9.159756150367533 -3.7940952255126055 8.296893720378367 0.5438071450436004
379.0 468.0 15 4.330127018922194 2.500000000000001 4.330127018922193 7.5 6.123233995736766e-16 10.0 -4.330127018922194 7.5 -4.3301270189221945 2.5000000000000013 -8.29689372037837 0.5438071450436057 -9.159756150367537 -3.7940952255126 -6.243544180747646 -7.11939766255643 -1.830127018922198 -6.8301270189221945 -2.5 -9.0 2.5 -9.0 1.8301270189221897 -6.8301270189221945 6.243544180747637 -7.1193976625564375 9.159756150367533 -3.7940952255126055 8.296893720378367 0.5438071450436004
116.0 428.0 15 4.330127018922194 2.500000000000001 4.330127018922193 7.5 6.123233995736766e-16 10.0 -4.330127018922194 7.5 -4.3301270189221945 2.5000000000000013 -8.29689372037837 0.5438071450436057 -9.159756150367537 -3.7940952255126 -6.243544180747646 -7.11939766255643 -1.830127018922198 -6.8301270189221945 -2.5 -9.0 2.5 -9.0 1.8301270189221897 -6.8301270189221945 6.243544180747637 -7.1193976625564375 9.159756150367533 -3.7940952255126055 8.296893720378367 0.5438071450436004
122.0 203.0 15 4.330127018922194 2.500000000000001 4.330127018922193 7.5 6.123233995736766e-16 10.0 -4.330127018922194 7.5 -4.3301270189221945 2.5000000000000013 -8.29689372037837 0.5438071450436057 -9.159756150367537 -3.7940952255126 -6.243544180747646 -7.11939766255643 -1.830127018922198 -6.8301270189221945 -2.5 -9.0 2.5 -9.0 1.8301270189221897 -6.8301270189221945 6.243544180747637 -7.1193976625564375 9.159756150367533 -3.7940952255126055 8.296893720378367 0.5438071450436004
517.0 577.0 15 4.330127018922194 2.500000000000001 4.330127018922193 7.5 6.123233995736766e-16 10.0 -4.330127018922194 7.5 -4.3301270189221945 2.5000000000000013 -8.29689372037837 0.5438071450436057 -9.159756150367537 -3.7940952255126 -6.243544180747646 -7.11939766255643 -1.830127018922198 -6.8301270189221945 -2.5 -9.0 2.5 -9.0 1.8301270189221897 -6.8301270189221945 6.243544180747637 -7.1193976625564375 9.159756150367533 -3.7940952255126055 8.296893720378367 0.5438071450436004
68.0 101.0 15 4.330127018922194 2.500000000000001 4.330127018922193 7.5 6.123233995736766e-16 10.0 -4.330127018922194 7.5 -4.3301270189221945 2.5000000000000013 -8.29689372037837 0.5438071450436057 -9.159756150367537 -3.7940952255126 -6.243544180747646 -7.11939766255643 -1.830127018922198 -6.8301270189221945 -2.5 -9.0 2.5 -9.0 1.8301270189221897 -6.8301270189221945 6.243544180747637 -7.1193976625564375 9.159756150367533 -3.7940952255126055 8.296893720378367 0.5438071450436004
80.0 126.0 15 4.330127018922194 2.500000000000001 4.330127018922193 7.5 6.123233995736766e-16 10.0 -4.330127018922194 7.5 -4.3301270189221945 2.5000000000000013 -8.29689372037837 0.5438071450436057 -9.159756150367537 -3.7940952255126 -6.243544180747646 -7.11939766255643 -1.830127018922198 -6.8301270189221945 -2.5 -9.0 2.5 -9.0 1.8301270189221897 -6.8301270189221945 6.243544180747637 -7.1193976625564375 9.159756150367533 -3.7940952255126055 8.296893720378367 0.5438071450436004
589.0 672.0 15 4.330127018922194 2.500000000000001 4.330127018922193 7.5 6.123233995736766e-16 10.0 -4.330127018922194 7.5 -4.3301270189221945 2.5000000000000013 -8.29689372037837 0.5438071450436057 -9.159756150367537 -3.7940952255126 -6.243544180747646 -7.11939766255643 -1.830127018922198 -6.8301270189221945 -2.5 -9.0 2.5 -9.0 1.8301270189221897 -6.8301270189221945 6.243544180747637 -7.1193976625564375 9.159756150367533 -3.7940952255126055 8.296893720378367 0.5438071450436004
145.0 421.0 15 4.330127018922194 2.500000000000001 4.330127018922193 7.5 6.123233995736766e-16 10.0 -4.330127018922194 7.5 -4.3301270189221945 2.5000000000000013 -8.29689372037837 0.5438071450436057 -9.159756150367537 -3.7940952255126 -6.243544180747646 -7.11939766255643 -1.830127018922198 -6.8301270189221945 -2.5 -9.0 2.5 -9.0 1.8301270189221897 -6.8301270189221945 6.243544180747637 -7.1193976625564375 9.159756150367533 -3.7940952255126055 8.296893720378367 0.5438071450436004
168.0 441.0 15 4.330127018922194 2.500000000000001 4.330127018922193 7.5 6.123233995736766e-16 10.0 -4.330127018922194 7.5 -4.3301270189221945 2.5000000000000013 -8.29689372037837 0.5438071450436057 -9.159756150367537 -3.7940952255126 -6.243544180747646 -7.11939766255643 -1.830127018922198 -6.8301270189221945 -2.5 -9.0 2.5 -9.0 1.8301270189221897 -6.8301270189221945 6.243544180747637 -7.1193976625564375 9.159756150367533 -3.7940952255126055 8.296893720378367 0.5438071450436004
823.0 774.0 15 4.330127018922194 2.500000000000001 4.330127018922193 7.5 6.123233995736766e-16 10.0 -4.330127018922194 7.5 -4.3301270189221945 2.5000000000000013 -8.29689372037837 0.5438071450436057 -9.159756150367537 -3.7940952255126 -6.243544180747646 -7.11939766255643 -1.830127018922198 -6.8301270189221945 -2.5 -9.0 2.5 -9.0 1.8301270189221897 -6.8301270189221945 6.243544180747637 -7.1193976625564375 9.159756150367533 -3.7940952255126055 8.296893720378367 0.5438071450436004
93.0 151.0 15 4.330127018922194 2.500000000000001 4.330127018922193 7.5 6.123233995736766e-16 10.0 -4.330127018922194 7.5 -4.3301270189221945 2.5000000000000013 -8.29689372037837 0.5438071450436057 -9.159756150367537 -3.7940952255126 -6.243544180747646 -7.11939766255643 -1.830127018922198 -6.8301270189221945 -2.5 -9.0 2.5 -9.0 1.8301270189221897 -6.8301270189221945 6.243544180747637 -7.1193976625564375 9.159756150367533 -3.7940952255126055 8.296893720378367 0.5438071450436004
573.0 793.0 15 4.330127018922194 2.500000000000001 4.330127018922193 7.5 6.123233995736766e-16 10.0 -4.330127018922194 7.5 -4.3301270189221945 2.5000000000000013 -8.29689372037837 0.5438071450436057 -9.159756150367537 -3.7940952255126 -6.243544180747646 -7.11939766255643 -1.830127018922198 -6.8301270189221945 -2.5 -9.0 2.5 -9.0 1.8301270189221897 -6.8301270189221945 6.243544180747637 -7.1193976625564375 9.159756150367533 -3.7940952255126055 8.296893720378367 0.5438071450436004
424.0 487.0 15 4.330127018922194 2.500000000000001 4.330127018922193 7.5 6.123233995736766e-16 10.0 -4.330127018922194 7.5 -4.3301270189221945 2.5000000000000013 -8.29689372037837 0.5438071450436057 -9.159756150367537 -3.7940952255126 -6.243544180747646 -7.11939766255643 -1.830127018922198 -6.8301270189221945 -2.5 -9.0 2.5 -9.0 1.8301270189221897 -6.8301270189221945 6.243544180747637 -7.1193976625564375 9.159756150367533 -3.7940952255126055 8.296893720378367 0.5438071450436004
309.0 376.0 15 4.330127018922194 2.500000000000001 4.330127018922193 7.5 6.123233995736766e-16 10.0 -4.330127018922194 7.5 -4.3301270189221945 2.5000000000000013 -8.29689372037837 0.5438071450436057 -9.159756150367537 -3.7940952255126 -6.243544180747646 -7.11939766255643 -1.830127018922198 -6.8301270189221945 -2.5 -9.0 2.5 -9.0 1.8301270189221897 -6.8301270189221945 6.243544180747637 -7.1193976625564375 9.159756150367533 -3.7940952255126055 8.296893720378367 0.5438071450436004
543.0 742.0 15 4.330127018922194 2.500000000000001 4.330127018922193 7.5 6.123233995736766e-16 10.0 -4.330127018922194 7.5 -4.3301270189221945 2.5000000000000013 -8.29689372037837 0.5438071450436057 -9.159756150367537 -3.7940952255126 -6.243544180747646 -7.11939766255643 -1.830127018922198 -6.8301270189221945 -2.5 -9.0 2.5 -9.0 1.8301270189221897 -6.8301270189221945 6.243544180747637 -7.1193976625564375 9.159756150367533 -3.7940952255126055 8.296893720378367 0.5438071450436004
179.0 452.0 15 4.330127018922194 2.500000000000001 4.330127018922193 7.5 6.123233995736766e-16 10.0 -4.330127018922194 7.5 -4.3301270189221945 2.5000000000000013 -8.29689372037837 0.5438071450436057 -9.159756150367537 -3.7940952255126 -6.243544180747646 -7.11939766255643 -1.830127018922198 -6.8301270189221945 -2.5 -9.0 2.5 -9.0 1.8301270189221897 -6.8301270189221945 6.243544180747637 -7.1193976625564375 9.159756150367533 -3.7940952255126055 8.296893720378367 0.5438071450436004
205.0 441.0 15 4.330127018922194 2.500000000000001 4.330127018922193 7.5 6.123233995736766e-16 10.0 -4.330127018922194 7.5 -4.3301270189221945 2.5000000000000013 -8.29689372037837 0.5438071450436057 -9.159756150367537 -3.7940952255126 -6.243544180747646 -7.11939766255643 -1.830127018922198 -6.8301270189221945 -2.5 -9.0 2.5 -9.0 1.8301270189221897 -6.8301270189221945 6.243544180747637 -7.1193976625564375 9.159756150367533 -3.7940952255126055 8.296893720378367 0.5438071450436004
547.0 461.0 15 4.330127018922194 2.500000000000001 4.330127018922193 7.5 6.123233995736766e-16 10.0 -4.330127018922194 7.5 -4.3301270189221945 2.5000000000000013 -8.29689372037837 0.5438071450436057 -9.159756150367537 -3.7940952255126 -6.243544180747646 -7.11939766255643 -1.830127018922198 -6.8301270189221945 -2.5 -9.0 2.5 -9.0 1.8301270189221897 -6.8301270189221945 6.243544180747637 -7.1193976625564375 9.159756150367533 -3.7940952255126055 8.296893720378367 0.5438071450436004
136.0 446.0 15 4.330127018922194 2.500000000000001 4.330127018922193 7.5 6.123233995736766e-16 10.0 -4.330127018922194 7.5 -4.3301270189221945 2.5000000000000013 -8.29689372037837 0.5438071450436057 -9.159756150367537 -3.7940952255126 -6.243544180747646 -7.11939766255643 -1.830127018922198 -6.8301270189221945 -2.5 -9.0 2.5 -9.0 1.8301270189221897 -6.8301270189221945 6.243544180747637 -7.1193976625564375 9.159756150367533 -3.7940952255126055 8.296893720378367 0.5438071450436004
588.0 731.0 15 4.330127018922194 2.500000000000001 4.330127018922193 7.5 6.123233995736766e-16 10.0 -4.330127018922194 7.5 -4.3301270189221945 2.5000000000000013 -8.29689372037837 0.5438071450436057 -9.159756150367537 -3.7940952255126 -6.243544180747646 -7.11939766255643 -1.830127018922198 -6.8301270189221945 -2.5 -9.0 2.5 -9.0 1.8301270189221897 -6.8301270189221945 6.243544180747637 -7.1193976625564375 9.159756150367533 -3.7940952255126055 8.296893720378367 0.5438071450436004
524.0 785.0 15 4.330127018922194 2.500000000000001 4.330127018922193 7.5 6.123233995736766e-16 10.0 -4.330127018922194 7.5 -4.3301270189221945 2.5000000000000013 -8.29689372037837 0.5438071450436057 -9.159756150367537 -3.7940952255126 -6.243544180747646 -7.11939766255643 -1.830127018922198 -6.8301270189221945 -2.5 -9.0 2.5 -9.0 1.8301270189221897 -6.8301270189221945 6.243544180747637 -7.1193976625564375 9.159756150367533 -3.7940952255126055 8.296893720378367 0.5438071450436004
533.0 767.0 15 4.330127018922194 2.500000000000001 4.330127018922193 7.5 6.123233995736766e-16 10.0 -4.330127018922194 7.5 -4.3301270189221945 2.5000000000000013 -8.29689372037837 0.5438071450436057 -9.159756150367537 -3.7940952255126 -6.243544180747646 -7.11939766255643 -1.830127018922198 -6.8301270189221945 -2.5 -9.0 2.5 -9.0 1.8301270189221897 -6.8301270189221945 6.243544180747637 -7.1193976625564375 9.159756150367533 -3.7940952255126055 8.296893720378367 0.5438071450436004
651.0 395.0 15 4.330127018922194 2.500000000000001 4.330127018922193 7.5 6.123233995736766e-16 10.0 -4.330127018922194 7.5 -4.3301270189221945 2.5000000000000013 -8.29689372037837 0.5438071450436057 -9.159756150367537 -3.7940952255126 -6.243544180747646 -7.11939766255643 -1.830127018922198 -6.8301270189221945 -2.5 -9.0 2.5 -9.0 1.8301270189221897 -6.8301270189221945 6.243544180747637 -7.1193976625564375 9.159756150367533 -3.7940952255126055 8.296893720378367 0.5438071450436004
631.0 415.0 15 4.330127018922194 2.500000000000001 4.330127018922193 7.5 6.123233995736766e-16 10.0 -4.330127018922194 7.5 -4.3301270189221945 2.5000000000000013 -8.29689372037837 0.5438071450436057 -9.159756150367537 -3.7940952255126 -6.243544180747646 -7.11939766255643 -1.830127018922198 -6.8301270189221945 -2.5 -9.0 2.5 -9.0 1.8301270189221897 -6.8301270189221945 6.243544180747637 -7.1193976625564375 9.159756150367533 -3.7940952255126055 8.296893720378367 0.5438071450436004
621.0 718.0 15 4.330127018922194 2.500000000000001 4.330127018922193 7.5 6.123233995736766e-16 10.0 -4.330127018922194 7.5 -4.3301270189221945 2.5000000000000013 -8.29689372037837 0.5438071450436057 -9.159756150367537 -3.7940952255126 -6.243544180747646 -7.11939766255643 -1.830127018922198 -6.8301270189221945 -2.5 -9.0 2.5 -9.0 1.8301270189221897 -6.8301270189221945 6.243544180747637 -7.1193976625564375 9.159756150367533 -3.7940952255126055 8.296893720378367 0.5438071450436004
182.0 318.0 15 4.330127018922194 2.500000000000001 4.330127018922193 7.5 6.123233995736766e-16 10.0 -4.330127018922194 7.5 -4.3301270189221945 2.5000000000000013 -8.29689372037837 0.5438071450436057 -9.159756150367537 -3.7940952255126 -6.243544180747646 -7.11939766255643 -1.830127018922198 -6.8301270189221945 -2.5 -9.0 2.5 -9.0 1.8301270189221897 -6.8301270189221945 6.243544180747637 -7.1193976625564375 9.159756150367533 -3.7940952255126055 8.296893720378367 0.5438071450436004
212.0 322.0 15 4.330127018922194 2.500000000000001 4.330127018922193 7.5 6.123233995736766e-16 10.0 -4.330127018922194 7.5 -4.3301270189221945 2.5000000000000013 -8.29689372037837 0.5438071450436057 -9.159756150367537 -3.7940952255126 -6.243544180747646 -7.11939766255643 -1.830127018922198 -6.8301270189221945 -2.5 -9.0 2.5 -9.0 1.8301270189221897 -6.8301270189221945 6.243544180747637 -7.1193976625564375 9.159756150367533 -3.7940952255126055 8.296893720378367 0.5438071450436004
107.0 176.0 15 4.330127018922194 2.500000000000001 4.330127018922193 7.5 6.123233995736766e-16 10.0 -4.330127018922194 7.5 -4.3301270189221945 2.5000000000000013 -8.29689372037837 0.5438071450436057 -9.159756150367537 -3.7940952255126 -6.243544180747646 -7.11939766255643 -1.830127018922198 -6.8301270189221945 -2.5 -9.0 2.5 -9.0 1.8301270189221897 -6.8301270189221945 6.243544180747637 -7.1193976625564375 9.159756150367533 -3.7940952255126055 8.296893720378367 0.5438071450436004
417.0 460.0 15 4.330127018922194 2.500000000000001 4.330127018922193 7.5 6.123233995736766e-16 10.0 -4.330127018922194 7.5 -4.3301270189221945 2.5000000000000013 -8.29689372037837 0.5438071450436057 -9.159756150367537 -3.7940952255126 -6.243544180747646 -7.11939766255643 -1.830127018922198 -6.8301270189221945 -2.5 -9.0 2.5 -9.0 1.8301270189221897 -6.8301270189221945 6.243544180747637 -7.1193976625564375 9.159756150367533 -3.7940952255126055 8.296893720378367 0.5438071450436004
25.0 25.0 15 4.330127018922194 2.500000000000001 4.330127018922193 7.5 6.123233995736766e-16 10.0 -4.330127018922194 7.5 -4.3301270189221945 2.5000000000000013 -8.29689372037837 0.5438071450436057 -9.159756150367537 -3.7940952255126 -6.243544180747646 -7.11939766255643 -1.830127018922198 -6.8301270189221945 -2.5 -9.0 2.5 -9.0 1.8301270189221897 -6.8301270189221945 6.243544180747637 -7.1193976625564375 9.159756150367533 -3.7940952255126055 8.296893720378367 0.5438071450436004
583.0 690.0 15 4.330127018922194 2.500000000000001 4.330127018922193 7.5 6.123233995736766e-16 10.0 -4.330127018922194 7.5 -4.3301270189221945 2.5000000000000013 -8.29689372037837 0.5438071450436057 -9.159756150367537 -3.7940952255126 -6.243544180747646 -7.11939766255643 -1.830127018922198 -6.8301270189221945 -2.5 -9.0 2.5 -9.0 1.8301270189221897 -6.8301270189221945 6.243544180747637 -7.1193976625564375 9.159756150367533 -3.7940952255126055 8.296893720378367 0.5438071450436004
341.0 373.0 15 4.330127018922194 2.500000000000001 4.330127018922193 7.5 6.123233995736766e-16 10.0 -4.330127018922194 7.5 -4.3301270189221945 2.5000000000000013 -8.29689372037837 0.5438071450436057 -9.159756150367537 -3.7940952255126 -6.243544180747646 -7.11939766255643 -1.830127018922198 -6.8301270189221945 -2.5 -9.0 2.5 -9.0 1.8301270189221897 -6.8301270189221945 6.243544180747637 -7.1193976625564375 9.159756150367533 -3.7940952255126055 8.296893720378367 0.5438071450436004
330.0 394.0 15 4.330127018922194 2.500000000000001 4.330127018922193 7.5 6.123233995736766e-16 10.0 -4.330127018922194 7.5 -4.3301270189221945 2.5000000000000013 -8.29689372037837 0.5438071450436057 -9.159756150367537 -3.7940952255126 -6.243544180747646 -7.11939766255643 -1.830127018922198 -6.8301270189221945 -2.5 -9.0 2.5 -9.0 1.8301270189221897 -6.8301270189221945 6.243544180747637 -7.1193976625564375 9.159756150367533 -3.7940952255126055 8.296893720378367 0.5438071450436004
838.0 785.0 15 4.330127018922194 2.500000000000001 4.330127018922193 7.5 6.123233995736766e-16 10.0 -4.330127018922194 7.5 -4.3301270189221945 2.5000000000000013 -8.29689372037837 0.5438071450436057 -9.159756150367537 -3.7940952255126 -6.243544180747646 -7.11939766255643 -1.830127018922198 -6.8301270189221945 -2.5 -9.0 2.5 -9.0 1.8301270189221897 -6.8301270189221945 6.243544180747637 -7.1193976625564375 9.159756150367533 -3.7940952255126055 8.296893720378367 0.5438071450436004
632.0 712.0 15 4.330127018922194 2.500000000000001 4.330127018922193 7.5 6.123233995736766e-16 10.0 -4.330127018922194 7.5 -4.3301270189221945 2.5000000000000013 -8.29689372037837 0.5438071450436057 -9.159756150367537 -3.7940952255126 -6.243544180747646 -7.11939766255643 -1.830127018922198 -6.8301270189221945 -2.5 -9.0 2.5 -9.0 1.8301270189221897 -6.8301270189221945 6.243544180747637 -7.1193976625564375 9.159756150367533 -3.7940952255126055 8.296893720378367 0.5438071450436004
140.0 342.0 15 4.330127018922194 2.500000000000001 4.330127018922193 7.5 6.123233995736766e-16 10.0 -4.330127018922194 7.5 -4.3301270189221945 2.5000000000000013 -8.29689372037837 0.5438071450436057 -9.159756150367537 -3.7940952255126 -6.243544180747646 -7.11939766255643 -1.830127018922198 -6.8301270189221945 -2.5 -9.0 2.5 -9.0 1.8301270189221897 -6.8301270189221945 6.243544180747637 -7.1193976625564375 9.159756150367533 -3.7940952255126055 8.296893720378367 0.5438071450436004
156.0 322.0 15 4.330127018922194 2.500000000000001 4.330127018922193 7.5 6.123233995736766e-16 10.0 -4.330127018922194 7.5 -4.3301270189221945 2.5000000000000013 -8.29689372037837 0.5438071450436057 -9.159756150367537 -3.7940952255126 -6.243544180747646 -7.11939766255643 -1.830127018922198 -6.8301270189221945 -2.5 -9.0 2.5 -9.0 1.8301270189221897 -6.8301270189221945 6.243544180747637 -7.1193976625564375 9.159756150367533 -3.7940952255126055 8.296893720378367 0.5438071450436004
660.0 650.0 15 4.330127018922194 2.500000000000001 4.330127018922193 7.5 6.123233995736766e-16 10.0 -4.330127018922194 7.5 -4.3301270189221945 2.5000000000000013 -8.29689372037837 0.5438071450436057 -9.159756150367537 -3.7940952255126 -6.243544180747646 -7.11939766255643 -1.830127018922198 -6.8301270189221945 -2.5 -9.0 2.5 -9.0 1.8301270189221897 -6.8301270189221945 6.243544180747637 -7.1193976625564375 9.159756150367533 -3.7940952255126055 8.296893720378367 0.5438071450436004
641.0 343.0 15 4.330127018922194 2.500000000000001 4.330127018922193 7.5 6.123233995736766e-16 10.0 -4.330127018922194 7.5 -4.3301270189221945 2.5000000000000013 -8.29689372037837 0.5438071450436057 -9.159756150367537 -3.7940952255126 -6.243544180747646 -7.11939766255643 -1.830127018922198 -6.8301270189221945 -2.5 -9.0 2.5 -9.0 1.8301270189221897 -6.8301270189221945 6.243544180747637 -7.1193976625564375 9.159756150367533 -3.7940952255126055 8.296893720378367 0.5438071450436004
632.0 780.0 15 4.330127018922194 2.500000000000001 4.330127018922193 7.5 6.123233995736766e-16 10.0 -4.330127018922194 7.5 -4.3301270189221945 2.5000000000000013 -8.29689372037837 0.5438071450436057 -9.159756150367537 -3.7940952255126 -6.243544180747646 -7.11939766255643 -1.830127018922198 -6.8301270189221945 -2.5 -9.0 2.5 -9.0 1.8301270189221897 -6.8301270189221945 6.243544180747637 -7.1193976625564375 9.159756150367533 -3.7940952255126055 8.296893720378367 0.5438071450436004
56.0 79.0 15 4.330127018922194 2.500000000000001 4.330127018922193 7.5 6.123233995736766e-16 10.0 -4.330127018922194 7.5 -4.3301270189221945 2.5000000000000013 -8.29689372037837 0.5438071450436057 -9.159756150367537 -3.7940952255126 -6.243544180747646 -7.11939766255643 -1.830127018922198 -6.8301270189221945 -2.5 -9.0 2.5 -9.0 1.8301270189221897 -6.8301270189221945 6.243544180747637 -7.1193976625564375 9.159756150367533 -3.7940952255126055 8.296893720378367 0.5438071450436004
147.0 461.0 15 4.330127018922194 2.500000000000001 4.330127018922193 7.5 6.123233995736766e-16 10.0 -4.330127018922194 7.5 -4.3301270189221945 2.5000000000000013 -8.29689372037837 0.5438071450436057 -9.159756150367537 -3.7940952255126 -6.243544180747646 -7.11939766255643 -1.830127018922198 -6.8301270189221945 -2.5 -9.0 2.5 -9.0 1.8301270189221897 -6.8301270189221945 6.243544180747637 -7.1193976625564375 9.159756150367533 -3.7940952255126055 8.296893720378367 0.5438071450436004
579.0 457.0 15 4.330127018922194 2.500000000000001 4.330127018922193 7.5 6.123233995736766e-16 10.0 -4.330127018922194 7.5 -4.3301270189221945 2.5000000000000013 -8.29689372037837 0.5438071450436057 -9.159756150367537 -3.7940952255126 -6.243544180747646 -7.11939766255643 -1.830127018922198 -6.8301270189221945 -2.5 -9.0 2.5 -9.0 1.8301270189221897 -6.8301270189221945 6.243544180747637 -7.1193976625564375 9.159756150367533 -3.7940952255126055 8.296893720378367 0.5438071450436004
548.0 489.0 15 4.330127018922194 2.500000000000001 4.330127018922193 7.5 6.123233995736766e-16 10.0 -4.330127018922194 7.5 -4.3301270189221945 2.5000000000000013 -8.29689372037837 0.5438071450436057 -9.159756150367537 -3.7940952255126 -6.243544180747646 -7.11939766255643 -1.830127018922198 -6.8301270189221945 -2.5 -9.0 2.5 -9.0 1.8301270189221897 -6.8301270189221945 6.243544180747637 -7.1193976625564375 9.159756150367533 -3.7940952255126055 8.296893720378367 0.5438071450436004
223.0 457.0 15 4.330127018922194 2.500000000000001 4.330127018922193 7.5 6.123233995736766e-16 10.0 -4.330127018922194 7.5 -4.3301270189221945 2.5000000000000013 -8.29689372037837 0.5438071450436057 -9.159756150367537 -3.7940952255126 -6.243544180747646 -7.11939766255643 -1.830127018922198 -6.8301270189221945 -2.5 -9.0 2.5 -9.0 1.8301270189221897 -6.8301270189221945 6.243544180747637 -7.1193976625564375 9.159756150367533 -3.7940952255126055 8.296893720378367 0.5438071450436004
563.0 790.0 15 4.330127018922194 2.500000000000001 4.330127018922193 7.5 6.123233995736766e-16 10.0 -4.330127018922194 7.5 -4.3301270189221945 2.5000000000000013 -8.29689372037837 0.5438071450436057 -9.159756150367537 -3.7940952255126 -6.243544180747646 -7.11939766255643 -1.830127018922198 -6.8301270189221945 -2.5 -9.0 2.5 -9.0 1.8301270189221897 -6.8301270189221945 6.243544180747637 -7.1193976625564375 9.159756150367533 -3.7940952255126055 8.296893720378367 0.5438071450436004
581.0 767.0 15 4.330127018922194 2.500000000000001 4.330127018922193 7.5 6.123233995736766e-16 10.0 -4.330127018922194 7.5 -4.3301270189221945 2.5000000000000013 -8.29689372037837 0.5438071450436057 -9.159756150367537 -3.7940952255126 -6.243544180747646 -7.11939766255643 -1.830127018922198 -6.8301270189221945 -2.5 -9.0 2.5 -9.0 1.8301270189221897 -6.8301270189221945 6.243544180747637 -7.1193976625564375 9.159756150367533 -3.7940952255126055 8.296893720378367 0.5438071450436004
616.0 461.0 15 4.330127018922194 2.500000000000001 4.330127018922193 7.5 6.123233995736766e-16 10.0 -4.330127018922194 7.5 -4.3301270189221945 2.5000000000000013 -8.29689372037837 0.5438071450436057 -9.159756150367537 -3.7940952255126 -6.243544180747646 -7.11939766255643 -1.830127018922198 -6.8301270189221945 -2.5 -9.0 2.5 -9.0 1.8301270189221897 -6.8301270189221945 6.243544180747637 -7.1193976625564375 9.159756150367533 -3.7940952255126055 8.296893720378367 0.5438071450436004
565.0 429.0 15 4.330127018922194 2.500000000000001 4.330127018922193 7.5 6.123233995736766e-16 10.0 -4.330127018922194 7.5 -4.3301270189221945 2.5000000000000013 -8.29689372037837 0.5438071450436057 -9.159756150367537 -3.7940952255126 -6.243544180747646 -7.11939766255643 -1.830127018922198 -6.8301270189221945 -2.5 -9.0 2.5 -9.0 1.8301270189221897 -6.8301270189221945 6.243544180747637 -7.1193976625564375 9.159756150367533 -3.7940952255126055 8.296893720378367 0.5438071450436004
239.0 354.0 15 4.330127018922194 2.500000000000001 4.330127018922193 7.5 6.123233995736766e-16 10.0 -4.330127018922194 7.5 -4.3301270189221945 2.5000000000000013 -8.29689372037837 0.5438071450436057 -9.159756150367537 -3.7940952255126 -6.243544180747646 -7.11939766255643 -1.830127018922198 -6.8301270189221945 -2.5 -9.0 2.5 -9.0 1.8301270189221897 -6.8301270189221945 6.243544180747637 -7.1193976625564375 9.159756150367533 -3.7940952255126055 8.296893720378367 0.5438071450436004
264.0 390.0 15 4.330127018922194 2.500000000000001 4.330127018922193 7.5 6.123233995736766e-16 10.0 -4.330127018922194 7.5 -4.3301270189221945 2.5000000000000013 -8.29689372037837 0.5438071450436057 -9.159756150367537 -3.7940952255126 -6.243544180747646 -7.11939766255643 -1.830127018922198 -6.8301270189221945 -2.5 -9.0 2.5 -9.0 1.8301270189221897 -6.8301270189221945 6.243544180747637 -7.1193976625564375 9.159756150367533 -3.7940952255126055 8.296893720378367 0.5438071450436004
623.0 785.0 15 4.330127018922194 2.500000000000001 4.330127018922193 7.5 6.123233995736766e-16 10.0 -4.330127018922194 7.5 -4.3301270189221945 2.5000000000000013 -8.29689372037837 0.5438071450436057 -9.159756150367537 -3.7940952255126 -6.243544180747646 -7.11939766255643 -1.830127018922198 -6.8301270189221945 -2.5 -9.0 2.5 -9.0 1.8301270189221897 -6.8301270189221945 6.243544180747637 -7.1193976625564375 9.159756150367533 -3.7940952255126055 8.296893720378367 0.5438071450436004
288.0 428.0 15 4.330127018922194 2.500000000000001 4.330127018922193 7.5 6.123233995736766e-16 10.0 -4.330127018922194 7.5 -4.3301270189221945 2.5000000000000013 -8.29689372037837 0.5438071450436057 -9.159756150367537 -3.7940952255126 -6.243544180747646 -7.11939766255643 -1.830127018922198 -6.8301270189221945 -2.5 -9.0 2.5 -9.0 1.8301270189221897 -6.8301270189221945 6.243544180747637 -7.1193976625564375 9.159756150367533 -3.7940952255126055 8.296893720378367 0.5438071450436004
558.0 714.0 15 4.330127018922194 2.500000000000001 4.330127018922193 7.5 6.123233995736766e-16 10.0 -4.330127018922194 7.5 -4.3301270189221945 2.5000000000000013 -8.29689372037837 0.5438071450436057 -9.159756150367537 -3.7940952255126 -6.243544180747646 -7.11939766255643 -1.830127018922198 -6.8301270189221945 -2.5 -9.0 2.5 -9.0 1.8301270189221897 -6.8301270189221945 6.243544180747637 -7.1193976625564375 9.159756150367533 -3.7940952255126055 8.296893720378367 0.5438071450436004
139.0 231.0 15 4.330127018922194 2.500000000000001 4.330127018922193 7.5 6.123233995736766e-16 10.0 -4.330127018922194 7.5 -4.3301270189221945 2.5000000000000013 -8.29689372037837 0.5438071450436057 -9.159756150367537 -3.7940952255126 -6.243544180747646 -7.11939766255643 -1.830127018922198 -6.8301270189221945 -2.5 -9.0 2.5 -9.0 1.8301270189221897 -6.8301270189221945 6.243544180747637 -7.1193976625564375 9.159756150367533 -3.7940952255126055 8.296893720378367 0.5438071450436004
158.0 262.0 15 4.330127018922194 2.500000000000001 4.330127018922193 7.5 6.123233995736766e-16 10.0 -4.330127018922194 7.5 -4.3301270189221945 2.5000000000000013 -8.29689372037837 0.5438071450436057 -9.159756150367537 -3.7940952255126 -6.243544180747646 -7.11939766255643 -1.830127018922198 -6.8301270189221945 -2.5 -9.0 2.5 -9.0 1.8301270189221897 -6.8301270189221945 6.243544180747637 -7.1193976625564375 9.159756150367533 -3.7940952255126055 8.296893720378367 0.5438071450436004
650.0 458.0 15 4.330127018922194 2.500000000000001 4.330127018922193 7.5 6.123233995736766e-16 10.0 -4.330127018922194 7.5 -4.3301270189221945 2.5000000000000013 -8.29689372037837 0.5438071450436057 -9.159756150367537 -3.7940952255126 -6.243544180747646 -7.11939766255643 -1.830127018922198 -6.8301270189221945 -2.5 -9.0 2.5 -9.0 1.8301270189221897 -6.8301270189221945 6.243544180747637 -7.1193976625564375 9.159756150367533 -3.7940952255126055 8.296893720378367 0.5438071450436004
219.0 418.0 15 4.330127018922194 2.500000000000001 4.330127018922193 7.5 6.123233995736766e-16 10.0 -4.330127018922194 7.5 -4.3301270189221945 2.5000000000000013 -8.29689372037837 0.5438071450436057 -9.159756150367537 -3.7940952255126 -6.243544180747646 -7.11939766255643 -1.830127018922198 -6.8301270189221945 -2.5 -9.0 2.5 -9.0 1.8301270189221897 -6.8301270189221945 6.243544180747637 -7.1193976625564375 9.159756150367533 -3.7940952255126055 8.296893720378367 0.5438071450436004
245.0 434.0 15 4.330127018922194 2.500000000000001 4.330127018922193 7.5 6.123233995736766e-16 10.0 -4.330127018922194 7.5 -4.3301270189221945 2.5000000000000013 -8.29689372037837 0.5438071450436057 -9.159756150367537 -3.7940952255126 -6.243544180747646 -7.11939766255643 -1.830127018922198 -6.8301270189221945 -2.5 -9.0 2.5 -9.0 1.8301270189221897 -6.8301270189221945 6.243544180747637 -7.1193976625564375 9.159756150367533 -3.7940952255126055 8.296893720378367 0.5438071450436004
798.0 782.0 15 4.330127018922194 2.500000000000001 4.330127018922193 7.5 6.123233995736766e-16 10.0 -4.330127018922194 7.5 -4.3301270189221945 2.5000000000000013 -8.29689372037837 0.5438071450436057 -9.159756150367537 -3.7940952255126 -6.243544180747646 -7.11939766255643 -1.830127018922198 -6.8301270189221945 -2.5 -9.0 2.5 -9.0 1.8301270189221897 -6.8301270189221945 6.243544180747637 -7.1193976625564375 9.159756150367533 -3.7940952255126055 8.296893720378367 0.5438071450436004
787.0 766.0 15 4.330127018922194 2.500000000000001 4.330127018922193 7.5 6.123233995736766e-16 10.0 -4.330127018922194 7.5 -4.3301270189221945 2.5000000000000013 -8.29689372037837 0.5438071450436057 -9.159756150367537 -3.7940952255126 -6.243544180747646 -7.11939766255643 -1.830127018922198 -6.8301270189221945 -2.5 -9.0 2.5 -9.0 1.8301270189221897 -6.8301270189221945 6.243544180747637 -7.1193976625564375 9.159756150367533 -3.7940952255126055 8.296893720378367 0.5438071450436004
46.0 40.0 15 4.330127018922194 2.500000000000001 4.330127018922193 7.5 6.123233995736766e-16 10.0 -4.330127018922194 7.5 -4.3301270189221945 2.5000000000000013 -8.29689372037837 0.5438071450436057 -9.159756150367537 -3.7940952255126 -6.243544180747646 -7.11939766255643 -1.830127018922198 -6.8301270189221945 -2.5 -9.0 2.5 -9.0 1.8301270189221897 -6.8301270189221945 6.243544180747637 -7.1193976625564375 9.159756150367533 -3.7940952255126055 8.296893720378367 0.5438071450436004
666.0 384.0 15 4.330127018922194 2.500000000000001 4.330127018922193 7.5 6.123233995736766e-16 10.0 -4.330127018922194 7.5 -4.3301270189221945 2.5000000000000013 -8.29689372037837 0.5438071450436057 -9.159756150367537 -3.7940952255126 -6.243544180747646 -7.11939766255643 -1.830127018922198 -6.8301270189221945 -2.5 -9.0 2.5 -9.0 1.8301270189221897 -6.8301270189221945 6.243544180747637 -7.1193976625564375 9.159756150367533 -3.7940952255126055 8.296893720378367 0.5438071450436004
116.0 459.0 15 4.330127018922194 2.500000000000001 4.330127018922193 7.5 6.123233995736766e-16 10.0 -4.330127018922194 7.5 -4.3301270189221945 2.5000000000000013 -8.29689372037837 0.5438071450436057 -9.159756150367537 -3.7940952255126 -6.243544180747646 -7.11939766255643 -1.830127018922198 -6.8301270189221945 -2.5 -9.0 2.5 -9.0 1.8301270189221897 -6.8301270189221945 6.243544180747637 -7.1193976625564375 9.159756150367533 -3.7940952255126055 8.296893720378367 0.5438071450436004
651.0 341.0 15 4.330127018922194 2.500000000000001 4.330127018922193 7.5 6.123233995736766e-16 10.0 -4.330127018922194 7.5 -4.3301270189221945 2.5000000000000013 -8.29689372037837 0.5438071450436057 -9.159756150367537 -3.7940952255126 -6.243544180747646 -7.11939766255643 -1.830127018922198 -6.8301270189221945 -2.5 -9.0 2.5 -9.0 1.8301270189221897 -6.8301270189221945 6.243544180747637 -7.1193976625564375 9.159756150367533 -3.7940952255126055 8.296893720378367 0.5438071450436004
625.0 360.0 15 4.330127018922194 2.500000000000001 4.330127018922193 7.5 6.123233995736766e-16 10.0 -4.330127018922194 7.5 -4.3301270189221945 2.5000000000000013 -8.29689372037837 0.5438071450436057 -9.159756150367537 -3.7940952255126 -6.243544180747646 -7.11939766255643 -1.830127018922198 -6.8301270189221945 -2.5 -9.0 2.5 -9.0 1.8301270189221897 -6.8301270189221945 6.243544180747637 -7.1193976625564375 9.159756150367533 -3.7940952255126055 8.296893720378367 0.5438071450436004
603.0 385.0 15 4.330127018922194 2.500000000000001 4.330127018922193 7.5 6.123233995736766e-16 10.0 -4.330127018922194 7.5 -4.3301270189221945 2.5000000000000013 -8.29689372037837 0.5438071450436057 -9.159756150367537 -3.7940952255126 -6.243544180747646 -7.11939766255643 -1.830127018922198 -6.8301270189221945 -2.5 -9.0 2.5 -9.0 1.8301270189221897 -6.8301270189221945 6.243544180747637 -7.1193976625564375 9.159756150367533 -3.7940952255126055 8.296893720378367 0.5438071450436004
589.0 419.0 15 4.330127018922194 2.500000000000001 4.330127018922193 7.5 6.123233995736766e-16 10.0 -4.330127018922194 7.5 -4.3301270189221945 2.5000000000000013 -8.29689372037837 0.5438071450436057 -9.159756150367537 -3.7940952255126 -6.243544180747646 -7.11939766255643 -1.830127018922198 -6.8301270189221945 -2.5 -9.0 2.5 -9.0 1.8301270189221897 -6.8301270189221945 6.243544180747637 -7.1193976625564375 9.159756150367533 -3.7940952255126055 8.296893720378367 0.5438071450436004
729.0 723.0 15 4.330127018922194 2.500000000000001 4.330127018922193 7.5 6.123233995736766e-16 10.0 -4.330127018922194 7.5 -4.3301270189221945 2.5000000000000013 -8.29689372037837 0.5438071450436057 -9.159756150367537 -3.7940952255126 -6.243544180747646 -7.11939766255643 -1.830127018922198 -6.8301270189221945 -2.5 -9.0 2.5 -9.0 1.8301270189221897 -6.8301270189221945 6.243544180747637 -7.1193976625564375 9.159756150367533 -3.7940952255126055 8.296893720378367 0.5438071450436004
606.0 436.0 15 4.330127018922194 2.500000000000001 4.330127018922193 7.5 6.123233995736766e-16 10.0 -4.330127018922194 7.5 -4.3301270189221945 2.5000000000000013 -8.29689372037837 0.5438071450436057 -9.159756150367537 -3.7940952255126 -6.243544180747646 -7.11939766255643 -1.830127018922198 -6.8301270189221945 -2.5 -9.0 2.5 -9.0 1.8301270189221897 -6.8301270189221945 6.243544180747637 -7.1193976625564375 9.159756150367533 -3.7940952255126055 8.296893720378367 0.5438071450436004
33.0 40.0 15 4.330127018922194 2.500000000000001 4.330127018922193 7.5 6.123233995736766e-16 10.0 -4.330127018922194 7.5 -4.3301270189221945 2.5000000000000013 -8.29689372037837 0.5438071450436057 -9.159756150367537 -3.7940952255126 -6.243544180747646 -7.11939766255643 -1.830127018922198 -6.8301270189221945 -2.5 -9.0 2.5 -9.0 1.8301270189221897 -6.8301270189221945 6.243544180747637 -7.1193976625564375 9.159756150367533 -3.7940952255126055 8.296893720378367 0.5438071450436004
46.0 59.0 15 4.330127018922194 2.500000000000001 4.330127018922193 7.5 6.123233995736766e-16 10.0 -4.330127018922194 7.5 -4.3301270189221945 2.5000000000000013 -8.29689372037837 0.5438071450436057 -9.159756150367537 -3.7940952255126 -6.243544180747646 -7.11939766255643 -1.830127018922198 -6.8301270189221945 -2.5 -9.0 2.5 -9.0 1.8301270189221897 -6.8301270189221945 6.243544180747637 -7.1193976625564375 9.159756150367533 -3.7940952255126055 8.296893720378367 0.5438071450436004
761.0 740.0 15 4.330127018922194 2.500000000000001 4.330127018922193 7.5 6.123233995736766e-16 10.0 -4.330127018922194 7.5 -4.3301270189221945 2.5000000000000013 -8.29689372037837 0.5438071450436057 -9.159756150367537 -3.7940952255126 -6.243544180747646 -7.11939766255643 -1.830127018922198 -6.8301270189221945 -2.5 -9.0 2.5 -9.0 1.8301270189221897 -6.8301270189221945 6.243544180747637 -7.1193976625564375 9.159756150367533 -3.7940952255126055 8.296893720378367 0.5438071450436004
742.0 721.0 15 4.330127018922194 2.500000000000001 4.330127018922193 7.5 6.123233995736766e-16 10.0 -4.330127018922194 7.5 -4.3301270189221945 2.5000000000000013 -8.29689372037837 0.5438071450436057 -9.159756150367537 -3.7940952255126 -6.243544180747646 -7.11939766255643 -1.830127018922198 -6.8301270189221945 -2.5 -9.0 2.5 -9.0 1.8301270189221897 -6.8301270189221945 6.243544180747637 -7.1193976625564375 9.159756150367533 -3.7940952255126055 8.296893720378367 0.5438071450436004
709.0 700.0 15 4.330127018922194 2.500000000000001 4.330127018922193 7.5 6.123233995736766e-16 10.0 -4.330127018922194 7.5 -4.3301270189221945 2.5000000000000013 -8.29689372037837 0.5438071450436057 -9.159756150367537 -3.7940952255126 -6.243544180747646 -7.11939766255643 -1.830127018922198 -6.8301270189221945 -2.5 -9.0 2.5 -9.0 1.8301270189221897 -6.8301270189221945 6.243544180747637 -7.1193976625564375 9.159756150367533 -3.7940952255126055 8.296893720378367 0.5438071450436004
673.0 679.0 15 4.330127018922194 2.500000000000001 4.330127018922193 7.5 6.123233995736766e-16 10.0 -4.330127018922194 7.5 -4.3301270189221945 2.5000000000000013 -8.29689372037837 0.5438071450436057 -9.159756150367537 -3.7940952255126 -6.243544180747646 -7.11939766255643 -1.830127018922198 -6.8301270189221945 -2.5 -9.0 2.5 -9.0 1.8301270189221897 -6.8301270189221945 6.243544180747637 -7.1193976625564375 9.159756150367533 -3.7940952255126055 8.296893720378367 0.5438071450436004
633.0 661.0 15 4.330127018922194 2.500000000000001 4.330127018922193 7.5 6.123233995736766e-16 10.0 -4.330127018922194 7.5 -4.3301270189221945 2.5000000000000013 -8.29689372037837 0.5438071450436057 -9.159756150367537 -3.7940952255126 -6.243544180747646 -7.11939766255643 -1.830127018922198 -6.8301270189221945 -2.5 -9.0 2.5 -9.0 1.8301270189221897 -6.8301270189221945 6.243544180747637 -7.1193976625564375 9.159756150367533 -3.7940952255126055 8.296893720378367 0.5438071450436004
