20
73.0 28.0 15 4.330127018922194 2.500000000000001 4.330127018922193 7.5 6.123233995736766e-16 10.0 -4.330127018922194 7.5 -4.3301270189221945 2.5000000000000013 -8.29689372037837 0.5438071450436057 -9.159756150367537 -3.7940952255126 -6.243544180747646 -7.11939766255643 -1.830127018922198 -6.8301270189221945 -2.5 -9.0 2.5 -9.0 1.8301270189221897 -6.8301270189221945 6.243544180747637 -7.1193976625564375 9.159756150367533 -3.7940952255126055 8.296893720378367 0.5438071450436004
61.0 67.0 15 4.330127018922194 2.500000000000001 4.330127018922193 7.5 6.123233995736766e-16 10.0 -4.330127018922194 7.5 -4.3301270189221945 2.5000000000000013 -8.29689372037837 0.5438071450436057 -9.159756150367537 -3.7940952255126 -6.243544180747646 -7.11939766255643 -1.830127018922198 -6.8301270189221945 -2.5 -9.0 2.5 -9.0 1.8301270189221897 -6.8301270189221945 6.243544180747637 -7.1193976625564375 9.159756150367533 -3.7940952255126055 8.296893720378367 0.5438071450436004
72.0 60.0 15 4.330127018922194 2.500000000000001 4.330127018922193 7.5 6.123233995736766e-16 10.0 -4.330127018922194 7.5 -4.3301270189221945 2.5000000000000013 -8.29689372037837 0.5438071450436057 -9.159756150367537 -3.7940952255126 -6.243544180747646 -7.11939766255643 -1.830127018922198 -6.8301270189221945 -2.5 -9.0 2.5 -9.0 1.8301270189221897 -6.8301270189221945 6.243544180747637 -7.1193976625564375 9.159756150367533 -3.7940952255126055 8.296893720378367 0.5438071450436004
83.0 69.0 15 4.330127018922194 2.500000000000001 4.330127018922193 7.5 6.123233995736766e-16 10.0 -4.330127018922194 7.5 -4.3301270189221945 2.5000000000000013 -8.29689372037837 0.5438071450436057 -9.159756150367537 -3.7940952255126 -6.243544180747646 -7.11939766255643 -1.830127018922198 -6.8301270189221945 -2.5 -9.0 2.5 -9.0 1.8301270189221897 -6.8301270189221945 6.243544180747637 -7.1193976625564375 9.159756150367533 -3.7940952255126055 8.296893720378367 0.5438071450436004
54.0 54.0 15 4.330127018922194 2.500000000000001 4.330127018922193 7.5 6.123233995736766e-16 10.0 -4.330127018922194 7.5 -4.3301270189221945 2.5000000000000013 -8.29689372037837 0.5438071450436057 -9.159756150367537 -3.7940952255126 -6.243544180747646 -7.11939766255643 -1.830127018922198 -6.8301270189221945 -2.5 -9.0 2.5 -9.0 1.8301270189221897 -6.8301270189221945 6.243544180747637 -7.1193976625564375 9.159756150367533 -3.7940952255126055 8.296893720378367 0.5438071450436004
75.0 47.0 15 4.330127018922194 2.500000000000001 4.330127018922193 7.5 6.123233995736766e-16 10.0 -4.330127018922194 7.5 -4.3301270189221945 2.5000000000000013 -8.29689372037837 0.5438071450436057 -9.159756150367537 -3.7940952255126 -6.243544180747646 -7.11939766255643 -1.830127018922198 -6.8301270189221945 -2.5 -9.0 2.5 -9.0 1.8301270189221897 -6.8301270189221945 6.243544180747637 -7.1193976625564375 9.159756150367533 -3.7940952255126055 8.296893720378367 0.5438071450436004
52.0 89.0 15 4.330127018922194 2.500000000000001 4.330127018922193 7.5 6.123233995736766e-16 10.0 -4.330127018922194 7.5 -4.3301270189221945 2.5000000000000013 -8.29689372037837 0.5438071450436057 -9.159756150367537 -3.7940952255126 -6.243544180747646 -7.11939766255643 -1.830127018922198 -6.8301270189221945 -2.5 -9.0 2.5 -9.0 1.8301270189221897 -6.8301270189221945 6.243544180747637 -7.1193976625564375 9.159756150367533 -3.7940952255126055 8.296893720378367 0.5438071450436004
86.0 86.0 15 4.330127018922194 2.500000000000001 4.330127018922193 7.5 6.123233995736766e-16 10.0 -4.330127018922194 7.5 -4.3301270189221945 2.5000000000000013 -8.29689372037837 0.5438071450436057 -9.159756150367537 -3.7940952255126 -6.243544180747646 -7.11939766255643 -1.830127018922198 -6.8301270189221945 -2.5 -9.0 2.5 -9.0 1.8301270189221897 -6.8301270189221945 6.243544180747637 -7.1193976625564375 9.159756150367533 -3.7940952255126055 8.296893720378367 0.5438071450436004
105.0 61.0 15 4.330127018922194 2.500000000000001 4.330127018922193 7.5 6.123233995736766e-16 10.0 -4.330127018922194 7.5 -4.3301270189221945 2.5000000000000013 -8.29689372037837 0.5438071450436057 -9.159756150367537 -3.7940952255126 -6.243544180747646 -7.11939766255643 -1.830127018922198 -6.8301270189221945 -2.5 -9.0 2.5 -9.0 1.8301270189221897 -6.8301270189221945 6.243544180747637 -7.1193976625564375 9.159756150367533 -3.7940952255126055 8.296893720378367 0.5438071450436004
88.0 29.0 15 4.330127018922194 2.500000000000001 4.330127018922193 7.5 6.123233995736766e-16 10.0 -4.330127018922194 7.5 -4.3301270189221945 2.5000000000000013 -8.29689372037837 0.5438071450436057 -9.159756150367537 -3.7940952255126 -6.243544180747646 -7.11939766255643 -1.830127018922198 -6.8301270189221945 -2.5 -9.0 2.5 -9.0 1.8301270189221897 -6.8301270189221945 6.243544180747637 -7.1193976625564375 9.159756150367533 -3.7940952255126055 8.296893720378367 0.5438071450436004
55.0 99.0 15 4.330127018922194 2.500000000000001 4.330127018922193 7.5 6.123233995736766e-16 10.0 -4.330127018922194 7.5 -4.3301270189221945 2.5000000000000013 -8.29689372037837 0.5438071450436057 -9.159756150367537 -3.7940952255126 -6.243544180747646 -7.11939766255643 -1.830127018922198 -6.8301270189221945 -2.5 -9.0 2.5 -9.0 1.8301270189221897 -6.8301270189221945 6.243544180747637 -7.1193976625564375 9.159756150367533 -3.7940952255126055 8.296893720378367 0.5438071450436004
43.0 57.0 15 4.330127018922194 2.500000000000001 4.330127018922193 7.5 6.123233995736766e-16 10.0 -4.330127018922194 7.5 -4.3301270189221945 2.5000000000000013 -8.29689372037837 0.5438071450436057 -9.159756150367537 -3.7940952255126 -6.243544180747646 -7.11939766255643 -1.830127018922198 -6.8301270189221945 -2.5 -9.0 2.5 -9.0 1.8301270189221897 -6.8301270189221945 6.243544180747637 -7.1193976625564375 9.159756150367533 -3.7940952255126055 8.296893720378367 0.5438071450436004
71.0 91.0 15 4.330127018922194 2.500000000000001 4.330127018922193 7.5 6.123233995736766e-16 10.0 -4.330127018922194 7.5 -4.3301270189221945 2.5000000000000013 -8.29689372037837 0.5438071450436057 -9.159756150367537 -3.7940952255126 -6.243544180747646 -7.11939766255643 -1.830127018922198 -6.8301270189221945 -2.5 -9.0 2.5 -9.0 1.8301270189221897 -6.8301270189221945 6.243544180747637 -7.1193976625564375 9.159756150367533 -3.7940952255126055 8.296893720378367 0.5438071450436004
25.0 80.0 15 4.330127018922194 2.500000000000001 4.330127018922193 7.5 6.123233995736766e-16 10.0 -4.330127018922194 7.5 -4.3301270189221945 2.5000000000000013 -8.29689372037837 0.5438071450436057 -9.159756150367537 -3.7940952255126 -6.243544180747646 -7.11939766255643 -1.830127018922198 -6.8301270189221945 -2.5 -9.0 2.5 -9.0 1.8301270189221897 -6.8301270189221945 6.243544180747637 -7.1193976625564375 9.159756150367533 -3.7940952255126055 8.296893720378367 0.5438071450436004
107.0 83.0 15 4.330127018922194 2.500000000000001 4.330127018922193 7.5 6.123233995736766e-16 10.0 -4.330127018922194 7.5 -4.3301270189221945 2.5000000000000013 -8.29689372037837 0.5438071450436057 -9.159756150367537 -3.7940952255126 -6.243544180747646 -7.11939766255643 -1.830127018922198 -6.8301270189221945 -2.5 -9.0 2.5 -9.0 1.8301270189221897 -6.8301270189221945 6.243544180747637 -7.1193976625564375 9.159756150367533 -3.7940952255126055 8.296893720378367 0.5438071450436004
31.0 55.0 15 4.330127018922194 2.500000000000001 4.330127018922193 7.5 6.123233995736766e-16 10.0 -4.330127018922194 7.5 -4.3301270189221945 2.5000000000000013 -8.29689372037837 0.5438071450436057 -9.159756150367537 -3.7940952255126 -6.243544180747646 -7.11939766255643 -1.830127018922198 -6.8301270189221945 -2.5 -9.0 2.5 -9.0 1.8301270189221897 -6.8301270189221945 6.243544180747637 -7.1193976625564375 9.159756150367533 -3.7940952255126055 8.296893720378367 0.5438071450436004
86.0 115.0 15 4.330127018922194 2.500000000000001 4.330127018922193 7.5 6.123233995736766e-16 10.0 -4.330127018922194 7.5 -4.3301270189221945 2.5000000000000013 -8.29689372037837 0.5438071450436057 -9.159756150367537 -3.7940952255126 -6.243544180747646 -7.11939766255643 -1.830127018922198 -6.8301270189221945 -2.5 -9.0 2.5 -9.0 1.8301270189221897 -6.8301270189221945 6.243544180747637 -7.1193976625564375 9.159756150367533 -3.7940952255126055 8.296893720378367 0.5438071450436004
116.0 95.0 15 4.330127018922194 2.500000000000001 4.330127018922193 7.5 6.123233995736766e-16 10.0 -4.330127018922194 7.5 -4.3301270189221945 2.5000000000000013 -8.29689372037837 0.5438071450436057 -9.159756150367537 -3.7940952255126 -6.243544180747646 -7.11939766255643 -1.830127018922198 -6.8301270189221945 -2.5 -9.0 2.5 -9.0 1.8301270189221897 -6.8301270189221945 6.243544180747637 -7.1193976625564375 9.159756150367533 -3.7940952255126055 8.296893720378367 0.5438071450436004
117.0 43.0 15 4.330127018922194 2.500000000000001 4.330127018922193 7.5 6.123233995736766e-16 10.0 -4.330127018922194 7.5 -4.3301270189221945 2.5000000000000013 -8.29689372037837 0.5438071450436057 -9.159756150367537 -3.7940952255126 -6.243544180747646 -7.11939766255643 -1.830127018922198 -6.8301270189221945 -2.5 -9.0 2.5 -9.0 1.8301270189221897 -6.8301270189221945 6.243544180747637 -7.1193976625564375 9.159756150367533 -3.7940952255126055 8.296893720378367 0.5438071450436004
44.0 25.0 15 4.330127018922194 2.500000000000001 4.330127018922193 7.5 6.123233995736766e-16 10.0 -4.330127018922194 7.5 -4.3301270189221945 2.5000000000000013 -8.29689372037837 0.5438071450436057 -9.159756150367537 -3.7940952255126 -6.243544180747646 -7.11939766255643 -1.830127018922198 -6.8301270189221945 -2.5 -9.0 2.5 -9.0 1.8301270189221897 -6.8301270189221945 6.243544180747637 -7.1193976625564375 9.159756150367533 -3.7940952255126055 8.296893720378367 0.5438071450436004
