50
78.0 65.0 15 4.330127018922194 2.500000000000001 4.330127018922193 7.5 6.123233995736766e-16 10.0 -4.330127018922194 7.5 -4.3301270189221945 2.5000000000000013 -8.29689372037837 0.5438071450436057 -9.159756150367537 -3.7940952255126 -6.243544180747646 -7.11939766255643 -1.830127018922198 -6.8301270189221945 -2.5 -9.0 2.5 -9.0 1.8301270189221897 -6.8301270189221945 6.243544180747637 -7.1193976625564375 9.159756150367533 -3.7940952255126055 8.296893720378367 0.5438071450436004
71.0 43.0 15 4.330127018922194 2.500000000000001 4.330127018922193 7.5 6.123233995736766e-16 10.0 -4.330127018922194 7.5 -4.3301270189221945 2.5000000000000013 -8.29689372037837 0.5438071450436057 -9.159756150367537 -3.7940952255126 -6.243544180747646 -7.11939766255643 -1.830127018922198 -6.8301270189221945 -2.5 -9.0 2.5 -9.0 1.8301270189221897 -6.8301270189221945 6.243544180747637 -7.1193976625564375 9.159756150367533 -3.7940952255126055 8.296893720378367 0.5438071450436004
68.0 80.0 15 4.330127018922194 2.500000000000001 4.330127018922193 7.5 6.123233995736766e-16 10.0 -4.330127018922194 7.5 -4.3301270189221945 2.5000000000000013 -8.29689372037837 0.5438071450436057 -9.159756150367537 -3.7940952255126 -6.243544180747646 -7.11939766255643 -1.830127018922198 -6.8301270189221945 -2.5 -9.0 2.5 -9.0 1.8301270189221897 -6.8301270189221945 6.243544180747637 -7.1193976625564375 9.159756150367533 -3.7940952255126055 8.296893720378367 0.5438071450436004
87.0 66.0 15 4.330127018922194 2.500000000000001 4.330127018922193 7.5 6.123233995736766e-16 10.0 -4.330127018922194 7.5 -4.3301270189221945 2.5000000000000013 -8.29689372037837 0.5438071450436057 -9.159756150367537 -3.7940952255126 -6.243544180747646 -7.11939766255643 -1.830127018922198 -6.8301270189221945 -2.5 -9.0 2.5 -9.0 1.8301270189221897 -6.8301270189221945 6.243544180747637 -7.1193976625564375 9.159756150367533 -3.7940952255126055 8.296893720378367 0.5438071450436004
62.0 75.0 15 4.330127018922194 2.500000000000001 4.330127018922193 7.5 6.123233995736766e-16 10.0 -4.330127018922194 7.5 -4.3301270189221945 2.5000000000000013 -8.29689372037837 0.5438071450436057 -9.159756150367537 -3.7940952255126 -6.243544180747646 -7.11939766255643 -1.830127018922198 -6.8301270189221945 -2.5 -9.0 2.5 -9.0 1.8301270189221897 -6.8301270189221945 6.243544180747637 -7.1193976625564375 9.159756150367533 -3.7940952255126055 8.296893720378367 0.5438071450436004
87.0 74.0 15 4.330127018922194 2.500000000000001 4.330127018922193 7.5 6.123233995736766e-16 10.0 -4.330127018922194 7.5 -4.3301270189221945 2.5000000000000013 -8.29689372037837 0.5438071450436057 -9.159756150367537 -3.7940952255126 -6.243544180747646 -7.11939766255643 -1.830127018922198 -6.8301270189221945 -2.5 -9.0 2.5 -9.0 1.8301270189221897 -6.8301270189221945 6.243544180747637 -7.1193976625564375 9.159756150367533 -3.7940952255126055 8.296893720378367 0.5438071450436004
68.0 85.0 15 4.330127018922194 2.500000000000001 4.330127018922193 7.5 6.123233995736766e-16 10.0 -4.330127018922194 7.5 -4.3301270189221945 2.5000000000000013 -8.29689372037837 0.5438071450436057 -9.159756150367537 -3.7940952255126 -6.243544180747646 -7.11939766255643 -1.830127018922198 -6.8301270189221945 -2.5 -9.0 2.5 -9.0 1.8301270189221897 -6.8301270189221945 6.243544180747637 -7.1193976625564375 9.159756150367533 -3.7940952255126055 8.296893720378367 0.5438071450436004
64.0 67.0 15 4.330127018922194 2.500000000000001 4.330127018922193 7.5 6.123233995736766e-16 10.0 -4.330127018922194 7.5 -4.3301270189221945 2.5000000000000013 -8.29689372037837 0.5438071450436057 -9.159756150367537 -3.7940952255126 -6.243544180747646 -7.11939766255643 -1.830127018922198 -6.8301270189221945 -2.5 -9.0 2.5 -9.0 1.8301270189221897 -6.8301270189221945 6.243544180747637 -7.1193976625564375 9.159756150367533 -3.7940952255126055 8.296893720378367 0.5438071450436004
78.0 76.0 15 4.330127018922194 2.500000000000001 4.330127018922193 7.5 6.123233995736766e-16 10.0 -4.330127018922194 7.5 -4.3301270189221945 2.5000000000000013 -8.29689372037837 0.5438071450436057 -9.159756150367537 -3.7940952255126 -6.243544180747646 -7.11939766255643 -1.830127018922198 -6.8301270189221945 -2.5 -9.0 2.5 -9.0 1.8301270189221897 -6.8301270189221945 6.243544180747637 -7.1193976625564375 9.159756150367533 -3.7940952255126055 8.296893720378367 0.5438071450436004
72.0 72.0 15 4.330127018922194 2.500000000000001 4.330127018922193 7.5 6.123233995736766e-16 10.0 -4.330127018922194 7.5 -4.3301270189221945 2.5000000000000013 -8.29689372037837 0.5438071450436057 -9.159756150367537 -3.7940952255126 -6.243544180747646 -7.11939766255643 -1.830127018922198 -6.8301270189221945 -2.5 -9.0 2.5 -9.0 1.8301270189221897 -6.8301270189221945 6.243544180747637 -7.1193976625564375 9.159756150367533 -3.7940952255126055 8.296893720378367 0.5438071450436004
86.0 86.0 15 4.330127018922194 2.500000000000001 4.330127018922193 7.5 6.123233995736766e-16 10.0 -4.330127018922194 7.5 -4.3301270189221945 2.5000000000000013 -8.29689372037837 0.5438071450436057 -9.159756150367537 -3.7940952255126 -6.243544180747646 -7.11939766255643 -1.830127018922198 -6.8301270189221945 -2.5 -9.0 2.5 -9.0 1.8301270189221897 -6.8301270189221945 6.243544180747637 -7.1193976625564375 9.159756150367533 -3.7940952255126055 8.296893720378367 0.5438071450436004
88.0 107.0 15 4.330127018922194 2.500000000000001 4.330127018922193 7.5 6.123233995736766e-16 10.0 -4.330127018922194 7.5 -4.3301270189221945 2.5000000000000013 -8.29689372037837 0.5438071450436057 -9.159756150367537 -3.7940952255126 -6.243544180747646 -7.11939766255643 -1.830127018922198 -6.8301270189221945 -2.5 -9.0 2.5 -9.0 1.8301270189221897 -6.8301270189221945 6.243544180747637 -7.1193976625564375 9.159756150367533 -3.7940952255126055 8.296893720378367 0.5438071450436004
54.0 83.0 15 4.330127018922194 2.500000000000001 4.330127018922193 7.5 6.123233995736766e-16 10.0 -4.330127018922194 7.5 -4.3301270189221945 2.5000000000000013 -8.29689372037837 0.5438071450436057 -9.159756150367537 -3.7940952255126 -6.243544180747646 -7.11939766255643 -1.830127018922198 -6.8301270189221945 -2.5 -9.0 2.5 -9.0 1.8301270189221897 -6.8301270189221945 6.243544180747637 -7.1193976625564375 9.159756150367533 -3.7940952255126055 8.296893720378367 0.5438071450436004
63.0 96.0 15 4.330127018922194 2.500000000000001 4.330127018922193 7.5 6.123233995736766e-16 10.0 -4.330127018922194 7.5 -4.3301270189221945 2.5000000000000013 -8.29689372037837 0.5438071450436057 -9.159756150367537 -3.7940952255126 -6.243544180747646 -7.11939766255643 -1.830127018922198 -6.8301270189221945 -2.5 -9.0 2.5 -9.0 1.8301270189221897 -6.8301270189221945 6.243544180747637 -7.1193976625564375 9.159756150367533 -3.7940952255126055 8.296893720378367 0.5438071450436004
101.0 94.0 15 4.330127018922194 2.500000000000001 4.330127018922193 7.5 6.123233995736766e-16 10.0 -4.330127018922194 7.5 -4.3301270189221945 2.5000000000000013 -8.29689372037837 0.5438071450436057 -9.159756150367537 -3.7940952255126 -6.243544180747646 -7.11939766255643 -1.830127018922198 -6.8301270189221945 -2.5 -9.0 2.5 -9.0 1.8301270189221897 -6.8301270189221945 6.243544180747637 -7.1193976625564375 9.159756150367533 -3.7940952255126055 8.296893720378367 0.5438071450436004
51.0 77.0 15 4.330127018922194 2.500000000000001 4.330127018922193 7.5 6.123233995736766e-16 10.0 -4.330127018922194 7.5 -4.3301270189221945 2.5000000000000013 -8.29689372037837 0.5438071450436057 -9.159756150367537 -3.7940952255126 -6.243544180747646 -7.11939766255643 -1.830127018922198 -6.8301270189221945 -2.5 -9.0 2.5 -9.0 1.8301270189221897 -6.8301270189221945 6.243544180747637 -7.1193976625564375 9.159756150367533 -3.7940952255126055 8.296893720378367 0.5438071450436004
38.0 56.0 15 4.330127018922194 2.500000000000001 4.330127018922193 7.5 6.123233995736766e-16 10.0 -4.330127018922194 7.5 -4.3301270189221945 2.5000000000000013 -8.29689372037837 0.5438071450436057 -9.159756150367537 -3.7940952255126 -6.243544180747646 -7.11939766255643 -1.830127018922198 -6.8301270189221945 -2.5 -9.0 2.5 -9.0 1.8301270189221897 -6.8301270189221945 6.243544180747637 -7.1193976625564375 9.159756150367533 -3.7940952255126055 8.296893720378367 0.5438071450436004
61.0 51.0 15 4.330127018922194 2.500000000000001 4.330127018922193 7.5 6.123233995736766e-16 10.0 -4.330127018922194 7.5 -4.3301270189221945 2.5000000000000013 -8.29689372037837 0.5438071450436057 -9.159756150367537 -3.7940952255126 -6.243544180747646 -7.11939766255643 -1.830127018922198 -6.8301270189221945 -2.5 -9.0 2.5 -9.0 1.8301270189221897 -6.8301270189221945 6.243544180747637 -7.1193976625564375 9.159756150367533 -3.7940952255126055 8.296893720378367 0.5438071450436004
49.0 70.0 15 4.330127018922194 2.500000000000001 4.330127018922193 7.5 6.123233995736766e-16 10.0 -4.330127018922194 7.5 -4.3301270189221945 2.5000000000000013 -8.29689372037837 0.5438071450436057 -9.159756150367537 -3.7940952255126 -6.243544180747646 -7.11939766255643 -1.830127018922198 -6.8301270189221945 -2.5 -9.0 2.5 -9.0 1.8301270189221897 -6.8301270189221945 6.243544180747637 -7.1193976625564375 9.159756150367533 -3.7940952255126055 8.296893720378367 0.5438071450436004
45.0 43.0 15 4.330127018922194 2.500000000000001 4.330127018922193 7.5 6.123233995736766e-16 10.0 -4.330127018922194 7.5 -4.3301270189221945 2.5000000000000013 -8.29689372037837 0.5438071450436057 -9.159756150367537 -3.7940952255126 -6.243544180747646 -7.11939766255643 -1.830127018922198 -6.8301270189221945 -2.5 -9.0 2.5 -9.0 1.8301270189221897 -6.8301270189221945 6.243544180747637 -7.1193976625564375 9.159756150367533 -3.7940952255126055 8.296893720378367 0.5438071450436004
111.0 99.0 15 4.330127018922194 2.500000000000001 4.330127018922193 7.5 6.123233995736766e-16 10.0 -4.330127018922194 7.5 -4.3301270189221945 2.5000000000000013 -8.29689372037837 0.5438071450436057 -9.159756150367537 -3.7940952255126 -6.243544180747646 -7.11939766255643 -1.830127018922198 -6.8301270189221945 -2.5 -9.0 2.5 -9.0 1.8301270189221897 -6.8301270189221945 6.243544180747637 -7.1193976625564375 9.159756150367533 -3.7940952255126055 8.296893720378367 0.5438071450436004
36.0 64.0 15 4.330127018922194 2.500000000000001 4.330127018922193 7.5 6.123233995736766e-16 10.0 -4.330127018922194 7.5 -4.3301270189221945 2.5000000000000013 -8.29689372037837 0.5438071450436057 -9.159756150367537 -3.7940952255126 -6.243544180747646 -7.11939766255643 -1.830127018922198 -6.8301270189221945 -2.5 -9.0 2.5 -9.0 1.8301270189221897 -6.8301270189221945 6.243544180747637 -7.1193976625564375 9.159756150367533 -3.7940952255126055 8.296893720378367 0.5438071450436004
77.0 55.0 15 4.330127018922194 2.500000000000001 4.330127018922193 7.5 6.123233995736766e-16 10.0 -4.330127018922194 7.5 -4.3301270189221945 2.5000000000000013 -8.29689372037837 0.5438071450436057 -9.159756150367537 -3.7940952255126 -6.243544180747646 -7.11939766255643 -1.830127018922198 -6.8301270189221945 -2.5 -9.0 2.5 -9.0 1.8301270189221897 -6.8301270189221945 6.243544180747637 -7.1193976625564375 9.159756150367533 -3.7940952255126055 8.296893720378367 0.5438071450436004
109.0 45.0 15 4.330127018922194 2.500000000000001 4.330127018922193 7.5 6.123233995736766e-16 10.0 -4.330127018922194 7.5 -4.3301270189221945 2.5000000000000013 -8.29689372037837 0.5438071450436057 -9.159756150367537 -3.7940952255126 -6.243544180747646 -7.11939766255643 -1.830127018922198 -6.8301270189221945 -2.5 -9.0 2.5 -9.0 1.8301270189221897 -6.8301270189221945 6.243544180747637 -7.1193976625564375 9.159756150367533 -3.7940952255126055 8.296893720378367 0.5438071450436004
42.0 46.0 15 4.330127018922194 2.500000000000001 4.330127018922193 7.5 6.123233995736766e-16 10.0 -4.330127018922194 7.5 -4.3301270189221945 2.5000000000000013 -8.29689372037837 0.5438071450436057 -9.159756150367537 -3.7940952255126 -6.243544180747646 -7.11939766255643 -1.830127018922198 -6.8301270189221945 -2.5 -9.0 2.5 -9.0 1.8301270189221897 -6.8301270189221945 6.243544180747637 -7.1193976625564375 9.159756150367533 -3.7940952255126055 8.296893720378367 0.5438071450436004
100.0 52.0 15 4.330127018922194 2.500000000000001 4.330127018922193 7.5 6.123233995736766e-16 10.0 -4.330127018922194 7.5 -4.3301270189221945 2.5000000000000013 -8.29689372037837 0.5438071450436057 -9.159756150367537 -3.7940952255126 -6.243544180747646 -7.11939766255643 -1.830127018922198 -6.8301270189221945 -2.5 -9.0 2.5 -9.0 1.8301270189221897 -6.8301270189221945 6.243544180747637 -7.1193976625564375 9.159756150367533 -3.7940952255126055 8.296893720378367 0.5438071450436004
94.0 46.0 15 4.330127018922194 2.500000000000001 4.330127018922193 7.5 6.123233995736766e-16 10.0 -4.330127018922194 7.5 -4.3301270189221945 2.5000000000000013 -8.29689372037837 0.5438071450436057 -9.159756150367537 -3.7940952255126 -6.243544180747646 -7.11939766255643 -1.830127018922198 -6.8301270189221945 -2.5 -9.0 2.5 -9.0 1.8301270189221897 -6.8301270189221945 6.243544180747637 -7.1193976625564375 9.159756150367533 -3.7940952255126055 8.296893720378367 0.5438071450436004
31.0 46.0 15 4.330127018922194 2.500000000000001 4.330127018922193 7.5 6.123233995736766e-16 10.0 -4.330127018922194 7.5 -4.3301270189221945 2.5000000000000013 -8.29689372037837 0.5438071450436057 -9.159756150367537 -3.7940952255126 -6.243544180747646 -7.11939766255643 -1.830127018922198 -6.8301270189221945 -2.5 -9.0 2.5 -9.0 1.8301270189221897 -6.8301270189221945 6.243544180747637 -7.1193976625564375 9.159756150367533 -3.7940952255126055 8.296893720378367 0.5438071450436004
54.0 44.0 15 4.330127018922194 2.500000000000001 4.330127018922193 7.5 6.123233995736766e-16 10.0 -4.330127018922194 7.5 -4.3301270189221945 2.5000000000000013 -8.29689372037837 0.5438071450436057 -9.159756150367537 -3.7940952255126 -6.243544180747646 -7.11939766255643 -1.830127018922198 -6.8301270189221945 -2.5 -9.0 2.5 -9.0 1.8301270189221897 -6.8301270189221945 6.243544180747637 -7.1193976625564375 9.159756150367533 -3.7940952255126055 8.296893720378367 0.5438071450436004
93.0 102.0 15 4.330127018922194 2.500000000000001 4.330127018922193 7.5 6.123233995736766e-16 10.0 -4.330127018922194 7.5 -4.3301270189221945 2.5000000000000013 -8.29689372037837 0.5438071450436057 -9.159756150367537 -3.7940952255126 -6.243544180747646 -7.11939766255643 -1.830127018922198 -6.8301270189221945 -2.5 -9.0 2.5 -9.0 1.8301270189221897 -6.8301270189221945 6.243544180747637 -7.1193976625564375 9.159756150367533 -3.7940952255126055 8.296893720378367 0.5438071450436004
108.0 59.0 15 4.330127018922194 2.500000000000001 4.330127018922193 7.5 6.123233995736766e-16 10.0 -4.330127018922194 7.5 -4.3301270189221945 2.5000000000000013 -8.29689372037837 0.5438071450436057 -9.159756150367537 -3.7940952255126 -6.243544180747646 -7.11939766255643 -1.830127018922198 -6.8301270189221945 -2.5 -9.0 2.5 -9.0 1.8301270189221897 -6.8301270189221945 6.243544180747637 -7.1193976625564375 9.159756150367533 -3.7940952255126055 8.296893720378367 0.5438071450436004
55.0 102.0 15 4.330127018922194 2.500000000000001 4.330127018922193 7.5 6.123233995736766e-16 10.0 -4.330127018922194 7.5 -4.3301270189221945 2.5000000000000013 -8.29689372037837 0.5438071450436057 -9.159756150367537 -3.7940952255126 -6.243544180747646 -7.11939766255643 -1.830127018922198 -6.8301270189221945 -2.5 -9.0 2.5 -9.0 1.8301270189221897 -6.8301270189221945 6.243544180747637 -7.1193976625564375 9.159756150367533 -3.7940952255126055 8.296893720378367 0.5438071450436004
73.0 25.0 15 4.330127018922194 2.500000000000001 4.330127018922193 7.5 6.123233995736766e-16 10.0 -4.330127018922194 7.5 -4.3301270189221945 2.5000000000000013 -8.29689372037837 0.5438071450436057 -9.159756150367537 -3.7940952255126 -6.243544180747646 -7.11939766255643 -1.830127018922198 -6.8301270189221945 -2.5 -9.0 2.5 -9.0 1.8301270189221897 -6.8301270189221945 6.243544180747637 -7.1193976625564375 9.159756150367533 -3.7940952255126055 8.296893720378367 0.5438071450436004
50.0 103.0 15 4.330127018922194 2.500000000000001 4.330127018922193 7.5 6.123233995736766e-16 10.0 -4.330127018922194 7.5 -4.3301270189221945 2.5000000000000013 -8.29689372037837 0.5438071450436057 -9.159756150367537 -3.7940952255126 -6.243544180747646 -7.11939766255643 -1.830127018922198 -6.8301270189221945 -2.5 -9.0 2.5 -9.0 1.8301270189221897 -6.8301270189221945 6.243544180747637 -7.1193976625564375 9.159756150367533 -3.7940952255126055 8.296893720378367 0.5438071450436004
67.0 111.0 15 4.330127018922194 2.500000000000001 4.330127018922193 7.5 6.123233995736766e-16 10.0 -4.330127018922194 7.5 -4.3301270189221945 2.5000000000000013 -8.29689372037837 0.5438071450436057 -9.159756150367537 -3.7940952255126 -6.243544180747646 -7.11939766255643 -1.830127018922198 -6.8301270189221945 -2.5 -9.0 2.5 -9.0 1.8301270189221897 -6.8301270189221945 6.243544180747637 -7.1193976625564375 9.159756150367533 -3.7940952255126055 8.296893720378367 0.5438071450436004
124.0 89.0 15 4.330127018922194 2.500000000000001 4.330127018922193 7.5 6.123233995736766e-16 10.0 -4.330127018922194 7.5 -4.3301270189221945 2.5000000000000013 -8.29689372037837 0.5438071450436057 -9.159756150367537 -3.7940952255126 -6.243544180747646 -7.11939766255643 -1.830127018922198 -6.8301270189221945 -2.5 -9.0 2.5 -9.0 1.8301270189221897 -6.8301270189221945 6.243544180747637 -7.1193976625564375 9.159756150367533 -3.7940952255126055 8.296893720378367 0.5438071450436004
35.0 113.0 15 4.330127018922194 2.500000000000001 4.330127018922193 7.5 6.123233995736766e-16 10.0 -4.330127018922194 7.5 -4.3301270189221945 2.5000000000000013 -8.29689372037837 0.5438071450436057 -9.159756150367537 -3.7940952255126 -6.243544180747646 -7.11939766255643 -1.830127018922198 -6.8301270189221945 -2.5 -9.0 2.5 -9.0 1.8301270189221897 -6.8301270189221945 6.243544180747637 -7.1193976625564375 9.159756150367533 -3.7940952255126055 8.296893720378367 0.5438071450436004
25.0 107.0 15 4.330127018922194 2.500000000000001 4.330127018922193 7.5 6.123233995736766e-16 10.0 -4.330127018922194 7.5 -4.3301270189221945 2.5000000000000013 -8.29689372037837 0.5438071450436057 -9.159756150367537 -3.7940952255126 -6.243544180747646 -7.11939766255643 -1.830127018922198 -6.8301270189221945 -2.5 -9.0 2.5 -9.0 1.8301270189221897 -6.8301270189221945 6.243544180747637 -7.1193976625564375 9.159756150367533 -3.7940952255126055 8.296893720378367 0.5438071450436004
109.0 83.0 15 4.330127018922194 2.500000000000001 4.330127018922193 7.5 6.123233995736766e-16 10.0 -4.330127018922194 7.5 -4.3301270189221945 2.5000000000000013 -8.29689372037837 0.5438071450436057 -9.159756150367537 -3.7940952255126 -6.243544180747646 -7.11939766255643 -1.830127018922198 -6.8301270189221945 -2.5 -9.0 2.5 -9.0 1.8301270189221897 -6.8301270189221945 6.243544180747637 -7.1193976625564375 9.159756150367533 -3.7940952255126055 8.296893720378367 0.5438071450436004
59.0 109.0 15 4.330127018922194 2.500000000000001 4.330127018922193 7.5 6.123233995736766e-16 10.0 -4.330127018922194 7.5 -4.3301270189221945 2.5000000000000013 -8.29689372037837 0.5438071450436057 -9.159756150367537 -3.7940952255126 -6.243544180747646 -7.11939766255643 -1.830127018922198 -6.8301270189221945 -2.5 -9.0 2.5 -9.0 1.8301270189221897 -6.8301270189221945 6.243544180747637 -7.1193976625564375 9.159756150367533 -3.7940952255126055 8.296893720378367 0.5438071450436004
80.0 113.0 15 4.330127018922194 2.500000000000001 4.330127018922193 7.5 6.123233995736766e-16 10.0 -4.330127018922194 7.5 -4.3301270189221945 2.5000000000000013 -8.29689372037837 0.5438071450436057 -9.159756150367537 -3.7940952255126 -6.243544180747646 -7.11939766255643 -1.830127018922198 -6.8301270189221945 -2.5 -9.0 2.5 -9.0 1.8301270189221897 -6.8301270189221945 6.243544180747637 -7.1193976625564375 9.159756150367533 -3.7940952255126055 8.296893720378367 0.5438071450436004
97.0 124.0 15 4.330127018922194 2.500000000000001 4.330127018922193 7.5 6.123233995736766e-16 10.0 -4.330127018922194 7.5 -4.3301270189221945 2.5000000000000013 -8.29689372037837 0.5438071450436057 -9.159756150367537 -3.7940952255126 -6.243544180747646 -7.11939766255643 -1.830127018922198 -6.8301270189221945 -2.5 -9.0 2.5 -9.0 1.8301270189221897 -6.8301270189221945 6.243544180747637 -7.1193976625564375 9.159756150367533 -3.7940952255126055 8.296893720378367 0.5438071450436004
46.0 83.0 15 4.330127018922194 2.500000000000001 4.330127018922193 7.5 6.123233995736766e-16 10.0 -4.330127018922194 7.5 -4.3301270189221945 2.5000000000000013 -8.29689372037837 0.5438071450436057 -9.159756150367537 -3.7940952255126 -6.243544180747646 -7.11939766255643 -1.830127018922198 -6.8301270189221945 -2.5 -9.0 2.5 -9.0 1.8301270189221897 -6.8301270189221945 6.243544180747637 -7.1193976625564375 9.159756150367533 -3.7940952255126055 8.296893720378367 0.5438071450436004
33.0 75.0 15 4.330127018922194 2.500000000000001 4.330127018922193 7.5 6.123233995736766e-16 10.0 -4.330127018922194 7.5 -4.3301270189221945 2.5000000000000013 -8.29689372037837 0.5438071450436057 -9.159756150367537 -3.7940952255126 -6.243544180747646 -7.11939766255643 -1.830127018922198 -6.8301270189221945 -2.5 -9.0 2.5 -9.0 1.8301270189221897 -6.8301270189221945 6.243544180747637 -7.1193976625564375 9.159756150367533 -3.7940952255126055 8.296893720378367 0.5438071450436004
55.0 34.0 15 4.330127018922194 2.500000000000001 4.330127018922193 7.5 6.123233995736766e-16 10.0 -4.330127018922194 7.5 -4.3301270189221945 2.5000000000000013 -8.29689372037837 0.5438071450436057 -9.159756150367537 -3.7940952255126 -6.243544180747646 -7.11939766255643 -1.830127018922198 -6.8301270189221945 -2.5 -9.0 2.5 -9.0 1.8301270189221897 -6.8301270189221945 6.243544180747637 -7.1193976625564375 9.159756150367533 -3.7940952255126055 8.296893720378367 0.5438071450436004
63.0 30.0 15 4.330127018922194 2.500000000000001 4.330127018922193 7.5 6.123233995736766e-16 10.0 -4.330127018922194 7.5 -4.3301270189221945 2.5000000000000013 -8.29689372037837 0.5438071450436057 -9.159756150367537 -3.7940952255126 -6.243544180747646 -7.11939766255643 -1.830127018922198 -6.8301270189221945 -2.5 -9.0 2.5 -9.0 1.8301270189221897 -6.8301270189221945 6.243544180747637 -7.1193976625564375 9.159756150367533 -3.7940952255126055 8.296893720378367 0.5438071450436004
92.0 79.0 15 4.330127018922194 2.500000000000001 4.330127018922193 7.5 6.123233995736766e-16 10.0 -4.330127018922194 7.5 -4.3301270189221945 2.5000000000000013 -8.29689372037837 0.5438071450436057 -9.159756150367537 -3.7940952255126 -6.243544180747646 -7.11939766255643 -1.830127018922198 -6.8301270189221945 -2.5 -9.0 2.5 -9.0 1.8301270189221897 -6.8301270189221945 6.243544180747637 -7.1193976625564375 9.159756150367533 -3.7940952255126055 8.296893720378367 0.5438071450436004
81.0 42.0 15 4.330127018922194 2.500000000000001 4.330127018922193 7.5 6.123233995736766e-16 10.0 -4.330127018922194 7.5 -4.3301270189221945 2.5000000000000013 -8.29689372037837 0.5438071450436057 -9.159756150367537 -3.7940952255126 -6.243544180747646 -7.11939766255643 -1.830127018922198 -6.8301270189221945 -2.5 -9.0 2.5 -9.0 1.8301270189221897 -6.8301270189221945 6.243544180747637 -7.1193976625564375 9.159756150367533 -3.7940952255126055 8.296893720378367 0.5438071450436004
97.0 88.0 15 4.330127018922194 2.500000000000001 4.330127018922193 7.5 6.123233995736766e-16 10.0 -4.330127018922194 7.5 -4.3301270189221945 2.5000000000000013 -8.29689372037837 0.5438071450436057 -9.159756150367537 -3.7940952255126 -6.243544180747646 -7.11939766255643 -1.830127018922198 -6.8301270189221945 -2.5 -9.0 2.5 -9.0 1.8301270189221897 -6.8301270189221945 6.243544180747637 -7.1193976625564375 9.159756150367533 -3.7940952255126055 8.296893720378367 0.5438071450436004
25.0 82.0 15 4.330127018922194 2.500000000000001 4.330127018922193 7.5 6.123233995736766e-16 10.0 -4.330127018922194 7.5 -4.3301270189221945 2.5000000000000013 -8.29689372037837 0.5438071450436057 -9.159756150367537 -3.7940952255126 -6.243544180747646 -7.11939766255643 -1.830127018922198 -6.8301270189221945 -2.5 -9.0 2.5 -9.0 1.8301270189221897 -6.8301270189221945 6.243544180747637 -7.1193976625564375 9.159756150367533 -3.7940952255126055 8.296893720378367 0.5438071450436004
