50
54.207000732421875 537.9199829101562 13 -19.091883092036785 -3.818376618407357 -22.25512985522207 -11.455129855222072 -19.09188309203678 -19.091883092036785 -11.455129855222069 -22.255129855222073 -3.8183766184073535 -19.091883092036785 -6.75 -24.3 6.75 -24.3 3.818376618407357 -19.091883092036785 11.45512985522207 -22.25512985522207 19.091883092036785 -19.09188309203678 22.255129855222073 -11.455129855222069 19.091883092036785 -3.8183766184073553 0.0 27.0
99.3759994506836 459.4200134277344 13 -19.091883092036785 -3.818376618407357 -22.25512985522207 -11.455129855222072 -19.09188309203678 -19.091883092036785 -11.455129855222069 -22.255129855222073 -3.8183766184073535 -19.091883092036785 -6.75 -24.3 6.75 -24.3 3.818376618407357 -19.091883092036785 11.45512985522207 -22.25512985522207 19.091883092036785 -19.09188309203678 22.255129855222073 -11.455129855222069 19.091883092036785 -3.8183766184073553 0.0 27.0
185.88999938964844 457.07000732421875 13 -19.091883092036785 -3.818376618407357 -22.25512985522207 -11.455129855222072 -19.09188309203678 -19.091883092036785 -11.455129855222069 -22.255129855222073 -3.8183766184073535 -19.091883092036785 -6.75 -24.3 6.75 -24.3 3.818376618407357 -19.091883092036785 11.45512985522207 -22.25512985522207 19.091883092036785 -19.09188309203678 22.255129855222073 -11.455129855222069 19.091883092036785 -3.8183766184073553 0.0 27.0
144.49000549316406 277.260009765625 13 -19.091883092036785 -3.818376618407357 -22.25512985522207 -11.455129855222072 -19.09188309203678 -19.091883092036785 -11.455129855222069 -22.255129855222073 -3.8183766184073535 -19.091883092036785 -6.75 -24.3 6.75 -24.3 3.818376618407357 -19.091883092036785 11.45512985522207 -22.25512985522207 19.091883092036785 -19.09188309203678 22.255129855222073 -11.455129855222069 19.091883092036785 -3.8183766184073553 0.0 27.0
248.47000122070312 528.5 13 -19.091883092036785 -3.818376618407357 -22.25512985522207 -11.455129855222072 -19.09188309203678 -19.091883092036785 -11.455129855222069 -22.255129855222073 -3.8183766184073535 -19.091883092036785 -6.75 -24.3 6.75 -24.3 3.818376618407357 -19.091883092036785 11.45512985522207 -22.25512985522207 19.091883092036785 -19.09188309203678 22.255129855222073 -11.455129855222069 19.091883092036785 -3.8183766184073553 0.0 27.0
165.83999633789062 360.3500061035156 13 -19.091883092036785 -3.818376618407357 -22.25512985522207 -11.455129855222072 -19.09188309203678 -19.091883092036785 -11.455129855222069 -22.255129855222073 -3.8183766184073535 -19.091883092036785 -6.75 -24.3 6.75 -24.3 3.818376618407357 -19.091883092036785 11.45512985522207 -22.25512985522207 19.091883092036785 -19.09188309203678 22.255129855222073 -11.455129855222069 19.091883092036785 -3.8183766184073553 0.0 27.0
322.1499938964844 431.9800109863281 13 -19.091883092036785 -3.818376618407357 -22.25512985522207 -11.455129855222072 -19.09188309203678 -19.091883092036785 -11.455129855222069 -22.255129855222073 -3.8183766184073535 -19.091883092036785 -6.75 -24.3 6.75 -24.3 3.818376618407357 -19.091883092036785 11.45512985522207 -22.25512985522207 19.091883092036785 -19.09188309203678 22.255129855222073 -11.455129855222069 19.091883092036785 -3.8183766184073553 0.0 27.0
455.2099914550781 391.2799987792969 13 -19.091883092036785 -3.818376618407357 -22.25512985522207 -11.455129855222072 -19.09188309203678 -19.091883092036785 -11.455129855222069 -22.255129855222073 -3.8183766184073535 -19.091883092036785 -6.75 -24.3 6.75 -24.3 3.818376618407357 -19.091883092036785 11.45512985522207 -22.25512985522207 19.091883092036785 -19.09188309203678 22.255129855222073 -11.455129855222069 19.091883092036785 -3.8183766184073553 0.0 27.0
457.1400146484375 292.6400146484375 13 -19.091883092036785 -3.818376618407357 -22.25512985522207 -11.455129855222072 -19.09188309203678 -19.091883092036785 -11.455129855222069 -22.255129855222073 -3.8183766184073535 -19.091883092036785 -6.75 -24.3 6.75 -24.3 3.818376618407357 -19.091883092036785 11.45512985522207 -22.25512985522207 19.091883092036785 -19.09188309203678 22.255129855222073 -11.455129855222069 19.091883092036785 -3.8183766184073553 0.0 27.0
443.9599914550781 353.7900085449219 13 -19.091883092036785 -3.818376618407357 -22.25512985522207 -11.455129855222072 -19.09188309203678 -19.091883092036785 -11.455129855222069 -22.255129855222073 -3.8183766184073535 -19.091883092036785 -6.75 -24.3 6.75 -24.3 3.818376618407357 -19.091883092036785 11.45512985522207 -22.25512985522207 19.091883092036785 -19.09188309203678 22.255129855222073 -11.455129855222069 19.091883092036785 -3.8183766184073553 0.0 27.0
280.69000244140625 314.3399963378906 13 -19.091883092036785 -3.818376618407357 -22.25512985522207 -11.455129855222072 -19.09188309203678 -19.091883092036785 -11.455129855222069 -22.255129855222073 -3.8183766184073535 -19.091883092036785 -6.75 -24.3 6.75 -24.3 3.818376618407357 -19.091883092036785 11.45512985522207 -22.25512985522207 19.091883092036785 -19.09188309203678 22.255129855222073 -11.455129855222069 19.091883092036785 -3.8183766184073553 0.0 27.0
402.6099853515625 242.47999572753906 13 -19.091883092036785 -3.818376618407357 -22.25512985522207 -11.455129855222072 -19.09188309203678 -19.091883092036785 -11.455129855222069 -22.255129855222073 -3.8183766184073535 -19.091883092036785 -6.75 -24.3 6.75 -24.3 3.818376618407357 -19.091883092036785 11.45512985522207 -22.25512985522207 19.091883092036785 -19.09188309203678 22.255129855222073 -11.455129855222069 19.091883092036785 -3.8183766184073553 0.0 27.0
371.17999267578125 404.2200012207031 13 -19.091883092036785 -3.818376618407357 -22.25512985522207 -11.455129855222072 -19.09188309203678 -19.091883092036785 -11.455129855222069 -22.255129855222073 -3.8183766184073535 -19.091883092036785 -6.75 -24.3 6.75 -24.3 3.818376618407357 -19.091883092036785 11.45512985522207 -22.25512985522207 19.091883092036785 -19.09188309203678 22.255129855222073 -11.455129855222069 19.091883092036785 -3.8183766184073553 0.0 27.0
506.2900085449219 338.45001220703125 13 -19.091883092036785 -3.818376618407357 -22.25512985522207 -11.455129855222072 -19.09188309203678 -19.091883092036785 -11.455129855222069 -22.255129855222073 -3.8183766184073535 -19.091883092036785 -6.75 -24.3 6.75 -24.3 3.818376618407357 -19.091883092036785 11.45512985522207 -22.25512985522207 19.091883092036785 -19.09188309203678 22.255129855222073 -11.455129855222069 19.091883092036785 -3.8183766184073553 0.0 27.0
370.94000244140625 274.0799865722656 13 -19.091883092036785 -3.818376618407357 -22.25512985522207 -11.455129855222072 -19.09188309203678 -19.091883092036785 -11.455129855222069 -22.255129855222073 -3.8183766184073535 -19.091883092036785 -6.75 -24.3 6.75 -24.3 3.818376618407357 -19.091883092036785 11.45512985522207 -22.25512985522207 19.091883092036785 -19.09188309203678 22.255129855222073 -11.455129855222069 19.091883092036785 -3.8183766184073553 0.0 27.0
483.489990234375 223.91000366210938 13 -19.091883092036785 -3.818376618407357 -22.25512985522207 -11.455129855222072 -19.09188309203678 -19.091883092036785 -11.455129855222069 -22.255129855222073 -3.8183766184073535 -19.091883092036785 -6.75 -24.3 6.75 -24.3 3.818376618407357 -19.091883092036785 11.45512985522207 -22.25512985522207 19.091883092036785 -19.09188309203678 22.255129855222073 -11.455129855222069 19.091883092036785 -3.8183766184073553 0.0 27.0
648.5700073242188 329.4200134277344 13 -19.091883092036785 -3.818376618407357 -22.25512985522207 -11.455129855222072 -19.09188309203678 -19.091883092036785 -11.455129855222069 -22.255129855222073 -3.8183766184073535 -19.091883092036785 -6.75 -24.3 6.75 -24.3 3.818376618407357 -19.091883092036785 11.45512985522207 -22.25512985522207 19.091883092036785 -19.09188309203678 22.255129855222073 -11.455129855222069 19.091883092036785 -3.8183766184073553 0.0 27.0
374.8399963378906 204.52999877929688 13 -19.091883092036785 -3.818376618407357 -22.25512985522207 -11.455129855222072 -19.09188309203678 -19.091883092036785 -11.455129855222069 -22.255129855222073 -3.8183766184073535 -19.091883092036785 -6.75 -24.3 6.75 -24.3 3.818376618407357 -19.091883092036785 11.45512985522207 -22.25512985522207 19.091883092036785 -19.09188309203678 22.255129855222073 -11.455129855222069 19.091883092036785 -3.8183766184073553 0.0 27.0
289.2200012207031 161.8699951171875 13 -19.091883092036785 -3.818376618407357 -22.25512985522207 -11.455129855222072 -19.09188309203678 -19.091883092036785 -11.455129855222069 -22.255129855222073 -3.8183766184073535 -19.091883092036785 -6.75 -24.3 6.75 -24.3 3.818376618407357 -19.091883092036785 11.45512985522207 -22.25512985522207 19.091883092036785 -19.09188309203678 22.255129855222073 -11.455129855222069 19.091883092036785 -3.8183766184073553 0.0 27.0
288.79998779296875 269.5199890136719 13 -19.091883092036785 -3.818376618407357 -22.25512985522207 -11.455129855222072 -19.09188309203678 -19.091883092036785 -11.455129855222069 -22.255129855222073 -3.8183766184073535 -19.091883092036785 -6.75 -24.3 6.75 -24.3 3.818376618407357 -19.091883092036785 11.45512985522207 -22.25512985522207 19.091883092036785 -19.09188309203678 22.255129855222073 -11.455129855222069 19.091883092036785 -3.8183766184073553 0.0 27.0
616.6900024414062 236.19000244140625 13 -19.091883092036785 -3.818376618407357 -22.25512985522207 -11.455129855222072 -19.09188309203678 -19.091883092036785 -11.455129855222069 -22.255129855222073 -3.8183766184073535 -19.091883092036785 -6.75 -24.3 6.75 -24.3 3.818376618407357 -19.091883092036785 11.45512985522207 -22.25512985522207 19.091883092036785 -19.09188309203678 22.255129855222073 -11.455129855222069 19.091883092036785 -3.8183766184073553 0.0 27.0
508.0400085449219 288.45001220703125 13 -19.091883092036785 -3.818376618407357 -22.25512985522207 -11.455129855222072 -19.09188309203678 -19.091883092036785 -11.455129855222069 -22.255129855222073 -3.8183766184073535 -19.091883092036785 -6.75 -24.3 6.75 -24.3 3.818376618407357 -19.091883092036785 11.45512985522207 -22.25512985522207 19.091883092036785 -19.09188309203678 22.255129855222073 -11.455129855222069 19.091883092036785 -3.8183766184073553 0.0 27.0
626.2899780273438 377.05999755859375 13 -19.091883092036785 -3.818376618407357 -22.25512985522207 -11.455129855222072 -19.09188309203678 -19.091883092036785 -11.455129855222069 -22.255129855222073 -3.8183766184073535 -19.091883092036785 -6.75 -24.3 6.75 -24.3 3.818376618407357 -19.091883092036785 11.45512985522207 -22.25512985522207 19.091883092036785 -19.09188309203678 22.255129855222073 -11.455129855222069 19.091883092036785 -3.8183766184073553 0.0 27.0
731.7000122070312 248.07000732421875 13 -19.091883092036785 -3.818376618407357 -22.25512985522207 -11.455129855222072 -19.09188309203678 -19.091883092036785 -11.455129855222069 -22.255129855222073 -3.8183766184073535 -19.091883092036785 -6.75 -24.3 6.75 -24.3 3.818376618407357 -19.091883092036785 11.45512985522207 -22.25512985522207 19.091883092036785 -19.09188309203678 22.255129855222073 -11.455129855222069 19.091883092036785 -3.8183766184073553 0.0 27.0
352.3800048828125 106.68000030517578 13 -19.091883092036785 -3.818376618407357 -22.25512985522207 -11.455129855222072 -19.09188309203678 -19.091883092036785 -11.455129855222069 -22.255129855222073 -3.8183766184073535 -19.091883092036785 -6.75 -24.3 6.75 -24.3 3.818376618407357 -19.091883092036785 11.45512985522207 -22.25512985522207 19.091883092036785 -19.09188309203678 22.255129855222073 -11.455129855222069 19.091883092036785 -3.8183766184073553 0.0 27.0
499.510009765625 155.77999877929688 13 -19.091883092036785 -3.818376618407357 -22.25512985522207 -11.455129855222072 -19.09188309203678 -19.091883092036785 -11.455129855222069 -22.255129855222073 -3.8183766184073535 -19.091883092036785 -6.75 -24.3 6.75 -24.3 3.818376618407357 -19.091883092036785 11.45512985522207 -22.25512985522207 19.091883092036785 -19.09188309203678 22.255129855222073 -11.455129855222069 19.091883092036785 -3.8183766184073553 0.0 27.0
475.07000732421875 114.3499984741211 13 -19.091883092036785 -3.818376618407357 -22.25512985522207 -11.455129855222072 -19.09188309203678 -19.091883092036785 -11.455129855222069 -22.255129855222073 -3.8183766184073535 -19.091883092036785 -6.75 -24.3 6.75 -24.3 3.818376618407357 -19.091883092036785 11.45512985522207 -22.25512985522207 19.091883092036785 -19.09188309203678 22.255129855222073 -11.455129855222069 19.091883092036785 -3.8183766184073553 0.0 27.0
44.54899978637695 317.0199890136719 13 -19.091883092036785 -3.818376618407357 -22.25512985522207 -11.455129855222072 -19.09188309203678 -19.091883092036785 -11.455129855222069 -22.255129855222073 -3.8183766184073535 -19.091883092036785 -6.75 -24.3 6.75 -24.3 3.818376618407357 -19.091883092036785 11.45512985522207 -22.25512985522207 19.091883092036785 -19.09188309203678 22.255129855222073 -11.455129855222069 19.091883092036785 -3.8183766184073553 0.0 27.0
200.27000427246094 336.67999267578125 13 -19.091883092036785 -3.818376618407357 -22.25512985522207 -11.455129855222072 -19.09188309203678 -19.091883092036785 -11.455129855222069 -22.255129855222073 -3.8183766184073535 -19.091883092036785 -6.75 -24.3 6.75 -24.3 3.818376618407357 -19.091883092036785 11.45512985522207 -22.25512985522207 19.091883092036785 -19.09188309203678 22.255129855222073 -11.455129855222069 19.091883092036785 -3.8183766184073553 0.0 27.0
371.3900146484375 434.1000061035156 13 -19.091883092036785 -3.818376618407357 -22.25512985522207 -11.455129855222072 -19.09188309203678 -19.091883092036785 -11.455129855222069 -22.255129855222073 -3.8183766184073535 -19.091883092036785 -6.75 -24.3 6.75 -24.3 3.818376618407357 -19.091883092036785 11.45512985522207 -22.25512985522207 19.091883092036785 -19.09188309203678 22.255129855222073 -11.455129855222069 19.091883092036785 -3.8183766184073553 0.0 27.0
27.0 218.9199981689453 13 -19.091883092036785 -3.818376618407357 -22.25512985522207 -11.455129855222072 -19.09188309203678 -19.091883092036785 -11.455129855222069 -22.255129855222073 -3.8183766184073535 -19.091883092036785 -6.75 -24.3 6.75 -24.3 3.818376618407357 -19.091883092036785 11.45512985522207 -22.25512985522207 19.091883092036785 -19.09188309203678 22.255129855222073 -11.455129855222069 19.091883092036785 -3.8183766184073553 0.0 27.0
199.72000122070312 230.75999450683594 13 -19.091883092036785 -3.818376618407357 -22.25512985522207 -11.455129855222072 -19.09188309203678 -19.091883092036785 -11.455129855222069 -22.255129855222073 -3.8183766184073535 -19.091883092036785 -6.75 -24.3 6.75 -24.3 3.818376618407357 -19.091883092036785 11.45512985522207 -22.25512985522207 19.091883092036785 -19.09188309203678 22.255129855222073 -11.455129855222069 19.091883092036785 -3.8183766184073553 0.0 27.0
147.99000549316406 251.49000549316406 13 -19.091883092036785 -3.818376618407357 -22.25512985522207 -11.455129855222072 -19.09188309203678 -19.091883092036785 -11.455129855222069 -22.255129855222073 -3.8183766184073535 -19.091883092036785 -6.75 -24.3 6.75 -24.3 3.818376618407357 -19.091883092036785 11.45512985522207 -22.25512985522207 19.091883092036785 -19.09188309203678 22.255129855222073 -11.455129855222069 19.091883092036785 -3.8183766184073553 0.0 27.0
372.5299987792969 546.8499755859375 13 -19.091883092036785 -3.818376618407357 -22.25512985522207 -11.455129855222072 -19.09188309203678 -19.091883092036785 -11.455129855222069 -22.255129855222073 -3.8183766184073535 -19.091883092036785 -6.75 -24.3 6.75 -24.3 3.818376618407357 -19.091883092036785 11.45512985522207 -22.25512985522207 19.091883092036785 -19.09188309203678 22.255129855222073 -11.455129855222069 19.091883092036785 -3.8183766184073553 0.0 27.0
172.9600067138672 140.19000244140625 13 -19.091883092036785 -3.818376618407357 -22.25512985522207 -11.455129855222072 -19.09188309203678 -19.091883092036785 -11.455129855222069 -22.255129855222073 -3.8183766184073535 -19.091883092036785 -6.75 -24.3 6.75 -24.3 3.818376618407357 -19.091883092036785 11.45512985522207 -22.25512985522207 19.091883092036785 -19.09188309203678 22.255129855222073 -11.455129855222069 19.091883092036785 -3.8183766184073553 0.0 27.0
258.6199951171875 420.1199951171875 13 -19.091883092036785 -3.818376618407357 -22.25512985522207 -11.455129855222072 -19.09188309203678 -19.091883092036785 -11.455129855222069 -22.255129855222073 -3.8183766184073535 -19.091883092036785 -6.75 -24.3 6.75 -24.3 3.818376618407357 -19.091883092036785 11.45512985522207 -22.25512985522207 19.091883092036785 -19.09188309203678 22.255129855222073 -11.455129855222069 19.091883092036785 -3.8183766184073553 0.0 27.0
316.5199890136719 531.8699951171875 13 -19.091883092036785 -3.818376618407357 -22.25512985522207 -11.455129855222072 -19.09188309203678 -19.091883092036785 -11.455129855222069 -22.255129855222073 -3.8183766184073535 -19.091883092036785 -6.75 -24.3 6.75 -24.3 3.818376618407357 -19.091883092036785 11.45512985522207 -22.25512985522207 19.091883092036785 -19.09188309203678 22.255129855222073 -11.455129855222069 19.091883092036785 -3.8183766184073553 0.0 27.0
330.2799987792969 339.1400146484375 13 -19.091883092036785 -3.818376618407357 -22.25512985522207 -11.455129855222072 -19.09188309203678 -19.091883092036785 -11.455129855222069 -22.255129855222073 -3.8183766184073535 -19.091883092036785 -6.75 -24.3 6.75 -24.3 3.818376618407357 -19.091883092036785 11.45512985522207 -22.25512985522207 19.091883092036785 -19.09188309203678 22.255129855222073 -11.455129855222069 19.091883092036785 -3.8183766184073553 0.0 27.0
366.5299987792969 637.2999877929688 13 -19.091883092036785 -3.818376618407357 -22.25512985522207 -11.455129855222072 -19.09188309203678 -19.091883092036785 -11.455129855222069 -22.255129855222073 -3.8183766184073535 -19.091883092036785 -6.75 -24.3 6.75 -24.3 3.818376618407357 -19.091883092036785 11.45512985522207 -22.25512985522207 19.091883092036785 -19.09188309203678 22.255129855222073 -11.455129855222069 19.091883092036785 -3.8183766184073553 0.0 27.0
403.7200012207031 524.4299926757812 13 -19.091883092036785 -3.818376618407357 -22.25512985522207 -11.455129855222072 -19.09188309203678 -19.091883092036785 -11.455129855222069 -22.255129855222073 -3.8183766184073535 -19.091883092036785 -6.75 -24.3 6.75 -24.3 3.818376618407357 -19.091883092036785 11.45512985522207 -22.25512985522207 19.091883092036785 -19.09188309203678 22.255129855222073 -11.455129855222069 19.091883092036785 -3.8183766184073553 0.0 27.0
296.30999755859375 395.5299987792969 13 -19.091883092036785 -3.818376618407357 -22.25512985522207 -11.455129855222072 -19.09188309203678 -19.091883092036785 -11.455129855222069 -22.255129855222073 -3.8183766184073535 -19.091883092036785 -6.75 -24.3 6.75 -24.3 3.818376618407357 -19.091883092036785 11.45512985522207 -22.25512985522207 19.091883092036785 -19.09188309203678 22.255129855222073 -11.455129855222069 19.091883092036785 -3.8183766184073553 0.0 27.0
578.6400146484375 414.05999755859375 13 -19.091883092036785 -3.818376618407357 -22.25512985522207 -11.455129855222072 -19.09188309203678 -19.091883092036785 -11.455129855222069 -22.255129855222073 -3.8183766184073535 -19.091883092036785 -6.75 -24.3 6.75 -24.3 3.818376618407357 -19.091883092036785 11.45512985522207 -22.25512985522207 19.091883092036785 -19.09188309203678 22.255129855222073 -11.455129855222069 19.091883092036785 -3.8183766184073553 0.0 27.0
732.6900024414062 486.6400146484375 13 -19.091883092036785 -3.818376618407357 -22.25512985522207 -11.455129855222072 -19.09188309203678 -19.091883092036785 -11.455129855222069 -22.255129855222073 -3.8183766184073535 -19.091883092036785 -6.75 -24.3 6.75 -24.3 3.818376618407357 -19.091883092036785 11.45512985522207 -22.25512985522207 19.091883092036785 -19.09188309203678 22.255129855222073 -11.455129855222069 19.091883092036785 -3.8183766184073553 0.0 27.0
789.5399780273438 419.8599853515625 13 -19.091883092036785 -3.818376618407357 -22.25512985522207 -11.455129855222072 -19.09188309203678 -19.091883092036785 -11.455129855222069 -22.255129855222073 -3.8183766184073535 -19.091883092036785 -6.75 -24.3 6.75 -24.3 3.818376618407357 -19.091883092036785 11.45512985522207 -22.25512985522207 19.091883092036785 -19.09188309203678 22.255129855222073 -11.455129855222069 19.091883092036785 -3.8183766184073553 0.0 27.0
727.719970703125 357.2200012207031 13 -19.091883092036785 -3.818376618407357 -22.25512985522207 -11.455129855222072 -19.09188309203678 -19.091883092036785 -11.455129855222069 -22.255129855222073 -3.8183766184073535 -19.091883092036785 -6.75 -24.3 6.75 -24.3 3.818376618407357 -19.091883092036785 11.45512985522207 -22.25512985522207 19.091883092036785 -19.09188309203678 22.255129855222073 -11.455129855222069 19.091883092036785 -3.8183766184073553 0.0 27.0
774.7000122070312 241.2100067138672 13 -19.091883092036785 -3.818376618407357 -22.25512985522207 -11.455129855222072 -19.09188309203678 -19.091883092036785 -11.455129855222069 -22.255129855222073 -3.8183766184073535 -19.091883092036785 -6.75 -24.3 6.75 -24.3 3.818376618407357 -19.091883092036785 11.45512985522207 -22.25512985522207 19.091883092036785 -19.09188309203678 22.255129855222073 -11.455129855222069 19.091883092036785 -3.8183766184073553 0.0 27.0
543.6799926757812 135.33999633789062 13 -19.091883092036785 -3.818376618407357 -22.25512985522207 -11.455129855222072 -19.09188309203678 -19.091883092036785 -11.455129855222069 -22.255129855222073 -3.8183766184073535 -19.091883092036785 -6.75 -24.3 6.75 -24.3 3.818376618407357 -19.091883092036785 11.45512985522207 -22.25512985522207 19.091883092036785 -19.09188309203678 22.255129855222073 -11.455129855222069 19.091883092036785 -3.8183766184073553 0.0 27.0
223.1199951171875 18.0 13 -19.091883092036785 -3.818376618407357 -22.25512985522207 -11.455129855222072 -19.09188309203678 -19.091883092036785 -11.455129855222069 -22.255129855222073 -3.8183766184073535 -19.091883092036785 -6.75 -24.3 6.75 -24.3 3.818376618407357 -19.091883092036785 11.45512985522207 -22.25512985522207 19.091883092036785 -19.09188309203678 22.255129855222073 -11.455129855222069 19.091883092036785 -3.8183766184073553 0.0 27.0
282.239990234375 61.85100173950195 13 -19.091883092036785 -3.818376618407357 -22.25512985522207 -11.455129855222072 -19.09188309203678 -19.091883092036785 -11.455129855222069 -22.255129855222073 -3.8183766184073535 -19.091883092036785 -6.75 -24.3 6.75 -24.3 3.818376618407357 -19.091883092036785 11.45512985522207 -22.25512985522207 19.091883092036785 -19.09188309203678 22.255129855222073 -11.455129855222069 19.091883092036785 -3.8183766184073553 0.0 27.0
289.42999267578125 225.47999572753906 13 -19.091883092036785 -3.818376618407357 -22.25512985522207 -11.455129855222072 -19.09188309203678 -19.091883092036785 -11.455129855222069 -22.255129855222073 -3.8183766184073535 -19.091883092036785 -6.75 -24.3 6.75 -24.3 3.818376618407357 -19.091883092036785 11.45512985522207 -22.25512985522207 19.091883092036785 -19.09188309203678 22.255129855222073 -11.455129855222069 19.091883092036785 -3.8183766184073553 0.0 27.0
