79
722.5399780273438 821.0399780273438 10 28.991661255470444 0.0 34.99603089934167 14.49583062773522 28.991661255470444 28.99166125547044 14.495830627735224 34.99603089934166 1.7763568394002505e-15 28.99166125547044 -14.495830627735218 34.99603089934167 -28.99166125547044 28.991661255470444 -34.99603089934166 14.495830627735224 -28.991661255470444 1.7763568394002505e-15 0.0 -41.00040054321289
499.95001220703125 1040.300048828125 10 105.00535700620232 0.0 126.75267850310115 52.50267850310115 105.00535700620232 105.0053570062023 52.502678503101166 126.75267850310115 7.105427357601002e-15 105.0053570062023 -52.502678503101144 126.75267850310115 -105.0053570062023 105.00535700620232 -126.75267850310115 52.502678503101166 -105.00535700620232 7.105427357601002e-15 0.0 -148.5
1278.300048828125 606.4099731445312 10 37.82985943430238 0.0 45.66467985448029 18.914929717151185 37.82985943430238 37.82985943430237 18.91492971715119 45.66467985448028 3.552713678800501e-15 37.82985943430238 -18.914929717151185 45.66467985448029 -37.82985943430237 37.82985943430238 -45.66467985448028 18.914929717151193 -37.82985943430238 3.552713678800501e-15 0.0 -53.4995002746582
1320.0 821.25 10 43.839913715210116 0.0 52.91945713226326 21.919956857605055 43.839913715210116 43.83991371521011 21.91995685760506 52.91945713226326 3.552713678800501e-15 43.839913715210116 -21.91995685760505 52.91945713226326 -43.83991371521011 43.839913715210116 -52.91945713226326 21.91995685760506 -43.839913715210116 3.552713678800501e-15 0.0 -61.999000549316406
1247.699951171875 510.30999755859375 10 48.08361717726145 0.0 58.04206035865026 24.041808588630722 48.08361717726145 48.083617177261445 24.04180858863073 58.042060358650254 3.552713678800501e-15 48.083617177261445 -24.04180858863072 58.04206035865026 -48.083617177261445 48.08361717726145 -58.042060358650254 24.04180858863073 -48.08361717726145 3.552713678800501e-15 0.0 -68.00050354003906
1188.4000244140625 427.54998779296875 10 38.53767293384476 0.0 46.51908632959328 19.268836466922377 38.53767293384476 38.53767293384475 19.26883646692238 46.51908632959328 3.552713678800501e-15 38.53767293384476 -19.268836466922377 46.51908632959328 -38.53767293384475 38.53767293384476 -46.51908632959328 19.268836466922384 -38.53767293384476 3.552713678800501e-15 0.0 -54.5004997253418
1343.5 416.8599853515625 10 42.42711358954868 0.0 51.21405652011614 21.213556794774338 42.42711358954868 42.427113589548675 21.213556794774345 51.21405652011613 3.552713678800501e-15 42.42711358954868 -21.213556794774334 51.21405652011614 -42.427113589548675 42.42711358954868 -51.21405652011613 21.213556794774345 -42.42711358954868 3.552713678800501e-15 0.0 -60.000999450683594
1208.9000244140625 392.1700134277344 10 49.850321355295776 0.0 60.17466095230609 24.925160677647884 49.850321355295776 49.85032135529577 24.92516067764789 60.174660952306084 3.552713678800501e-15 49.850321355295776 -24.92516067764788 60.17466095230609 -49.85032135529577 49.850321355295776 -60.174660952306084 24.92516067764789 -49.850321355295776 3.552713678800501e-15 0.0 -70.4990005493164
1393.5999755859375 421.5799865722656 10 42.42711358954868 0.0 51.21405652011614 21.213556794774338 42.42711358954868 42.427113589548675 21.213556794774345 51.21405652011613 3.552713678800501e-15 42.42711358954868 -21.213556794774334 51.21405652011614 -42.427113589548675 42.42711358954868 -51.21405652011613 21.213556794774345 -42.42711358954868 3.552713678800501e-15 0.0 -60.000999450683594
1294.699951171875 61.24800109863281 10 44.5477272147525 0.0 53.77386360737625 22.273863607376246 44.5477272147525 44.54772721475249 22.273863607376253 53.77386360737624 3.552713678800501e-15 44.5477272147525 -22.273863607376242 53.77386360737625 -44.54772721475249 44.5477272147525 -53.77386360737624 22.273863607376253 -44.5477272147525 3.552713678800501e-15 0.0 -63.0
1273.699951171875 225.47999572753906 10 55.860372938805206 0.0 67.42943497404127 27.9301864694026 55.860372938805206 55.8603729388052 27.930186469402607 67.42943497404127 3.552713678800501e-15 55.8603729388052 -27.930186469402596 67.42943497404127 -55.8603729388052 55.860372938805206 -67.42943497404127 27.930186469402607 -55.860372938805206 3.552713678800501e-15 0.0 -78.99849700927734
484.3800048828125 645.280029296875 10 52.678392423465745 0.0 63.58844471637154 26.33919621173287 52.678392423465745 52.67839242346574 26.339196211732876 63.58844471637154 3.552713678800501e-15 52.67839242346574 -26.339196211732865 63.58844471637154 -52.67839242346574 52.678392423465745 -63.58844471637154 26.339196211732876 -52.678392423465745 3.552713678800501e-15 0.0 -74.49849700927734
395.92999267578125 692.6500244140625 10 39.950473059506194 0.0 48.2244869417404 19.975236529753094 39.950473059506194 39.95047305950619 19.975236529753097 48.224486941740395 3.552713678800501e-15 39.950473059506194 -19.975236529753094 48.2244869417404 -39.95047305950619 39.950473059506194 -48.224486941740395 19.9752365297531 -39.950473059506194 3.552713678800501e-15 0.0 -56.49850082397461
624.5599975585938 693.0399780273438 10 52.678392423465745 0.0 63.58844471637154 26.33919621173287 52.678392423465745 52.67839242346574 26.339196211732876 63.58844471637154 3.552713678800501e-15 52.67839242346574 -26.339196211732865 63.58844471637154 -52.67839242346574 52.678392423465745 -63.58844471637154 26.339196211732876 -52.678392423465745 3.552713678800501e-15 0.0 -74.49849700927734
421.6199951171875 731.5 10 51.97305513556708 0.0 62.73702729312534 25.986527567783533 51.97305513556708 51.973055135567066 25.986527567783543 62.73702729312533 7.105427357601002e-15 51.97305513556707 -25.98652756778353 62.73702729312534 -51.973055135567066 51.97305513556708 -62.73702729312533 25.986527567783543 -51.97305513556708 7.105427357601002e-15 0.0 -73.5009994506836
455.8500061035156 559.7899780273438 10 61.87290612875496 0.0 74.6872045597388 30.936453064377478 61.87290612875496 61.872906128754956 30.936453064377485 74.6872045597388 3.552713678800501e-15 61.87290612875496 -30.936453064377474 74.6872045597388 -61.872906128754956 61.87290612875496 -74.6872045597388 30.93645306437749 -61.87290612875496 3.552713678800501e-15 0.0 -87.50150299072266
283.75 623.1300048828125 10 36.06315255886976 0.0 43.53207600477668 18.031576279434876 36.06315255886976 36.06315255886975 18.03157627943488 43.53207600477667 3.552713678800501e-15 36.06315255886976 -18.031576279434876 43.53207600477668 -36.06315255886975 36.06315255886976 -43.53207600477667 18.031576279434884 -36.06315255886976 3.552713678800501e-15 0.0 -51.000999450683594
523.5499877929688 513.469970703125 10 39.950473059506194 0.0 48.2244869417404 19.975236529753094 39.950473059506194 39.95047305950619 19.975236529753097 48.224486941740395 3.552713678800501e-15 39.950473059506194 -19.975236529753094 48.2244869417404 -39.95047305950619 39.950473059506194 -48.224486941740395 19.9752365297531 -39.950473059506194 3.552713678800501e-15 0.0 -56.49850082397461
731.8200073242188 716.8200073242188 10 225.92061658910194 0.0 272.71030829455094 112.96030829455096 225.92061658910194 225.9206165891019 112.96030829455098 272.71030829455094 1.4210854715202004e-14 225.92061658910194 -112.96030829455094 272.71030829455094 -225.9206165891019 225.92061658910194 -272.71030829455094 112.96030829455098 -225.92061658910194 1.4210854715202004e-14 0.0 -319.5
407.8699951171875 642.5900268554688 10 38.891579683615944 0.0 46.94628956714977 19.445789841807972 38.891579683615944 38.891579683615944 19.445789841807972 46.94628956714977 0.0 38.891579683615944 -19.445789841807972 46.94628956714977 -38.891579683615944 38.891579683615944 -46.94628956714977 19.445789841807976 -38.891579683615944 0.0 0.0 -55.000999450683594
1293.199951171875 896.8200073242188 10 129.75338223457905 0.0 156.62618757725045 64.87669111728951 129.75338223457905 129.75338223457902 64.87669111728952 156.62618757725045 1.4210854715202004e-14 129.75338223457902 -64.87669111728951 156.62618757725045 -129.75338223457902 129.75338223457905 -156.62618757725045 64.87669111728954 -129.75338223457902 1.4210854715202004e-14 0.0 -183.49899291992188
1201.9000244140625 846.3699951171875 10 101.46946704369336 0.0 122.48448175182715 50.73473352184667 101.46946704369336 101.46946704369334 50.734733521846685 122.48448175182713 7.105427357601002e-15 101.46946704369336 -50.734733521846664 122.48448175182715 -101.46946704369334 101.46946704369336 -122.48448175182713 50.734733521846685 -101.46946704369336 7.105427357601002e-15 0.0 -143.49949645996094
1543.800048828125 1083.9000244140625 10 34.64794905131884 0.0 41.82377425405298 17.323974525659416 34.64794905131884 34.64794905131883 17.32397452565942 41.82377425405297 3.552713678800501e-15 34.64794905131883 -17.323974525659416 41.82377425405298 -34.64794905131883 34.64794905131884 -41.82377425405297 17.323974525659423 -34.64794905131884 3.552713678800501e-15 0.0 -48.99959945678711
1118.800048828125 809.6199951171875 10 57.98346277565273 0.0 69.99223111316816 28.991731387826363 57.98346277565273 57.983462775652725 28.99173138782637 69.99223111316816 3.552713678800501e-15 57.983462775652725 -28.99173138782636 69.99223111316816 -57.983462775652725 57.98346277565273 -69.99223111316816 28.99173138782637 -57.98346277565273 3.552713678800501e-15 0.0 -82.0009994506836
1115.4000244140625 747.0999755859375 10 83.43930689836844 0.0 100.72015317452602 41.719653449184214 83.43930689836844 83.43930689836843 41.71965344918423 100.72015317452602 7.105427357601002e-15 83.43930689836844 -41.71965344918421 100.72015317452602 -83.43930689836843 83.43930689836844 -100.72015317452602 41.71965344918423 -83.43930689836844 7.105427357601002e-15 0.0 -118.0009994506836
1228.800048828125 669.4299926757812 10 79.19560343631711 0.0 95.59754994813903 39.59780171815855 79.19560343631711 79.1956034363171 39.59780171815856 95.59754994813902 7.105427357601002e-15 79.1956034363171 -39.59780171815855 95.59754994813903 -79.1956034363171 79.19560343631711 -95.59754994813902 39.597801718158564 -79.1956034363171 7.105427357601002e-15 0.0 -111.99949645996094
1124.5999755859375 481.30999755859375 10 48.43752122963434 0.0 58.46926034015897 24.218760614817167 48.43752122963434 48.437521229634335 24.218760614817175 58.46926034015897 3.552713678800501e-15 48.43752122963434 -24.218760614817164 58.46926034015897 -48.437521229634335 48.43752122963434 -58.46926034015897 24.218760614817175 -48.43752122963434 3.552713678800501e-15 0.0 -68.5009994506836
1372.5999755859375 795.7000122070312 10 49.49641190812628 0.0 59.74745445870181 24.748205954063135 49.49641190812628 49.49641190812627 24.748205954063142 59.74745445870181 3.552713678800501e-15 49.49641190812628 -24.74820595406313 59.74745445870181 -49.49641190812627 49.49641190812628 -59.74745445870181 24.748205954063142 -49.49641190812628 3.552713678800501e-15 0.0 -69.99849700927734
1009.5999755859375 615.760009765625 10 44.90163396452369 0.0 54.20106684493274 22.45081698226184 44.90163396452369 44.90163396452368 22.45081698226185 54.20106684493274 3.552713678800501e-15 44.90163396452368 -22.450816982261838 54.20106684493274 -44.90163396452368 44.90163396452369 -54.20106684493274 22.45081698226185 -44.90163396452368 3.552713678800501e-15 0.0 -63.5004997253418
1463.0999755859375 736.2000122070312 10 47.72970773009196 0.0 57.61485386504598 23.864853865045976 47.72970773009196 47.72970773009195 23.864853865045983 57.61485386504597 3.552713678800501e-15 47.72970773009196 -23.864853865045973 57.61485386504598 -47.72970773009195 47.72970773009196 -57.61485386504597 23.864853865045983 -47.72970773009196 3.552713678800501e-15 0.0 -67.5
1553.199951171875 492.989990234375 10 74.24691874294332 0.0 89.62395909681345 37.123459371471654 74.24691874294332 74.24691874294331 37.12345937147166 89.62395909681345 7.105427357601002e-15 74.24691874294331 -37.123459371471654 89.62395909681345 -74.24691874294331 74.24691874294332 -89.62395909681345 37.12345937147167 -74.24691874294332 7.105427357601002e-15 0.0 -105.0009994506836
1268.0 703.5599975585938 10 47.37579828292247 0.0 57.1876473714417 23.68789914146123 47.37579828292247 47.37579828292246 23.687899141461237 57.1876473714417 3.552713678800501e-15 47.37579828292246 -23.687899141461227 57.1876473714417 -47.37579828292246 47.37579828292247 -57.1876473714417 23.687899141461237 -47.37579828292247 3.552713678800501e-15 0.0 -66.99949645996094
1226.0 438.80999755859375 10 54.09366876077089 0.0 65.29683438038545 27.04683438038544 54.09366876077089 54.09366876077088 27.046834380385448 65.29683438038543 3.552713678800501e-15 54.09366876077088 -27.046834380385437 65.29683438038545 -54.09366876077088 54.09366876077089 -65.29683438038543 27.046834380385448 -54.09366876077089 3.552713678800501e-15 0.0 -76.5
1430.4000244140625 839.8699951171875 10 62.931796807246904 0.0 75.96539867828166 31.465898403623445 62.931796807246904 62.93179680724689 31.465898403623456 75.96539867828164 7.105427357601002e-15 62.9317968072469 -31.46589840362344 75.96539867828166 -62.93179680724689 62.931796807246904 -75.96539867828164 31.46589840362346 -62.9317968072469 7.105427357601002e-15 0.0 -88.9990005493164
1192.0 248.5800018310547 10 36.417059308640944 0.0 43.95927924233317 18.20852965432047 36.417059308640944 36.41705930864094 18.208529654320472 43.95927924233317 3.552713678800501e-15 36.417059308640944 -18.20852965432047 43.95927924233317 -36.41705930864094 36.417059308640944 -43.95927924233317 18.208529654320476 -36.417059308640944 3.552713678800501e-15 0.0 -51.50149917602539
1251.0999755859375 145.6699981689453 10 54.09366876077089 0.0 65.29683438038545 27.04683438038544 54.09366876077089 54.09366876077088 27.046834380385448 65.29683438038543 3.552713678800501e-15 54.09366876077088 -27.046834380385437 65.29683438038545 -54.09366876077088 54.09366876077089 -65.29683438038543 27.046834380385448 -54.09366876077089 3.552713678800501e-15 0.0 -76.5
1035.4000244140625 123.44999694824219 10 51.26559769260092 0.0 61.88305061631999 25.632798846300457 51.26559769260092 51.26559769260091 25.632798846300464 61.88305061631999 3.552713678800501e-15 51.26559769260092 -25.632798846300453 61.88305061631999 -51.26559769260091 51.26559769260092 -61.88305061631999 25.632798846300464 -51.26559769260092 3.552713678800501e-15 0.0 -72.50050354003906
1342.4000244140625 496.94000244140625 10 77.07534586768952 0.0 93.03817265918656 38.53767293384475 77.07534586768952 77.0753458676895 38.53767293384476 93.03817265918656 7.105427357601002e-15 77.07534586768952 -38.53767293384475 93.03817265918656 -77.0753458676895 77.07534586768952 -93.03817265918656 38.53767293384477 -77.07534586768952 7.105427357601002e-15 0.0 -109.0009994506836
1016.0999755859375 313.1199951171875 10 51.26559769260092 0.0 61.88305061631999 25.632798846300457 51.26559769260092 51.26559769260091 25.632798846300464 61.88305061631999 3.552713678800501e-15 51.26559769260092 -25.632798846300453 61.88305061631999 -51.26559769260091 51.26559769260092 -61.88305061631999 25.632798846300464 -51.26559769260092 3.552713678800501e-15 0.0 -72.50050354003906
1216.199951171875 18.0 10 44.5477272147525 0.0 53.77386360737625 22.273863607376246 44.5477272147525 44.54772721475249 22.273863607376253 53.77386360737624 3.552713678800501e-15 44.5477272147525 -22.273863607376242 53.77386360737625 -44.54772721475249 44.5477272147525 -53.77386360737624 22.273863607376253 -44.5477272147525 3.552713678800501e-15 0.0 -63.0
1136.9000244140625 311.3699951171875 10 42.07356019895541 0.0 50.78727982481951 21.036780099477703 42.07356019895541 42.073560198955406 21.03678009947771 50.7872798248195 3.552713678800501e-15 42.073560198955406 -21.0367800994777 50.78727982481951 -42.073560198955406 42.07356019895541 -50.7872798248195 21.03678009947771 -42.07356019895541 3.552713678800501e-15 0.0 -59.500999450683594
308.739990234375 1161.9000244140625 10 47.021894230549584 0.0 56.76044738993299 23.51094711527479 47.021894230549584 47.02189423054958 23.510947115274796 56.76044738993299 3.552713678800501e-15 47.02189423054958 -23.510947115274785 56.76044738993299 -47.02189423054958 47.021894230549584 -56.76044738993299 23.510947115274796 -47.021894230549584 3.552713678800501e-15 0.0 -66.4990005493164
1103.5999755859375 1039.800048828125 10 43.132453574845655 0.0 52.06547719941013 21.566226787422824 43.132453574845655 43.13245357484565 21.56622678742283 52.065477199410125 3.552713678800501e-15 43.132453574845655 -21.56622678742282 52.06547719941013 -43.13245357484565 43.132453574845655 -52.065477199410125 21.56622678742283 -43.132453574845655 3.552713678800501e-15 0.0 -60.99850082397461
1122.5 182.47999572753906 10 68.58829500016306 0.0 82.7933960047202 34.29414750008153 68.58829500016306 68.58829500016306 34.29414750008153 82.7933960047202 0.0 68.58829500016306 -34.29414750008153 82.7933960047202 -68.58829500016306 68.58829500016306 -82.7933960047202 34.294147500081536 -68.58829500016307 0.0 0.0 -96.99849700927734
1150.5999755859375 544.8599853515625 10 41.011839949641846 0.0 49.50567011215003 20.50591997482092 41.011839949641846 41.01183994964184 20.505919974820923 49.50567011215002 3.552713678800501e-15 41.01183994964184 -20.50591997482092 49.50567011215003 -41.01183994964184 41.011839949641846 -49.50567011215002 20.505919974820927 -41.011839949641846 3.552713678800501e-15 0.0 -57.9995002746582
878.0700073242188 445.54998779296875 10 43.132453574845655 0.0 52.06547719941013 21.566226787422824 43.132453574845655 43.13245357484565 21.56622678742283 52.065477199410125 3.552713678800501e-15 43.132453574845655 -21.56622678742282 52.06547719941013 -43.13245357484565 43.132453574845655 -52.065477199410125 21.56622678742283 -43.132453574845655 3.552713678800501e-15 0.0 -60.99850082397461
1037.9000244140625 439.2699890136719 10 49.144984067397104 0.0 59.32324352905988 24.57249203369855 49.144984067397104 49.1449840673971 24.572492033698556 59.32324352905988 3.552713678800501e-15 49.144984067397104 -24.572492033698545 59.32324352905988 -49.1449840673971 49.144984067397104 -59.32324352905988 24.572492033698556 -49.144984067397104 3.552713678800501e-15 0.0 -69.50150299072266
883.7000122070312 787.3800048828125 10 60.103720344280326 0.0 72.55160840212064 30.051860172140156 60.103720344280326 60.10372034428031 30.051860172140167 72.55160840212062 7.105427357601002e-15 60.10372034428032 -30.051860172140152 72.55160840212064 -60.10372034428031 60.103720344280326 -72.55160840212062 30.051860172140167 -60.10372034428032 7.105427357601002e-15 0.0 -84.99949645996094
376.30999755859375 898.7899780273438 10 103.59008606369378 0.0 125.04429535118283 51.79504303184688 103.59008606369378 103.59008606369376 51.795043031846895 125.04429535118283 7.105427357601002e-15 103.59008606369378 -51.79504303184687 125.04429535118283 -103.59008606369376 103.59008606369378 -125.04429535118283 51.795043031846895 -103.59008606369378 7.105427357601002e-15 0.0 -146.49850463867188
569.6900024414062 833.52001953125 10 47.021894230549584 0.0 56.76044738993299 23.51094711527479 47.021894230549584 47.02189423054958 23.510947115274796 56.76044738993299 3.552713678800501e-15 47.02189423054958 -23.510947115274785 56.76044738993299 -47.02189423054958 47.021894230549584 -56.76044738993299 23.510947115274796 -47.021894230549584 3.552713678800501e-15 0.0 -66.4990005493164
583.47998046875 756.4099731445312 10 45.60909410488815 0.0 55.055046777785876 22.80454705244407 45.60909410488815 45.60909410488814 22.80454705244408 55.05504677778587 3.552713678800501e-15 45.60909410488814 -22.804547052444068 55.055046777785876 -45.60909410488814 45.60909410488815 -55.05504677778587 22.80454705244408 -45.60909410488815 3.552713678800501e-15 0.0 -64.5009994506836
604.3599853515625 797.3699951171875 10 50.55777879826193 0.0 61.02863762911143 25.27888939913096 50.55777879826193 50.55777879826192 25.278889399130968 61.02863762911143 3.552713678800501e-15 50.55777879826192 -25.278889399130957 61.02863762911143 -50.55777879826192 50.55777879826193 -61.02863762911143 25.278889399130968 -50.557778798261936 3.552713678800501e-15 0.0 -71.49949645996094
958.7000122070312 695.989990234375 10 39.59903982398041 0.0 47.8002695000029 19.799519911990203 39.59903982398041 39.599039823980405 19.799519911990206 47.8002695000029 3.552713678800501e-15 39.599039823980405 -19.799519911990203 47.8002695000029 -39.599039823980405 39.59903982398041 -47.8002695000029 19.79951991199021 -39.59903982398041 3.552713678800501e-15 0.0 -56.00149917602539
545.6300048828125 715.2999877929688 10 42.07356019895541 0.0 50.78727982481951 21.036780099477703 42.07356019895541 42.073560198955406 21.03678009947771 50.7872798248195 3.552713678800501e-15 42.073560198955406 -21.0367800994777 50.78727982481951 -42.073560198955406 42.07356019895541 -50.7872798248195 21.03678009947771 -42.07356019895541 3.552713678800501e-15 0.0 -59.500999450683594
936.0999755859375 661.2999877929688 10 36.768492544166726 0.0 44.383496684070664 18.38424627208336 36.768492544166726 36.76849254416672 18.384246272083363 44.383496684070664 3.552713678800501e-15 36.76849254416672 -18.38424627208336 44.383496684070664 -36.76849254416672 36.768492544166726 -44.383496684070664 18.384246272083367 -36.768492544166726 3.552713678800501e-15 0.0 -51.99850082397461
1549.0 1349.699951171875 10 60.45762979144982 0.0 72.97881489572491 30.228814895724906 60.45762979144982 60.45762979144981 30.228814895724913 72.97881489572491 3.552713678800501e-15 60.45762979144982 -30.228814895724902 72.97881489572491 -60.45762979144981 60.45762979144982 -72.97881489572491 30.228814895724913 -60.45762979144982 3.552713678800501e-15 0.0 -85.5
1416.199951171875 1096.5 10 35.70959916827648 0.0 43.10529930948004 17.854799584138238 35.70959916827648 35.709599168276476 17.85479958413824 43.10529930948003 3.552713678800501e-15 35.70959916827648 -17.854799584138238 43.10529930948004 -35.709599168276476 35.70959916827648 -43.10529930948003 17.854799584138245 -35.70959916827648 3.552713678800501e-15 0.0 -50.500999450683594
1674.9000244140625 1522.0999755859375 10 24.041525361808734 0.0 29.02068829430769 12.020762680904365 24.041525361808734 24.04152536180873 12.020762680904369 29.020688294307686 1.7763568394002505e-15 24.04152536180873 -12.020762680904364 29.02068829430769 -24.04152536180873 24.041525361808734 -29.020688294307686 12.020762680904369 -24.041525361808734 1.7763568394002505e-15 0.0 -33.99985122680664
990.7000122070312 813.3099975585938 10 103.59008606369378 0.0 125.04429535118283 51.79504303184688 103.59008606369378 103.59008606369376 51.795043031846895 125.04429535118283 7.105427357601002e-15 103.59008606369378 -51.79504303184687 125.04429535118283 -103.59008606369376 103.59008606369378 -125.04429535118283 51.795043031846895 -103.59008606369378 7.105427357601002e-15 0.0 -146.49850463867188
1256.0999755859375 752.27001953125 10 139.65323322776692 0.0 168.57636484386393 69.82661661388344 139.65323322776692 139.6532332277669 69.82661661388346 168.57636484386393 1.4210854715202004e-14 139.65323322776692 -69.82661661388344 168.57636484386393 -139.6532332277669 139.65323322776692 -168.57636484386393 69.82661661388347 -139.65323322776692 1.4210854715202004e-14 0.0 -197.49949645996094
1682.9000244140625 732.77001953125 10 41.011839949641846 0.0 49.50567011215003 20.50591997482092 41.011839949641846 41.01183994964184 20.505919974820923 49.50567011215002 3.552713678800501e-15 41.01183994964184 -20.50591997482092 49.50567011215003 -41.01183994964184 41.011839949641846 -49.50567011215002 20.505919974820927 -41.011839949641846 3.552713678800501e-15 0.0 -57.9995002746582
1906.5999755859375 767.3699951171875 10 71.06493822760386 0.0 85.78296883914373 35.53246911380192 71.06493822760386 71.06493822760385 35.53246911380193 85.78296883914372 7.105427357601002e-15 71.06493822760385 -35.53246911380192 85.78296883914373 -71.06493822760385 71.06493822760386 -85.78296883914372 35.53246911380194 -71.06493822760386 7.105427357601002e-15 0.0 -100.5009994506836
1450.699951171875 662.5 10 43.48636032461685 0.0 52.49268043696662 21.74318016230842 43.48636032461685 43.48636032461684 21.743180162308427 52.49268043696662 3.552713678800501e-15 43.48636032461684 -21.743180162308416 52.49268043696662 -43.48636032461684 43.48636032461685 -52.49268043696662 21.743180162308427 -43.48636032461685 3.552713678800501e-15 0.0 -61.499000549316406
227.80999755859375 1067.5999755859375 10 49.850321355295776 0.0 60.17466095230609 24.925160677647884 49.850321355295776 49.85032135529577 24.92516067764789 60.174660952306084 3.552713678800501e-15 49.850321355295776 -24.92516067764788 60.17466095230609 -49.85032135529577 49.850321355295776 -60.174660952306084 24.92516067764789 -49.850321355295776 3.552713678800501e-15 0.0 -70.4990005493164
647.1300048828125 385.3800048828125 10 47.72970773009196 0.0 57.61485386504598 23.864853865045976 47.72970773009196 47.72970773009195 23.864853865045983 57.61485386504597 3.552713678800501e-15 47.72970773009196 -23.864853865045973 57.61485386504598 -47.72970773009195 47.72970773009196 -57.61485386504597 23.864853865045983 -47.72970773009196 3.552713678800501e-15 0.0 -67.5
1345.300048828125 210.91000366210938 10 64.34742380633166 0.0 77.67421162850763 32.173711903165824 64.34742380633166 64.34742380633165 32.17371190316583 77.67421162850762 7.105427357601002e-15 64.34742380633165 -32.173711903165824 77.67421162850763 -64.34742380633165 64.34742380633166 -77.67421162850762 32.17371190316584 -64.34742380633166 7.105427357601002e-15 0.0 -91.0009994506836
1723.300048828125 1210.0999755859375 10 38.18376618407357 0.0 46.09188309203678 19.09188309203678 38.18376618407357 38.18376618407356 19.091883092036785 46.09188309203678 3.552713678800501e-15 38.18376618407356 -19.09188309203678 46.09188309203678 -38.18376618407356 38.18376618407357 -46.09188309203678 19.091883092036788 -38.18376618407357 3.552713678800501e-15 0.0 -54.0
2050.10009765625 312.42999267578125 10 74.24691874294332 0.0 89.62395909681345 37.123459371471654 74.24691874294332 74.24691874294331 37.12345937147166 89.62395909681345 7.105427357601002e-15 74.24691874294331 -37.123459371471654 89.62395909681345 -74.24691874294331 74.24691874294332 -89.62395909681345 37.12345937147167 -74.24691874294332 7.105427357601002e-15 0.0 -105.0009994506836
1182.800048828125 926.8699951171875 10 37.82985943430238 0.0 45.66467985448029 18.914929717151185 37.82985943430238 37.82985943430237 18.91492971715119 45.66467985448028 3.552713678800501e-15 37.82985943430238 -18.914929717151185 45.66467985448029 -37.82985943430237 37.82985943430238 -45.66467985448028 18.914929717151193 -37.82985943430238 3.552713678800501e-15 0.0 -53.4995002746582
1312.699951171875 1253.300048828125 10 44.19382046498131 0.0 53.34666036981976 22.09691023249065 44.19382046498131 44.1938204649813 22.096910232490657 53.34666036981975 3.552713678800501e-15 44.1938204649813 -22.096910232490647 53.34666036981976 -44.1938204649813 44.19382046498131 -53.34666036981975 22.096910232490657 -44.19382046498131 3.552713678800501e-15 0.0 -62.4995002746582
74.0 543.0499877929688 10 52.32696458273657 0.0 63.16423378672961 26.163482291368283 52.32696458273657 52.326964582736565 26.16348229136829 63.16423378672961 3.552713678800501e-15 52.326964582736565 -26.16348229136828 63.16423378672961 -52.326964582736565 52.32696458273657 -63.16423378672961 26.16348229136829 -52.32696458273657 3.552713678800501e-15 0.0 -74.00150299072266
1848.0 388.3599853515625 10 74.24691874294332 0.0 89.62395909681345 37.123459371471654 74.24691874294332 74.24691874294331 37.12345937147166 89.62395909681345 7.105427357601002e-15 74.24691874294331 -37.123459371471654 89.62395909681345 -74.24691874294331 74.24691874294332 -89.62395909681345 37.12345937147167 -74.24691874294332 7.105427357601002e-15 0.0 -105.0009994506836
56.40700149536133 628.0700073242188 10 34.29411243390357 0.0 41.39665567373889 17.147056216951782 34.29411243390357 34.294112433903564 17.147056216951786 41.39665567373889 3.552713678800501e-15 34.294112433903564 -17.147056216951782 41.39665567373889 -34.294112433903564 34.29411243390357 -41.39665567373889 17.14705621695179 -34.29411243390357 3.552713678800501e-15 0.0 -48.49919891357422
1488.5999755859375 297.2699890136719 10 41.71965344918422 0.0 50.36007658726301 20.859826724592107 41.71965344918422 41.719653449184214 20.859826724592114 50.36007658726301 3.552713678800501e-15 41.71965344918422 -20.859826724592104 50.36007658726301 -41.719653449184214 41.71965344918422 -50.36007658726301 20.859826724592114 -41.71965344918422 3.552713678800501e-15 0.0 -59.0004997253418
1400.699951171875 1493.199951171875 10 53.7397593136014 0.0 64.86962788678116 26.869879656800695 53.7397593136014 53.73975931360139 26.869879656800702 64.86962788678116 3.552713678800501e-15 53.7397593136014 -26.86987965680069 64.86962788678116 -53.73975931360139 53.7397593136014 -64.86962788678116 26.869879656800702 -53.7397593136014 3.552713678800501e-15 0.0 -75.99949645996094
1448.0999755859375 1697.5999755859375 10 19.091883092036785 0.0 23.04594154601839 9.54594154601839 19.091883092036785 19.09188309203678 9.545941546018392 23.04594154601839 1.7763568394002505e-15 19.09188309203678 -9.54594154601839 23.04594154601839 -19.09188309203678 19.091883092036785 -23.04594154601839 9.545941546018394 -19.091883092036785 1.7763568394002505e-15 0.0 -27.0
1603.0 304.1700134277344 10 32.17364177080991 0.0 38.8370211570114 16.08682088540495 32.17364177080991 32.1736417708099 16.086820885404954 38.83702115701139 3.552713678800501e-15 32.17364177080991 -16.08682088540495 38.8370211570114 -32.1736417708099 32.17364177080991 -38.83702115701139 16.086820885404958 -32.17364177080991 3.552713678800501e-15 0.0 -45.50040054321289
1433.800048828125 1332.800048828125 10 36.768492544166726 0.0 44.383496684070664 18.38424627208336 36.768492544166726 36.76849254416672 18.384246272083363 44.383496684070664 3.552713678800501e-15 36.76849254416672 -18.38424627208336 44.383496684070664 -36.76849254416672 36.768492544166726 -44.383496684070664 18.384246272083367 -36.768492544166726 3.552713678800501e-15 0.0 -51.99850082397461
1539.800048828125 377.8500061035156 10 55.860372938805206 0.0 67.42943497404127 27.9301864694026 55.860372938805206 55.8603729388052 27.930186469402607 67.42943497404127 3.552713678800501e-15 55.8603729388052 -27.930186469402596 67.42943497404127 -55.8603729388052 55.860372938805206 -67.42943497404127 27.930186469402607 -55.860372938805206 3.552713678800501e-15 0.0 -78.99849700927734
