1000
120.0 172.0 4 -10.0 0 0 5.0 10.0 0 0 -5.0
137.0 125.0 4 -10.0 0 0 5.0 10.0 0 0 -5.0
134.0 126.0 4 -10.0 0 0 5.0 10.0 0 0 -5.0
94.0 75.0 4 -10.0 0 0 5.0 10.0 0 0 -5.0
78.0 115.0 4 -10.0 0 0 5.0 10.0 0 0 -5.0
125.0 129.0 4 -10.0 0 0 5.0 10.0 0 0 -5.0
120.0 103.0 4 -10.0 0 0 5.0 10.0 0 0 -5.0
92.0 119.0 4 -10.0 0 0 5.0 10.0 0 0 -5.0
98.0 171.0 4 -10.0 0 0 5.0 10.0 0 0 -5.0
140.0 128.0 4 -10.0 0 0 5.0 10.0 0 0 -5.0
117.0 147.0 4 -10.0 0 0 5.0 10.0 0 0 -5.0
133.0 152.0 4 -10.0 0 0 5.0 10.0 0 0 -5.0
137.0 80.0 4 -10.0 0 0 5.0 10.0 0 0 -5.0
87.0 99.0 4 -10.0 0 0 5.0 10.0 0 0 -5.0
205.0 171.0 4 -10.0 0 0 5.0 10.0 0 0 -5.0
38.0 103.0 4 -10.0 0 0 5.0 10.0 0 0 -5.0
72.0 137.0 4 -10.0 0 0 5.0 10.0 0 0 -5.0
25.0 103.0 4 -10.0 0 0 5.0 10.0 0 0 -5.0
116.0 102.0 4 -10.0 0 0 5.0 10.0 0 0 -5.0
110.0 139.0 4 -10.0 0 0 5.0 10.0 0 0 -5.0
139.0 83.0 4 -10.0 0 0 5.0 10.0 0 0 -5.0
107.0 122.0 4 -10.0 0 0 5.0 10.0 0 0 -5.0
104.0 105.0 4 -10.0 0 0 5.0 10.0 0 0 -5.0
105.0 124.0 4 -10.0 0 0 5.0 10.0 0 0 -5.0
162.0 109.0 4 -10.0 0 0 5.0 10.0 0 0 -5.0
97.0 77.0 4 -10.0 0 0 5.0 10.0 0 0 -5.0
92.0 126.0 4 -10.0 0 0 5.0 10.0 0 0 -5.0
95.0 102.0 4 -10.0 0 0 5.0 10.0 0 0 -5.0
103.0 55.0 4 -10.0 0 0 5.0 10.0 0 0 -5.0
89.0 130.0 4 -10.0 0 0 5.0 10.0 0 0 -5.0
109.0 108.0 4 -10.0 0 0 5.0 10.0 0 0 -5.0
90.0 116.0 4 -10.0 0 0 5.0 10.0 0 0 -5.0
95.0 153.0 4 -10.0 0 0 5.0 10.0 0 0 -5.0
63.0 88.0 4 -10.0 0 0 5.0 10.0 0 0 -5.0
137.0 154.0 4 -10.0 0 0 5.0 10.0 0 0 -5.0
124.0 126.0 4 -10.0 0 0 5.0 10.0 0 0 -5.0
174.0 139.0 4 -10.0 0 0 5.0 10.0 0 0 -5.0
90.0 160.0 4 -10.0 0 0 5.0 10.0 0 0 -5.0
80.0 104.0 4 -10.0 0 0 5.0 10.0 0 0 -5.0
166.0 147.0 4 -10.0 0 0 5.0 10.0 0 0 -5.0
87.0 155.0 4 -10.0 0 0 5.0 10.0 0 0 -5.0
110.0 133.0 4 -10.0 0 0 5.0 10.0 0 0 -5.0
96.0 138.0 4 -10.0 0 0 5.0 10.0 0 0 -5.0
77.0 134.0 4 -10.0 0 0 5.0 10.0 0 0 -5.0
110.0 111.0 4 -10.0 0 0 5.0 10.0 0 0 -5.0
63.0 151.0 4 -10.0 0 0 5.0 10.0 0 0 -5.0
113.0 95.0 4 -10.0 0 0 5.0 10.0 0 0 -5.0
64.0 135.0 4 -10.0 0 0 5.0 10.0 0 0 -5.0
81.0 144.0 4 -10.0 0 0 5.0 10.0 0 0 -5.0
139.0 116.0 4 -10.0 0 0 5.0 10.0 0 0 -5.0
84.0 133.0 4 -10.0 0 0 5.0 10.0 0 0 -5.0
93.0 95.0 4 -10.0 0 0 5.0 10.0 0 0 -5.0
58.0 116.0 4 -10.0 0 0 5.0 10.0 0 0 -5.0
85.0 71.0 4 -10.0 0 0 5.0 10.0 0 0 -5.0
135.0 155.0 4 -10.0 0 0 5.0 10.0 0 0 -5.0
102.0 112.0 4 -10.0 0 0 5.0 10.0 0 0 -5.0
80.0 111.0 4 -10.0 0 0 5.0 10.0 0 0 -5.0
125.0 91.0 4 -10.0 0 0 5.0 10.0 0 0 -5.0
169.0 112.0 4 -10.0 0 0 5.0 10.0 0 0 -5.0
105.0 130.0 4 -10.0 0 0 5.0 10.0 0 0 -5.0
67.0 54.0 4 -10.0 0 0 5.0 10.0 0 0 -5.0
71.0 131.0 4 -10.0 0 0 5.0 10.0 0 0 -5.0
189.0 110.0 4 -10.0 0 0 5.0 10.0 0 0 -5.0
63.0 123.0 4 -10.0 0 0 5.0 10.0 0 0 -5.0
105.0 85.0 4 -10.0 0 0 5.0 10.0 0 0 -5.0
108.0 89.0 4 -10.0 0 0 5.0 10.0 0 0 -5.0
93.0 97.0 4 -10.0 0 0 5.0 10.0 0 0 -5.0
108.0 143.0 4 -10.0 0 0 5.0 10.0 0 0 -5.0
123.0 122.0 4 -10.0 0 0 5.0 10.0 0 0 -5.0
113.0 158.0 4 -10.0 0 0 5.0 10.0 0 0 -5.0
109.0 104.0 4 -10.0 0 0 5.0 10.0 0 0 -5.0
129.0 76.0 4 -10.0 0 0 5.0 10.0 0 0 -5.0
115.0 138.0 4 -10.0 0 0 5.0 10.0 0 0 -5.0
126.0 85.0 4 -10.0 0 0 5.0 10.0 0 0 -5.0
124.0 57.0 4 -10.0 0 0 5.0 10.0 0 0 -5.0
94.0 123.0 4 -10.0 0 0 5.0 10.0 0 0 -5.0
96.0 152.0 4 -10.0 0 0 5.0 10.0 0 0 -5.0
146.0 111.0 4 -10.0 0 0 5.0 10.0 0 0 -5.0
94.0 141.0 4 -10.0 0 0 5.0 10.0 0 0 -5.0
80.0 132.0 4 -10.0 0 0 5.0 10.0 0 0 -5.0
93.0 130.0 4 -10.0 0 0 5.0 10.0 0 0 -5.0
113.0 137.0 4 -10.0 0 0 5.0 10.0 0 0 -5.0
104.0 143.0 4 -10.0 0 0 5.0 10.0 0 0 -5.0
106.0 102.0 4 -10.0 0 0 5.0 10.0 0 0 -5.0
126.0 118.0 4 -10.0 0 0 5.0 10.0 0 0 -5.0
82.0 115.0 4 -10.0 0 0 5.0 10.0 0 0 -5.0
155.0 158.0 4 -10.0 0 0 5.0 10.0 0 0 -5.0
142.0 144.0 4 -10.0 0 0 5.0 10.0 0 0 -5.0
79.0 141.0 4 -10.0 0 0 5.0 10.0 0 0 -5.0
166.0 143.0 4 -10.0 0 0 5.0 10.0 0 0 -5.0
83.0 121.0 4 -10.0 0 0 5.0 10.0 0 0 -5.0
92.0 132.0 4 -10.0 0 0 5.0 10.0 0 0 -5.0
96.0 85.0 4 -10.0 0 0 5.0 10.0 0 0 -5.0
79.0 156.0 4 -10.0 0 0 5.0 10.0 0 0 -5.0
159.0 119.0 4 -10.0 0 0 5.0 10.0 0 0 -5.0
132.0 85.0 4 -10.0 0 0 5.0 10.0 0 0 -5.0
156.0 82.0 4 -10.0 0 0 5.0 10.0 0 0 -5.0
178.0 111.0 4 -10.0 0 0 5.0 10.0 0 0 -5.0
50.0 96.0 4 -10.0 0 0 5.0 10.0 0 0 -5.0
110.0 165.0 4 -10.0 0 0 5.0 10.0 0 0 -5.0
75.0 117.0 4 -10.0 0 0 5.0 10.0 0 0 -5.0
145.0 81.0 4 -10.0 0 0 5.0 10.0 0 0 -5.0
52.0 106.0 4 -10.0 0 0 5.0 10.0 0 0 -5.0
139.0 148.0 4 -10.0 0 0 5.0 10.0 0 0 -5.0
85.0 139.0 4 -10.0 0 0 5.0 10.0 0 0 -5.0
109.0 189.0 4 -10.0 0 0 5.0 10.0 0 0 -5.0
124.0 183.0 4 -10.0 0 0 5.0 10.0 0 0 -5.0
104.0 121.0 4 -10.0 0 0 5.0 10.0 0 0 -5.0
141.0 82.0 4 -10.0 0 0 5.0 10.0 0 0 -5.0
132.0 73.0 4 -10.0 0 0 5.0 10.0 0 0 -5.0
129.0 79.0 4 -10.0 0 0 5.0 10.0 0 0 -5.0
73.0 123.0 4 -10.0 0 0 5.0 10.0 0 0 -5.0
40.0 160.0 4 -10.0 0 0 5.0 10.0 0 0 -5.0
95.0 88.0 4 -10.0 0 0 5.0 10.0 0 0 -5.0
135.0 75.0 4 -10.0 0 0 5.0 10.0 0 0 -5.0
91.0 165.0 4 -10.0 0 0 5.0 10.0 0 0 -5.0
74.0 99.0 4 -10.0 0 0 5.0 10.0 0 0 -5.0
101.0 114.0 4 -10.0 0 0 5.0 10.0 0 0 -5.0
102.0 98.0 4 -10.0 0 0 5.0 10.0 0 0 -5.0
115.0 111.0 4 -10.0 0 0 5.0 10.0 0 0 -5.0
90.0 119.0 4 -10.0 0 0 5.0 10.0 0 0 -5.0
149.0 83.0 4 -10.0 0 0 5.0 10.0 0 0 -5.0
64.0 119.0 4 -10.0 0 0 5.0 10.0 0 0 -5.0
130.0 95.0 4 -10.0 0 0 5.0 10.0 0 0 -5.0
103.0 177.0 4 -10.0 0 0 5.0 10.0 0 0 -5.0
166.0 139.0 4 -10.0 0 0 5.0 10.0 0 0 -5.0
144.0 114.0 4 -10.0 0 0 5.0 10.0 0 0 -5.0
148.0 124.0 4 -10.0 0 0 5.0 10.0 0 0 -5.0
127.0 98.0 4 -10.0 0 0 5.0 10.0 0 0 -5.0
138.0 128.0 4 -10.0 0 0 5.0 10.0 0 0 -5.0
100.0 99.0 4 -10.0 0 0 5.0 10.0 0 0 -5.0
87.0 102.0 4 -10.0 0 0 5.0 10.0 0 0 -5.0
94.0 120.0 4 -10.0 0 0 5.0 10.0 0 0 -5.0
103.0 114.0 4 -10.0 0 0 5.0 10.0 0 0 -5.0
49.0 58.0 4 -10.0 0 0 5.0 10.0 0 0 -5.0
120.0 80.0 4 -10.0 0 0 5.0 10.0 0 0 -5.0
111.0 98.0 4 -10.0 0 0 5.0 10.0 0 0 -5.0
116.0 91.0 4 -10.0 0 0 5.0 10.0 0 0 -5.0
179.0 73.0 4 -10.0 0 0 5.0 10.0 0 0 -5.0
111.0 100.0 4 -10.0 0 0 5.0 10.0 0 0 -5.0
122.0 167.0 4 -10.0 0 0 5.0 10.0 0 0 -5.0
144.0 140.0 4 -10.0 0 0 5.0 10.0 0 0 -5.0
117.0 84.0 4 -10.0 0 0 5.0 10.0 0 0 -5.0
86.0 128.0 4 -10.0 0 0 5.0 10.0 0 0 -5.0
113.0 104.0 4 -10.0 0 0 5.0 10.0 0 0 -5.0
101.0 137.0 4 -10.0 0 0 5.0 10.0 0 0 -5.0
133.0 134.0 4 -10.0 0 0 5.0 10.0 0 0 -5.0
95.0 116.0 4 -10.0 0 0 5.0 10.0 0 0 -5.0
95.0 132.0 4 -10.0 0 0 5.0 10.0 0 0 -5.0
158.0 133.0 4 -10.0 0 0 5.0 10.0 0 0 -5.0
113.0 93.0 4 -10.0 0 0 5.0 10.0 0 0 -5.0
172.0 25.0 4 -10.0 0 0 5.0 10.0 0 0 -5.0
126.0 115.0 4 -10.0 0 0 5.0 10.0 0 0 -5.0
157.0 110.0 4 -10.0 0 0 5.0 10.0 0 0 -5.0
133.0 164.0 4 -10.0 0 0 5.0 10.0 0 0 -5.0
66.0 101.0 4 -10.0 0 0 5.0 10.0 0 0 -5.0
102.0 90.0 4 -10.0 0 0 5.0 10.0 0 0 -5.0
75.0 101.0 4 -10.0 0 0 5.0 10.0 0 0 -5.0
87.0 105.0 4 -10.0 0 0 5.0 10.0 0 0 -5.0
107.0 110.0 4 -10.0 0 0 5.0 10.0 0 0 -5.0
84.0 88.0 4 -10.0 0 0 5.0 10.0 0 0 -5.0
132.0 137.0 4 -10.0 0 0 5.0 10.0 0 0 -5.0
126.0 113.0 4 -10.0 0 0 5.0 10.0 0 0 -5.0
90.0 123.0 4 -10.0 0 0 5.0 10.0 0 0 -5.0
167.0 106.0 4 -10.0 0 0 5.0 10.0 0 0 -5.0
112.0 73.0 4 -10.0 0 0 5.0 10.0 0 0 -5.0
134.0 118.0 4 -10.0 0 0 5.0 10.0 0 0 -5.0
76.0 95.0 4 -10.0 0 0 5.0 10.0 0 0 -5.0
92.0 138.0 4 -10.0 0 0 5.0 10.0 0 0 -5.0
77.0 130.0 4 -10.0 0 0 5.0 10.0 0 0 -5.0
113.0 72.0 4 -10.0 0 0 5.0 10.0 0 0 -5.0
136.0 129.0 4 -10.0 0 0 5.0 10.0 0 0 -5.0
139.0 143.0 4 -10.0 0 0 5.0 10.0 0 0 -5.0
123.0 67.0 4 -10.0 0 0 5.0 10.0 0 0 -5.0
72.0 115.0 4 -10.0 0 0 5.0 10.0 0 0 -5.0
108.0 81.0 4 -10.0 0 0 5.0 10.0 0 0 -5.0
97.0 88.0 4 -10.0 0 0 5.0 10.0 0 0 -5.0
148.0 114.0 4 -10.0 0 0 5.0 10.0 0 0 -5.0
166.0 137.0 4 -10.0 0 0 5.0 10.0 0 0 -5.0
140.0 102.0 4 -10.0 0 0 5.0 10.0 0 0 -5.0
136.0 65.0 4 -10.0 0 0 5.0 10.0 0 0 -5.0
150.0 90.0 4 -10.0 0 0 5.0 10.0 0 0 -5.0
123.0 143.0 4 -10.0 0 0 5.0 10.0 0 0 -5.0
142.0 119.0 4 -10.0 0 0 5.0 10.0 0 0 -5.0
62.0 85.0 4 -10.0 0 0 5.0 10.0 0 0 -5.0
168.0 124.0 4 -10.0 0 0 5.0 10.0 0 0 -5.0
122.0 109.0 4 -10.0 0 0 5.0 10.0 0 0 -5.0
98.0 79.0 4 -10.0 0 0 5.0 10.0 0 0 -5.0
89.0 135.0 4 -10.0 0 0 5.0 10.0 0 0 -5.0
62.0 115.0 4 -10.0 0 0 5.0 10.0 0 0 -5.0
111.0 96.0 4 -10.0 0 0 5.0 10.0 0 0 -5.0
38.0 97.0 4 -10.0 0 0 5.0 10.0 0 0 -5.0
142.0 163.0 4 -10.0 0 0 5.0 10.0 0 0 -5.0
116.0 160.0 4 -10.0 0 0 5.0 10.0 0 0 -5.0
157.0 136.0 4 -10.0 0 0 5.0 10.0 0 0 -5.0
82.0 78.0 4 -10.0 0 0 5.0 10.0 0 0 -5.0
123.0 72.0 4 -10.0 0 0 5.0 10.0 0 0 -5.0
101.0 92.0 4 -10.0 0 0 5.0 10.0 0 0 -5.0
131.0 137.0 4 -10.0 0 0 5.0 10.0 0 0 -5.0
160.0 68.0 4 -10.0 0 0 5.0 10.0 0 0 -5.0
103.0 129.0 4 -10.0 0 0 5.0 10.0 0 0 -5.0
121.0 123.0 4 -10.0 0 0 5.0 10.0 0 0 -5.0
136.0 149.0 4 -10.0 0 0 5.0 10.0 0 0 -5.0
106.0 97.0 4 -10.0 0 0 5.0 10.0 0 0 -5.0
103.0 107.0 4 -10.0 0 0 5.0 10.0 0 0 -5.0
115.0 130.0 4 -10.0 0 0 5.0 10.0 0 0 -5.0
107.0 68.0 4 -10.0 0 0 5.0 10.0 0 0 -5.0
135.0 103.0 4 -10.0 0 0 5.0 10.0 0 0 -5.0
215.0 71.0 4 -10.0 0 0 5.0 10.0 0 0 -5.0
119.0 156.0 4 -10.0 0 0 5.0 10.0 0 0 -5.0
115.0 128.0 4 -10.0 0 0 5.0 10.0 0 0 -5.0
116.0 145.0 4 -10.0 0 0 5.0 10.0 0 0 -5.0
83.0 144.0 4 -10.0 0 0 5.0 10.0 0 0 -5.0
101.0 104.0 4 -10.0 0 0 5.0 10.0 0 0 -5.0
97.0 148.0 4 -10.0 0 0 5.0 10.0 0 0 -5.0
132.0 154.0 4 -10.0 0 0 5.0 10.0 0 0 -5.0
144.0 160.0 4 -10.0 0 0 5.0 10.0 0 0 -5.0
77.0 148.0 4 -10.0 0 0 5.0 10.0 0 0 -5.0
114.0 98.0 4 -10.0 0 0 5.0 10.0 0 0 -5.0
108.0 152.0 4 -10.0 0 0 5.0 10.0 0 0 -5.0
88.0 70.0 4 -10.0 0 0 5.0 10.0 0 0 -5.0
60.0 107.0 4 -10.0 0 0 5.0 10.0 0 0 -5.0
84.0 156.0 4 -10.0 0 0 5.0 10.0 0 0 -5.0
101.0 173.0 4 -10.0 0 0 5.0 10.0 0 0 -5.0
80.0 73.0 4 -10.0 0 0 5.0 10.0 0 0 -5.0
80.0 124.0 4 -10.0 0 0 5.0 10.0 0 0 -5.0
102.0 124.0 4 -10.0 0 0 5.0 10.0 0 0 -5.0
127.0 135.0 4 -10.0 0 0 5.0 10.0 0 0 -5.0
127.0 91.0 4 -10.0 0 0 5.0 10.0 0 0 -5.0
122.0 96.0 4 -10.0 0 0 5.0 10.0 0 0 -5.0
128.0 73.0 4 -10.0 0 0 5.0 10.0 0 0 -5.0
115.0 97.0 4 -10.0 0 0 5.0 10.0 0 0 -5.0
74.0 103.0 4 -10.0 0 0 5.0 10.0 0 0 -5.0
144.0 119.0 4 -10.0 0 0 5.0 10.0 0 0 -5.0
100.0 122.0 4 -10.0 0 0 5.0 10.0 0 0 -5.0
178.0 164.0 4 -10.0 0 0 5.0 10.0 0 0 -5.0
122.0 125.0 4 -10.0 0 0 5.0 10.0 0 0 -5.0
75.0 97.0 4 -10.0 0 0 5.0 10.0 0 0 -5.0
108.0 176.0 4 -10.0 0 0 5.0 10.0 0 0 -5.0
87.0 92.0 4 -10.0 0 0 5.0 10.0 0 0 -5.0
114.0 119.0 4 -10.0 0 0 5.0 10.0 0 0 -5.0
85.0 123.0 4 -10.0 0 0 5.0 10.0 0 0 -5.0
65.0 138.0 4 -10.0 0 0 5.0 10.0 0 0 -5.0
169.0 128.0 4 -10.0 0 0 5.0 10.0 0 0 -5.0
122.0 94.0 4 -10.0 0 0 5.0 10.0 0 0 -5.0
92.0 64.0 4 -10.0 0 0 5.0 10.0 0 0 -5.0
134.0 151.0 4 -10.0 0 0 5.0 10.0 0 0 -5.0
194.0 123.0 4 -10.0 0 0 5.0 10.0 0 0 -5.0
93.0 102.0 4 -10.0 0 0 5.0 10.0 0 0 -5.0
117.0 135.0 4 -10.0 0 0 5.0 10.0 0 0 -5.0
130.0 114.0 4 -10.0 0 0 5.0 10.0 0 0 -5.0
145.0 171.0 4 -10.0 0 0 5.0 10.0 0 0 -5.0
161.0 85.0 4 -10.0 0 0 5.0 10.0 0 0 -5.0
101.0 134.0 4 -10.0 0 0 5.0 10.0 0 0 -5.0
80.0 107.0 4 -10.0 0 0 5.0 10.0 0 0 -5.0
133.0 114.0 4 -10.0 0 0 5.0 10.0 0 0 -5.0
127.0 96.0 4 -10.0 0 0 5.0 10.0 0 0 -5.0
94.0 160.0 4 -10.0 0 0 5.0 10.0 0 0 -5.0
103.0 123.0 4 -10.0 0 0 5.0 10.0 0 0 -5.0
103.0 91.0 4 -10.0 0 0 5.0 10.0 0 0 -5.0
135.0 143.0 4 -10.0 0 0 5.0 10.0 0 0 -5.0
112.0 145.0 4 -10.0 0 0 5.0 10.0 0 0 -5.0
131.0 99.0 4 -10.0 0 0 5.0 10.0 0 0 -5.0
162.0 122.0 4 -10.0 0 0 5.0 10.0 0 0 -5.0
71.0 129.0 4 -10.0 0 0 5.0 10.0 0 0 -5.0
65.0 128.0 4 -10.0 0 0 5.0 10.0 0 0 -5.0
56.0 122.0 4 -10.0 0 0 5.0 10.0 0 0 -5.0
74.0 59.0 4 -10.0 0 0 5.0 10.0 0 0 -5.0
96.0 170.0 4 -10.0 0 0 5.0 10.0 0 0 -5.0
73.0 119.0 4 -10.0 0 0 5.0 10.0 0 0 -5.0
117.0 116.0 4 -10.0 0 0 5.0 10.0 0 0 -5.0
113.0 108.0 4 -10.0 0 0 5.0 10.0 0 0 -5.0
139.0 120.0 4 -10.0 0 0 5.0 10.0 0 0 -5.0
140.0 136.0 4 -10.0 0 0 5.0 10.0 0 0 -5.0
96.0 114.0 4 -10.0 0 0 5.0 10.0 0 0 -5.0
83.0 131.0 4 -10.0 0 0 5.0 10.0 0 0 -5.0
129.0 129.0 4 -10.0 0 0 5.0 10.0 0 0 -5.0
160.0 167.0 4 -10.0 0 0 5.0 10.0 0 0 -5.0
90.0 134.0 4 -10.0 0 0 5.0 10.0 0 0 -5.0
150.0 153.0 4 -10.0 0 0 5.0 10.0 0 0 -5.0
164.0 145.0 4 -10.0 0 0 5.0 10.0 0 0 -5.0
123.0 63.0 4 -10.0 0 0 5.0 10.0 0 0 -5.0
104.0 140.0 4 -10.0 0 0 5.0 10.0 0 0 -5.0
121.0 137.0 4 -10.0 0 0 5.0 10.0 0 0 -5.0
129.0 90.0 4 -10.0 0 0 5.0 10.0 0 0 -5.0
118.0 114.0 4 -10.0 0 0 5.0 10.0 0 0 -5.0
84.0 110.0 4 -10.0 0 0 5.0 10.0 0 0 -5.0
123.0 140.0 4 -10.0 0 0 5.0 10.0 0 0 -5.0
108.0 99.0 4 -10.0 0 0 5.0 10.0 0 0 -5.0
98.0 118.0 4 -10.0 0 0 5.0 10.0 0 0 -5.0
114.0 86.0 4 -10.0 0 0 5.0 10.0 0 0 -5.0
150.0 199.0 4 -10.0 0 0 5.0 10.0 0 0 -5.0
154.0 124.0 4 -10.0 0 0 5.0 10.0 0 0 -5.0
97.0 157.0 4 -10.0 0 0 5.0 10.0 0 0 -5.0
138.0 93.0 4 -10.0 0 0 5.0 10.0 0 0 -5.0
99.0 108.0 4 -10.0 0 0 5.0 10.0 0 0 -5.0
138.0 124.0 4 -10.0 0 0 5.0 10.0 0 0 -5.0
128.0 133.0 4 -10.0 0 0 5.0 10.0 0 0 -5.0
105.0 135.0 4 -10.0 0 0 5.0 10.0 0 0 -5.0
94.0 135.0 4 -10.0 0 0 5.0 10.0 0 0 -5.0
119.0 136.0 4 -10.0 0 0 5.0 10.0 0 0 -5.0
169.0 170.0 4 -10.0 0 0 5.0 10.0 0 0 -5.0
153.0 104.0 4 -10.0 0 0 5.0 10.0 0 0 -5.0
130.0 146.0 4 -10.0 0 0 5.0 10.0 0 0 -5.0
83.0 188.0 4 -10.0 0 0 5.0 10.0 0 0 -5.0
156.0 133.0 4 -10.0 0 0 5.0 10.0 0 0 -5.0
133.0 97.0 4 -10.0 0 0 5.0 10.0 0 0 -5.0
120.0 112.0 4 -10.0 0 0 5.0 10.0 0 0 -5.0
145.0 90.0 4 -10.0 0 0 5.0 10.0 0 0 -5.0
143.0 116.0 4 -10.0 0 0 5.0 10.0 0 0 -5.0
124.0 116.0 4 -10.0 0 0 5.0 10.0 0 0 -5.0
113.0 140.0 4 -10.0 0 0 5.0 10.0 0 0 -5.0
126.0 168.0 4 -10.0 0 0 5.0 10.0 0 0 -5.0
106.0 159.0 4 -10.0 0 0 5.0 10.0 0 0 -5.0
95.0 95.0 4 -10.0 0 0 5.0 10.0 0 0 -5.0
137.0 160.0 4 -10.0 0 0 5.0 10.0 0 0 -5.0
152.0 110.0 4 -10.0 0 0 5.0 10.0 0 0 -5.0
112.0 115.0 4 -10.0 0 0 5.0 10.0 0 0 -5.0
115.0 149.0 4 -10.0 0 0 5.0 10.0 0 0 -5.0
147.0 180.0 4 -10.0 0 0 5.0 10.0 0 0 -5.0
129.0 138.0 4 -10.0 0 0 5.0 10.0 0 0 -5.0
107.0 53.0 4 -10.0 0 0 5.0 10.0 0 0 -5.0
129.0 155.0 4 -10.0 0 0 5.0 10.0 0 0 -5.0
113.0 126.0 4 -10.0 0 0 5.0 10.0 0 0 -5.0
85.0 136.0 4 -10.0 0 0 5.0 10.0 0 0 -5.0
95.0 113.0 4 -10.0 0 0 5.0 10.0 0 0 -5.0
112.0 141.0 4 -10.0 0 0 5.0 10.0 0 0 -5.0
137.0 115.0 4 -10.0 0 0 5.0 10.0 0 0 -5.0
85.0 111.0 4 -10.0 0 0 5.0 10.0 0 0 -5.0
158.0 73.0 4 -10.0 0 0 5.0 10.0 0 0 -5.0
65.0 165.0 4 -10.0 0 0 5.0 10.0 0 0 -5.0
89.0 111.0 4 -10.0 0 0 5.0 10.0 0 0 -5.0
99.0 140.0 4 -10.0 0 0 5.0 10.0 0 0 -5.0
56.0 155.0 4 -10.0 0 0 5.0 10.0 0 0 -5.0
163.0 205.0 4 -10.0 0 0 5.0 10.0 0 0 -5.0
69.0 114.0 4 -10.0 0 0 5.0 10.0 0 0 -5.0
167.0 157.0 4 -10.0 0 0 5.0 10.0 0 0 -5.0
143.0 123.0 4 -10.0 0 0 5.0 10.0 0 0 -5.0
103.0 147.0 4 -10.0 0 0 5.0 10.0 0 0 -5.0
136.0 134.0 4 -10.0 0 0 5.0 10.0 0 0 -5.0
136.0 147.0 4 -10.0 0 0 5.0 10.0 0 0 -5.0
53.0 166.0 4 -10.0 0 0 5.0 10.0 0 0 -5.0
134.0 107.0 4 -10.0 0 0 5.0 10.0 0 0 -5.0
91.0 102.0 4 -10.0 0 0 5.0 10.0 0 0 -5.0
123.0 168.0 4 -10.0 0 0 5.0 10.0 0 0 -5.0
107.0 66.0 4 -10.0 0 0 5.0 10.0 0 0 -5.0
120.0 91.0 4 -10.0 0 0 5.0 10.0 0 0 -5.0
124.0 153.0 4 -10.0 0 0 5.0 10.0 0 0 -5.0
140.0 98.0 4 -10.0 0 0 5.0 10.0 0 0 -5.0
106.0 116.0 4 -10.0 0 0 5.0 10.0 0 0 -5.0
151.0 97.0 4 -10.0 0 0 5.0 10.0 0 0 -5.0
137.0 95.0 4 -10.0 0 0 5.0 10.0 0 0 -5.0
157.0 146.0 4 -10.0 0 0 5.0 10.0 0 0 -5.0
159.0 102.0 4 -10.0 0 0 5.0 10.0 0 0 -5.0
114.0 169.0 4 -10.0 0 0 5.0 10.0 0 0 -5.0
83.0 67.0 4 -10.0 0 0 5.0 10.0 0 0 -5.0
95.0 145.0 4 -10.0 0 0 5.0 10.0 0 0 -5.0
137.0 85.0 4 -10.0 0 0 5.0 10.0 0 0 -5.0
123.0 172.0 4 -10.0 0 0 5.0 10.0 0 0 -5.0
151.0 135.0 4 -10.0 0 0 5.0 10.0 0 0 -5.0
147.0 99.0 4 -10.0 0 0 5.0 10.0 0 0 -5.0
113.0 110.0 4 -10.0 0 0 5.0 10.0 0 0 -5.0
109.0 83.0 4 -10.0 0 0 5.0 10.0 0 0 -5.0
109.0 116.0 4 -10.0 0 0 5.0 10.0 0 0 -5.0
113.0 114.0 4 -10.0 0 0 5.0 10.0 0 0 -5.0
111.0 105.0 4 -10.0 0 0 5.0 10.0 0 0 -5.0
116.0 135.0 4 -10.0 0 0 5.0 10.0 0 0 -5.0
66.0 92.0 4 -10.0 0 0 5.0 10.0 0 0 -5.0
152.0 93.0 4 -10.0 0 0 5.0 10.0 0 0 -5.0
110.0 114.0 4 -10.0 0 0 5.0 10.0 0 0 -5.0
110.0 159.0 4 -10.0 0 0 5.0 10.0 0 0 -5.0
106.0 107.0 4 -10.0 0 0 5.0 10.0 0 0 -5.0
54.0 91.0 4 -10.0 0 0 5.0 10.0 0 0 -5.0
132.0 112.0 4 -10.0 0 0 5.0 10.0 0 0 -5.0
146.0 158.0 4 -10.0 0 0 5.0 10.0 0 0 -5.0
94.0 108.0 4 -10.0 0 0 5.0 10.0 0 0 -5.0
28.0 140.0 4 -10.0 0 0 5.0 10.0 0 0 -5.0
161.0 174.0 4 -10.0 0 0 5.0 10.0 0 0 -5.0
124.0 162.0 4 -10.0 0 0 5.0 10.0 0 0 -5.0
112.0 162.0 4 -10.0 0 0 5.0 10.0 0 0 -5.0
71.0 162.0 4 -10.0 0 0 5.0 10.0 0 0 -5.0
126.0 165.0 4 -10.0 0 0 5.0 10.0 0 0 -5.0
109.0 120.0 4 -10.0 0 0 5.0 10.0 0 0 -5.0
116.0 123.0 4 -10.0 0 0 5.0 10.0 0 0 -5.0
102.0 120.0 4 -10.0 0 0 5.0 10.0 0 0 -5.0
92.0 157.0 4 -10.0 0 0 5.0 10.0 0 0 -5.0
86.0 161.0 4 -10.0 0 0 5.0 10.0 0 0 -5.0
162.0 129.0 4 -10.0 0 0 5.0 10.0 0 0 -5.0
81.0 98.0 4 -10.0 0 0 5.0 10.0 0 0 -5.0
140.0 74.0 4 -10.0 0 0 5.0 10.0 0 0 -5.0
160.0 123.0 4 -10.0 0 0 5.0 10.0 0 0 -5.0
75.0 121.0 4 -10.0 0 0 5.0 10.0 0 0 -5.0
97.0 76.0 4 -10.0 0 0 5.0 10.0 0 0 -5.0
126.0 193.0 4 -10.0 0 0 5.0 10.0 0 0 -5.0
172.0 109.0 4 -10.0 0 0 5.0 10.0 0 0 -5.0
93.0 170.0 4 -10.0 0 0 5.0 10.0 0 0 -5.0
99.0 166.0 4 -10.0 0 0 5.0 10.0 0 0 -5.0
93.0 80.0 4 -10.0 0 0 5.0 10.0 0 0 -5.0
117.0 86.0 4 -10.0 0 0 5.0 10.0 0 0 -5.0
141.0 109.0 4 -10.0 0 0 5.0 10.0 0 0 -5.0
82.0 89.0 4 -10.0 0 0 5.0 10.0 0 0 -5.0
115.0 159.0 4 -10.0 0 0 5.0 10.0 0 0 -5.0
80.0 94.0 4 -10.0 0 0 5.0 10.0 0 0 -5.0
169.0 122.0 4 -10.0 0 0 5.0 10.0 0 0 -5.0
100.0 85.0 4 -10.0 0 0 5.0 10.0 0 0 -5.0
115.0 113.0 4 -10.0 0 0 5.0 10.0 0 0 -5.0
121.0 61.0 4 -10.0 0 0 5.0 10.0 0 0 -5.0
151.0 88.0 4 -10.0 0 0 5.0 10.0 0 0 -5.0
158.0 80.0 4 -10.0 0 0 5.0 10.0 0 0 -5.0
124.0 133.0 4 -10.0 0 0 5.0 10.0 0 0 -5.0
71.0 118.0 4 -10.0 0 0 5.0 10.0 0 0 -5.0
124.0 85.0 4 -10.0 0 0 5.0 10.0 0 0 -5.0
147.0 156.0 4 -10.0 0 0 5.0 10.0 0 0 -5.0
159.0 105.0 4 -10.0 0 0 5.0 10.0 0 0 -5.0
96.0 125.0 4 -10.0 0 0 5.0 10.0 0 0 -5.0
73.0 93.0 4 -10.0 0 0 5.0 10.0 0 0 -5.0
139.0 88.0 4 -10.0 0 0 5.0 10.0 0 0 -5.0
77.0 108.0 4 -10.0 0 0 5.0 10.0 0 0 -5.0
123.0 155.0 4 -10.0 0 0 5.0 10.0 0 0 -5.0
92.0 139.0 4 -10.0 0 0 5.0 10.0 0 0 -5.0
144.0 131.0 4 -10.0 0 0 5.0 10.0 0 0 -5.0
149.0 103.0 4 -10.0 0 0 5.0 10.0 0 0 -5.0
143.0 170.0 4 -10.0 0 0 5.0 10.0 0 0 -5.0
104.0 136.0 4 -10.0 0 0 5.0 10.0 0 0 -5.0
134.0 132.0 4 -10.0 0 0 5.0 10.0 0 0 -5.0
57.0 124.0 4 -10.0 0 0 5.0 10.0 0 0 -5.0
129.0 126.0 4 -10.0 0 0 5.0 10.0 0 0 -5.0
113.0 118.0 4 -10.0 0 0 5.0 10.0 0 0 -5.0
126.0 90.0 4 -10.0 0 0 5.0 10.0 0 0 -5.0
113.0 152.0 4 -10.0 0 0 5.0 10.0 0 0 -5.0
151.0 123.0 4 -10.0 0 0 5.0 10.0 0 0 -5.0
163.0 146.0 4 -10.0 0 0 5.0 10.0 0 0 -5.0
131.0 119.0 4 -10.0 0 0 5.0 10.0 0 0 -5.0
139.0 117.0 4 -10.0 0 0 5.0 10.0 0 0 -5.0
131.0 149.0 4 -10.0 0 0 5.0 10.0 0 0 -5.0
86.0 126.0 4 -10.0 0 0 5.0 10.0 0 0 -5.0
84.0 63.0 4 -10.0 0 0 5.0 10.0 0 0 -5.0
151.0 128.0 4 -10.0 0 0 5.0 10.0 0 0 -5.0
134.0 120.0 4 -10.0 0 0 5.0 10.0 0 0 -5.0
115.0 179.0 4 -10.0 0 0 5.0 10.0 0 0 -5.0
116.0 157.0 4 -10.0 0 0 5.0 10.0 0 0 -5.0
89.0 139.0 4 -10.0 0 0 5.0 10.0 0 0 -5.0
118.0 126.0 4 -10.0 0 0 5.0 10.0 0 0 -5.0
65.0 146.0 4 -10.0 0 0 5.0 10.0 0 0 -5.0
62.0 110.0 4 -10.0 0 0 5.0 10.0 0 0 -5.0
97.0 108.0 4 -10.0 0 0 5.0 10.0 0 0 -5.0
127.0 62.0 4 -10.0 0 0 5.0 10.0 0 0 -5.0
128.0 120.0 4 -10.0 0 0 5.0 10.0 0 0 -5.0
112.0 109.0 4 -10.0 0 0 5.0 10.0 0 0 -5.0
104.0 196.0 4 -10.0 0 0 5.0 10.0 0 0 -5.0
101.0 89.0 4 -10.0 0 0 5.0 10.0 0 0 -5.0
141.0 79.0 4 -10.0 0 0 5.0 10.0 0 0 -5.0
50.0 101.0 4 -10.0 0 0 5.0 10.0 0 0 -5.0
79.0 126.0 4 -10.0 0 0 5.0 10.0 0 0 -5.0
150.0 103.0 4 -10.0 0 0 5.0 10.0 0 0 -5.0
88.0 131.0 4 -10.0 0 0 5.0 10.0 0 0 -5.0
85.0 117.0 4 -10.0 0 0 5.0 10.0 0 0 -5.0
146.0 121.0 4 -10.0 0 0 5.0 10.0 0 0 -5.0
135.0 156.0 4 -10.0 0 0 5.0 10.0 0 0 -5.0
98.0 144.0 4 -10.0 0 0 5.0 10.0 0 0 -5.0
125.0 122.0 4 -10.0 0 0 5.0 10.0 0 0 -5.0
88.0 111.0 4 -10.0 0 0 5.0 10.0 0 0 -5.0
57.0 60.0 4 -10.0 0 0 5.0 10.0 0 0 -5.0
59.0 104.0 4 -10.0 0 0 5.0 10.0 0 0 -5.0
128.0 70.0 4 -10.0 0 0 5.0 10.0 0 0 -5.0
59.0 136.0 4 -10.0 0 0 5.0 10.0 0 0 -5.0
139.0 96.0 4 -10.0 0 0 5.0 10.0 0 0 -5.0
59.0 126.0 4 -10.0 0 0 5.0 10.0 0 0 -5.0
110.0 136.0 4 -10.0 0 0 5.0 10.0 0 0 -5.0
120.0 131.0 4 -10.0 0 0 5.0 10.0 0 0 -5.0
101.0 119.0 4 -10.0 0 0 5.0 10.0 0 0 -5.0
96.0 100.0 4 -10.0 0 0 5.0 10.0 0 0 -5.0
125.0 124.0 4 -10.0 0 0 5.0 10.0 0 0 -5.0
84.0 99.0 4 -10.0 0 0 5.0 10.0 0 0 -5.0
114.0 77.0 4 -10.0 0 0 5.0 10.0 0 0 -5.0
75.0 132.0 4 -10.0 0 0 5.0 10.0 0 0 -5.0
126.0 153.0 4 -10.0 0 0 5.0 10.0 0 0 -5.0
119.0 62.0 4 -10.0 0 0 5.0 10.0 0 0 -5.0
111.0 153.0 4 -10.0 0 0 5.0 10.0 0 0 -5.0
63.0 94.0 4 -10.0 0 0 5.0 10.0 0 0 -5.0
88.0 82.0 4 -10.0 0 0 5.0 10.0 0 0 -5.0
78.0 150.0 4 -10.0 0 0 5.0 10.0 0 0 -5.0
160.0 130.0 4 -10.0 0 0 5.0 10.0 0 0 -5.0
127.0 66.0 4 -10.0 0 0 5.0 10.0 0 0 -5.0
127.0 83.0 4 -10.0 0 0 5.0 10.0 0 0 -5.0
160.0 171.0 4 -10.0 0 0 5.0 10.0 0 0 -5.0
155.0 171.0 4 -10.0 0 0 5.0 10.0 0 0 -5.0
71.0 147.0 4 -10.0 0 0 5.0 10.0 0 0 -5.0
99.0 104.0 4 -10.0 0 0 5.0 10.0 0 0 -5.0
67.0 120.0 4 -10.0 0 0 5.0 10.0 0 0 -5.0
65.0 170.0 4 -10.0 0 0 5.0 10.0 0 0 -5.0
144.0 100.0 4 -10.0 0 0 5.0 10.0 0 0 -5.0
136.0 116.0 4 -10.0 0 0 5.0 10.0 0 0 -5.0
103.0 140.0 4 -10.0 0 0 5.0 10.0 0 0 -5.0
92.0 134.0 4 -10.0 0 0 5.0 10.0 0 0 -5.0
96.0 79.0 4 -10.0 0 0 5.0 10.0 0 0 -5.0
99.0 129.0 4 -10.0 0 0 5.0 10.0 0 0 -5.0
156.0 138.0 4 -10.0 0 0 5.0 10.0 0 0 -5.0
78.0 166.0 4 -10.0 0 0 5.0 10.0 0 0 -5.0
160.0 115.0 4 -10.0 0 0 5.0 10.0 0 0 -5.0
157.0 102.0 4 -10.0 0 0 5.0 10.0 0 0 -5.0
123.0 88.0 4 -10.0 0 0 5.0 10.0 0 0 -5.0
198.0 141.0 4 -10.0 0 0 5.0 10.0 0 0 -5.0
126.0 104.0 4 -10.0 0 0 5.0 10.0 0 0 -5.0
98.0 106.0 4 -10.0 0 0 5.0 10.0 0 0 -5.0
113.0 81.0 4 -10.0 0 0 5.0 10.0 0 0 -5.0
133.0 188.0 4 -10.0 0 0 5.0 10.0 0 0 -5.0
144.0 115.0 4 -10.0 0 0 5.0 10.0 0 0 -5.0
109.0 105.0 4 -10.0 0 0 5.0 10.0 0 0 -5.0
149.0 106.0 4 -10.0 0 0 5.0 10.0 0 0 -5.0
166.0 154.0 4 -10.0 0 0 5.0 10.0 0 0 -5.0
145.0 126.0 4 -10.0 0 0 5.0 10.0 0 0 -5.0
148.0 91.0 4 -10.0 0 0 5.0 10.0 0 0 -5.0
57.0 92.0 4 -10.0 0 0 5.0 10.0 0 0 -5.0
163.0 200.0 4 -10.0 0 0 5.0 10.0 0 0 -5.0
46.0 146.0 4 -10.0 0 0 5.0 10.0 0 0 -5.0
85.0 129.0 4 -10.0 0 0 5.0 10.0 0 0 -5.0
102.0 125.0 4 -10.0 0 0 5.0 10.0 0 0 -5.0
122.0 92.0 4 -10.0 0 0 5.0 10.0 0 0 -5.0
83.0 106.0 4 -10.0 0 0 5.0 10.0 0 0 -5.0
112.0 70.0 4 -10.0 0 0 5.0 10.0 0 0 -5.0
110.0 123.0 4 -10.0 0 0 5.0 10.0 0 0 -5.0
146.0 167.0 4 -10.0 0 0 5.0 10.0 0 0 -5.0
125.0 136.0 4 -10.0 0 0 5.0 10.0 0 0 -5.0
131.0 89.0 4 -10.0 0 0 5.0 10.0 0 0 -5.0
120.0 101.0 4 -10.0 0 0 5.0 10.0 0 0 -5.0
73.0 80.0 4 -10.0 0 0 5.0 10.0 0 0 -5.0
107.0 149.0 4 -10.0 0 0 5.0 10.0 0 0 -5.0
121.0 130.0 4 -10.0 0 0 5.0 10.0 0 0 -5.0
76.0 159.0 4 -10.0 0 0 5.0 10.0 0 0 -5.0
73.0 128.0 4 -10.0 0 0 5.0 10.0 0 0 -5.0
112.0 133.0 4 -10.0 0 0 5.0 10.0 0 0 -5.0
69.0 103.0 4 -10.0 0 0 5.0 10.0 0 0 -5.0
129.0 152.0 4 -10.0 0 0 5.0 10.0 0 0 -5.0
104.0 92.0 4 -10.0 0 0 5.0 10.0 0 0 -5.0
131.0 83.0 4 -10.0 0 0 5.0 10.0 0 0 -5.0
142.0 106.0 4 -10.0 0 0 5.0 10.0 0 0 -5.0
101.0 126.0 4 -10.0 0 0 5.0 10.0 0 0 -5.0
147.0 126.0 4 -10.0 0 0 5.0 10.0 0 0 -5.0
132.0 104.0 4 -10.0 0 0 5.0 10.0 0 0 -5.0
100.0 92.0 4 -10.0 0 0 5.0 10.0 0 0 -5.0
149.0 137.0 4 -10.0 0 0 5.0 10.0 0 0 -5.0
110.0 124.0 4 -10.0 0 0 5.0 10.0 0 0 -5.0
146.0 109.0 4 -10.0 0 0 5.0 10.0 0 0 -5.0
80.0 138.0 4 -10.0 0 0 5.0 10.0 0 0 -5.0
82.0 190.0 4 -10.0 0 0 5.0 10.0 0 0 -5.0
141.0 77.0 4 -10.0 0 0 5.0 10.0 0 0 -5.0
124.0 103.0 4 -10.0 0 0 5.0 10.0 0 0 -5.0
145.0 84.0 4 -10.0 0 0 5.0 10.0 0 0 -5.0
97.0 135.0 4 -10.0 0 0 5.0 10.0 0 0 -5.0
141.0 152.0 4 -10.0 0 0 5.0 10.0 0 0 -5.0
134.0 139.0 4 -10.0 0 0 5.0 10.0 0 0 -5.0
112.0 102.0 4 -10.0 0 0 5.0 10.0 0 0 -5.0
135.0 123.0 4 -10.0 0 0 5.0 10.0 0 0 -5.0
119.0 108.0 4 -10.0 0 0 5.0 10.0 0 0 -5.0
144.0 143.0 4 -10.0 0 0 5.0 10.0 0 0 -5.0
150.0 109.0 4 -10.0 0 0 5.0 10.0 0 0 -5.0
127.0 130.0 4 -10.0 0 0 5.0 10.0 0 0 -5.0
109.0 148.0 4 -10.0 0 0 5.0 10.0 0 0 -5.0
113.0 134.0 4 -10.0 0 0 5.0 10.0 0 0 -5.0
171.0 128.0 4 -10.0 0 0 5.0 10.0 0 0 -5.0
97.0 93.0 4 -10.0 0 0 5.0 10.0 0 0 -5.0
58.0 111.0 4 -10.0 0 0 5.0 10.0 0 0 -5.0
112.0 155.0 4 -10.0 0 0 5.0 10.0 0 0 -5.0
114.0 47.0 4 -10.0 0 0 5.0 10.0 0 0 -5.0
136.0 165.0 4 -10.0 0 0 5.0 10.0 0 0 -5.0
124.0 93.0 4 -10.0 0 0 5.0 10.0 0 0 -5.0
110.0 58.0 4 -10.0 0 0 5.0 10.0 0 0 -5.0
162.0 136.0 4 -10.0 0 0 5.0 10.0 0 0 -5.0
168.0 87.0 4 -10.0 0 0 5.0 10.0 0 0 -5.0
105.0 78.0 4 -10.0 0 0 5.0 10.0 0 0 -5.0
147.0 129.0 4 -10.0 0 0 5.0 10.0 0 0 -5.0
111.0 119.0 4 -10.0 0 0 5.0 10.0 0 0 -5.0
84.0 92.0 4 -10.0 0 0 5.0 10.0 0 0 -5.0
117.0 163.0 4 -10.0 0 0 5.0 10.0 0 0 -5.0
101.0 169.0 4 -10.0 0 0 5.0 10.0 0 0 -5.0
113.0 89.0 4 -10.0 0 0 5.0 10.0 0 0 -5.0
96.0 97.0 4 -10.0 0 0 5.0 10.0 0 0 -5.0
132.0 109.0 4 -10.0 0 0 5.0 10.0 0 0 -5.0
166.0 114.0 4 -10.0 0 0 5.0 10.0 0 0 -5.0
151.0 80.0 4 -10.0 0 0 5.0 10.0 0 0 -5.0
84.0 95.0 4 -10.0 0 0 5.0 10.0 0 0 -5.0
128.0 149.0 4 -10.0 0 0 5.0 10.0 0 0 -5.0
92.0 175.0 4 -10.0 0 0 5.0 10.0 0 0 -5.0
147.0 68.0 4 -10.0 0 0 5.0 10.0 0 0 -5.0
120.0 116.0 4 -10.0 0 0 5.0 10.0 0 0 -5.0
59.0 174.0 4 -10.0 0 0 5.0 10.0 0 0 -5.0
170.0 131.0 4 -10.0 0 0 5.0 10.0 0 0 -5.0
117.0 81.0 4 -10.0 0 0 5.0 10.0 0 0 -5.0
133.0 158.0 4 -10.0 0 0 5.0 10.0 0 0 -5.0
95.0 82.0 4 -10.0 0 0 5.0 10.0 0 0 -5.0
105.0 80.0 4 -10.0 0 0 5.0 10.0 0 0 -5.0
154.0 89.0 4 -10.0 0 0 5.0 10.0 0 0 -5.0
111.0 151.0 4 -10.0 0 0 5.0 10.0 0 0 -5.0
107.0 134.0 4 -10.0 0 0 5.0 10.0 0 0 -5.0
145.0 117.0 4 -10.0 0 0 5.0 10.0 0 0 -5.0
117.0 154.0 4 -10.0 0 0 5.0 10.0 0 0 -5.0
92.0 70.0 4 -10.0 0 0 5.0 10.0 0 0 -5.0
136.0 70.0 4 -10.0 0 0 5.0 10.0 0 0 -5.0
129.0 142.0 4 -10.0 0 0 5.0 10.0 0 0 -5.0
25.0 255.0 4 -10.0 0 0 5.0 10.0 0 0 -5.0
126.0 150.0 4 -10.0 0 0 5.0 10.0 0 0 -5.0
81.0 157.0 4 -10.0 0 0 5.0 10.0 0 0 -5.0
154.0 109.0 4 -10.0 0 0 5.0 10.0 0 0 -5.0
114.0 125.0 4 -10.0 0 0 5.0 10.0 0 0 -5.0
94.0 129.0 4 -10.0 0 0 5.0 10.0 0 0 -5.0
115.0 77.0 4 -10.0 0 0 5.0 10.0 0 0 -5.0
150.0 118.0 4 -10.0 0 0 5.0 10.0 0 0 -5.0
81.0 153.0 4 -10.0 0 0 5.0 10.0 0 0 -5.0
171.0 123.0 4 -10.0 0 0 5.0 10.0 0 0 -5.0
144.0 104.0 4 -10.0 0 0 5.0 10.0 0 0 -5.0
133.0 149.0 4 -10.0 0 0 5.0 10.0 0 0 -5.0
135.0 136.0 4 -10.0 0 0 5.0 10.0 0 0 -5.0
138.0 113.0 4 -10.0 0 0 5.0 10.0 0 0 -5.0
146.0 150.0 4 -10.0 0 0 5.0 10.0 0 0 -5.0
89.0 107.0 4 -10.0 0 0 5.0 10.0 0 0 -5.0
117.0 132.0 4 -10.0 0 0 5.0 10.0 0 0 -5.0
81.0 132.0 4 -10.0 0 0 5.0 10.0 0 0 -5.0
209.0 114.0 4 -10.0 0 0 5.0 10.0 0 0 -5.0
134.0 80.0 4 -10.0 0 0 5.0 10.0 0 0 -5.0
131.0 126.0 4 -10.0 0 0 5.0 10.0 0 0 -5.0
110.0 96.0 4 -10.0 0 0 5.0 10.0 0 0 -5.0
122.0 75.0 4 -10.0 0 0 5.0 10.0 0 0 -5.0
116.0 173.0 4 -10.0 0 0 5.0 10.0 0 0 -5.0
136.0 139.0 4 -10.0 0 0 5.0 10.0 0 0 -5.0
90.0 93.0 4 -10.0 0 0 5.0 10.0 0 0 -5.0
126.0 121.0 4 -10.0 0 0 5.0 10.0 0 0 -5.0
116.0 108.0 4 -10.0 0 0 5.0 10.0 0 0 -5.0
128.0 122.0 4 -10.0 0 0 5.0 10.0 0 0 -5.0
103.0 81.0 4 -10.0 0 0 5.0 10.0 0 0 -5.0
152.0 135.0 4 -10.0 0 0 5.0 10.0 0 0 -5.0
152.0 113.0 4 -10.0 0 0 5.0 10.0 0 0 -5.0
166.0 120.0 4 -10.0 0 0 5.0 10.0 0 0 -5.0
100.0 82.0 4 -10.0 0 0 5.0 10.0 0 0 -5.0
134.0 110.0 4 -10.0 0 0 5.0 10.0 0 0 -5.0
167.0 134.0 4 -10.0 0 0 5.0 10.0 0 0 -5.0
136.0 95.0 4 -10.0 0 0 5.0 10.0 0 0 -5.0
74.0 171.0 4 -10.0 0 0 5.0 10.0 0 0 -5.0
107.0 86.0 4 -10.0 0 0 5.0 10.0 0 0 -5.0
105.0 179.0 4 -10.0 0 0 5.0 10.0 0 0 -5.0
119.0 147.0 4 -10.0 0 0 5.0 10.0 0 0 -5.0
121.0 148.0 4 -10.0 0 0 5.0 10.0 0 0 -5.0
95.0 118.0 4 -10.0 0 0 5.0 10.0 0 0 -5.0
121.0 121.0 4 -10.0 0 0 5.0 10.0 0 0 -5.0
133.0 130.0 4 -10.0 0 0 5.0 10.0 0 0 -5.0
105.0 109.0 4 -10.0 0 0 5.0 10.0 0 0 -5.0
122.0 151.0 4 -10.0 0 0 5.0 10.0 0 0 -5.0
119.0 124.0 4 -10.0 0 0 5.0 10.0 0 0 -5.0
166.0 109.0 4 -10.0 0 0 5.0 10.0 0 0 -5.0
105.0 145.0 4 -10.0 0 0 5.0 10.0 0 0 -5.0
158.0 157.0 4 -10.0 0 0 5.0 10.0 0 0 -5.0
113.0 132.0 4 -10.0 0 0 5.0 10.0 0 0 -5.0
50.0 134.0 4 -10.0 0 0 5.0 10.0 0 0 -5.0
157.0 100.0 4 -10.0 0 0 5.0 10.0 0 0 -5.0
95.0 157.0 4 -10.0 0 0 5.0 10.0 0 0 -5.0
40.0 152.0 4 -10.0 0 0 5.0 10.0 0 0 -5.0
144.0 108.0 4 -10.0 0 0 5.0 10.0 0 0 -5.0
148.0 81.0 4 -10.0 0 0 5.0 10.0 0 0 -5.0
92.0 112.0 4 -10.0 0 0 5.0 10.0 0 0 -5.0
71.0 126.0 4 -10.0 0 0 5.0 10.0 0 0 -5.0
85.0 77.0 4 -10.0 0 0 5.0 10.0 0 0 -5.0
89.0 150.0 4 -10.0 0 0 5.0 10.0 0 0 -5.0
50.0 89.0 4 -10.0 0 0 5.0 10.0 0 0 -5.0
126.0 93.0 4 -10.0 0 0 5.0 10.0 0 0 -5.0
170.0 93.0 4 -10.0 0 0 5.0 10.0 0 0 -5.0
119.0 151.0 4 -10.0 0 0 5.0 10.0 0 0 -5.0
105.0 172.0 4 -10.0 0 0 5.0 10.0 0 0 -5.0
71.0 71.0 4 -10.0 0 0 5.0 10.0 0 0 -5.0
124.0 99.0 4 -10.0 0 0 5.0 10.0 0 0 -5.0
140.0 131.0 4 -10.0 0 0 5.0 10.0 0 0 -5.0
128.0 108.0 4 -10.0 0 0 5.0 10.0 0 0 -5.0
84.0 74.0 4 -10.0 0 0 5.0 10.0 0 0 -5.0
108.0 140.0 4 -10.0 0 0 5.0 10.0 0 0 -5.0
126.0 75.0 4 -10.0 0 0 5.0 10.0 0 0 -5.0
112.0 64.0 4 -10.0 0 0 5.0 10.0 0 0 -5.0
93.0 153.0 4 -10.0 0 0 5.0 10.0 0 0 -5.0
126.0 64.0 4 -10.0 0 0 5.0 10.0 0 0 -5.0
69.0 91.0 4 -10.0 0 0 5.0 10.0 0 0 -5.0
129.0 135.0 4 -10.0 0 0 5.0 10.0 0 0 -5.0
116.0 93.0 4 -10.0 0 0 5.0 10.0 0 0 -5.0
132.0 172.0 4 -10.0 0 0 5.0 10.0 0 0 -5.0
127.0 140.0 4 -10.0 0 0 5.0 10.0 0 0 -5.0
162.0 159.0 4 -10.0 0 0 5.0 10.0 0 0 -5.0
125.0 127.0 4 -10.0 0 0 5.0 10.0 0 0 -5.0
154.0 94.0 4 -10.0 0 0 5.0 10.0 0 0 -5.0
133.0 106.0 4 -10.0 0 0 5.0 10.0 0 0 -5.0
135.0 84.0 4 -10.0 0 0 5.0 10.0 0 0 -5.0
94.0 106.0 4 -10.0 0 0 5.0 10.0 0 0 -5.0
89.0 93.0 4 -10.0 0 0 5.0 10.0 0 0 -5.0
105.0 127.0 4 -10.0 0 0 5.0 10.0 0 0 -5.0
91.0 148.0 4 -10.0 0 0 5.0 10.0 0 0 -5.0
97.0 138.0 4 -10.0 0 0 5.0 10.0 0 0 -5.0
90.0 89.0 4 -10.0 0 0 5.0 10.0 0 0 -5.0
110.0 94.0 4 -10.0 0 0 5.0 10.0 0 0 -5.0
80.0 90.0 4 -10.0 0 0 5.0 10.0 0 0 -5.0
120.0 127.0 4 -10.0 0 0 5.0 10.0 0 0 -5.0
100.0 167.0 4 -10.0 0 0 5.0 10.0 0 0 -5.0
90.0 99.0 4 -10.0 0 0 5.0 10.0 0 0 -5.0
66.0 125.0 4 -10.0 0 0 5.0 10.0 0 0 -5.0
127.0 142.0 4 -10.0 0 0 5.0 10.0 0 0 -5.0
109.0 138.0 4 -10.0 0 0 5.0 10.0 0 0 -5.0
77.0 99.0 4 -10.0 0 0 5.0 10.0 0 0 -5.0
102.0 143.0 4 -10.0 0 0 5.0 10.0 0 0 -5.0
81.0 62.0 4 -10.0 0 0 5.0 10.0 0 0 -5.0
165.0 98.0 4 -10.0 0 0 5.0 10.0 0 0 -5.0
94.0 44.0 4 -10.0 0 0 5.0 10.0 0 0 -5.0
122.0 143.0 4 -10.0 0 0 5.0 10.0 0 0 -5.0
126.0 132.0 4 -10.0 0 0 5.0 10.0 0 0 -5.0
120.0 106.0 4 -10.0 0 0 5.0 10.0 0 0 -5.0
73.0 76.0 4 -10.0 0 0 5.0 10.0 0 0 -5.0
88.0 126.0 4 -10.0 0 0 5.0 10.0 0 0 -5.0
124.0 112.0 4 -10.0 0 0 5.0 10.0 0 0 -5.0
111.0 128.0 4 -10.0 0 0 5.0 10.0 0 0 -5.0
117.0 166.0 4 -10.0 0 0 5.0 10.0 0 0 -5.0
153.0 148.0 4 -10.0 0 0 5.0 10.0 0 0 -5.0
134.0 93.0 4 -10.0 0 0 5.0 10.0 0 0 -5.0
87.0 66.0 4 -10.0 0 0 5.0 10.0 0 0 -5.0
161.0 99.0 4 -10.0 0 0 5.0 10.0 0 0 -5.0
76.0 126.0 4 -10.0 0 0 5.0 10.0 0 0 -5.0
89.0 77.0 4 -10.0 0 0 5.0 10.0 0 0 -5.0
102.0 151.0 4 -10.0 0 0 5.0 10.0 0 0 -5.0
70.0 85.0 4 -10.0 0 0 5.0 10.0 0 0 -5.0
91.0 142.0 4 -10.0 0 0 5.0 10.0 0 0 -5.0
127.0 107.0 4 -10.0 0 0 5.0 10.0 0 0 -5.0
137.0 165.0 4 -10.0 0 0 5.0 10.0 0 0 -5.0
66.0 80.0 4 -10.0 0 0 5.0 10.0 0 0 -5.0
154.0 131.0 4 -10.0 0 0 5.0 10.0 0 0 -5.0
162.0 86.0 4 -10.0 0 0 5.0 10.0 0 0 -5.0
87.0 120.0 4 -10.0 0 0 5.0 10.0 0 0 -5.0
166.0 72.0 4 -10.0 0 0 5.0 10.0 0 0 -5.0
140.0 100.0 4 -10.0 0 0 5.0 10.0 0 0 -5.0
83.0 112.0 4 -10.0 0 0 5.0 10.0 0 0 -5.0
65.0 105.0 4 -10.0 0 0 5.0 10.0 0 0 -5.0
179.0 106.0 4 -10.0 0 0 5.0 10.0 0 0 -5.0
145.0 149.0 4 -10.0 0 0 5.0 10.0 0 0 -5.0
98.0 161.0 4 -10.0 0 0 5.0 10.0 0 0 -5.0
150.0 129.0 4 -10.0 0 0 5.0 10.0 0 0 -5.0
159.0 96.0 4 -10.0 0 0 5.0 10.0 0 0 -5.0
59.0 130.0 4 -10.0 0 0 5.0 10.0 0 0 -5.0
141.0 127.0 4 -10.0 0 0 5.0 10.0 0 0 -5.0
76.0 110.0 4 -10.0 0 0 5.0 10.0 0 0 -5.0
87.0 133.0 4 -10.0 0 0 5.0 10.0 0 0 -5.0
109.0 75.0 4 -10.0 0 0 5.0 10.0 0 0 -5.0
119.0 162.0 4 -10.0 0 0 5.0 10.0 0 0 -5.0
87.0 89.0 4 -10.0 0 0 5.0 10.0 0 0 -5.0
130.0 58.0 4 -10.0 0 0 5.0 10.0 0 0 -5.0
97.0 127.0 4 -10.0 0 0 5.0 10.0 0 0 -5.0
97.0 97.0 4 -10.0 0 0 5.0 10.0 0 0 -5.0
98.0 112.0 4 -10.0 0 0 5.0 10.0 0 0 -5.0
153.0 130.0 4 -10.0 0 0 5.0 10.0 0 0 -5.0
138.0 151.0 4 -10.0 0 0 5.0 10.0 0 0 -5.0
77.0 131.0 4 -10.0 0 0 5.0 10.0 0 0 -5.0
123.0 100.0 4 -10.0 0 0 5.0 10.0 0 0 -5.0
141.0 113.0 4 -10.0 0 0 5.0 10.0 0 0 -5.0
100.0 102.0 4 -10.0 0 0 5.0 10.0 0 0 -5.0
73.0 126.0 4 -10.0 0 0 5.0 10.0 0 0 -5.0
127.0 154.0 4 -10.0 0 0 5.0 10.0 0 0 -5.0
131.0 116.0 4 -10.0 0 0 5.0 10.0 0 0 -5.0
141.0 166.0 4 -10.0 0 0 5.0 10.0 0 0 -5.0
88.0 97.0 4 -10.0 0 0 5.0 10.0 0 0 -5.0
145.0 79.0 4 -10.0 0 0 5.0 10.0 0 0 -5.0
119.0 128.0 4 -10.0 0 0 5.0 10.0 0 0 -5.0
156.0 162.0 4 -10.0 0 0 5.0 10.0 0 0 -5.0
67.0 110.0 4 -10.0 0 0 5.0 10.0 0 0 -5.0
59.0 147.0 4 -10.0 0 0 5.0 10.0 0 0 -5.0
80.0 165.0 4 -10.0 0 0 5.0 10.0 0 0 -5.0
81.0 108.0 4 -10.0 0 0 5.0 10.0 0 0 -5.0
66.0 82.0 4 -10.0 0 0 5.0 10.0 0 0 -5.0
139.0 105.0 4 -10.0 0 0 5.0 10.0 0 0 -5.0
171.0 95.0 4 -10.0 0 0 5.0 10.0 0 0 -5.0
174.0 88.0 4 -10.0 0 0 5.0 10.0 0 0 -5.0
92.0 110.0 4 -10.0 0 0 5.0 10.0 0 0 -5.0
108.0 120.0 4 -10.0 0 0 5.0 10.0 0 0 -5.0
88.0 167.0 4 -10.0 0 0 5.0 10.0 0 0 -5.0
90.0 120.0 4 -10.0 0 0 5.0 10.0 0 0 -5.0
155.0 114.0 4 -10.0 0 0 5.0 10.0 0 0 -5.0
143.0 139.0 4 -10.0 0 0 5.0 10.0 0 0 -5.0
116.0 155.0 4 -10.0 0 0 5.0 10.0 0 0 -5.0
114.0 142.0 4 -10.0 0 0 5.0 10.0 0 0 -5.0
74.0 154.0 4 -10.0 0 0 5.0 10.0 0 0 -5.0
95.0 148.0 4 -10.0 0 0 5.0 10.0 0 0 -5.0
119.0 137.0 4 -10.0 0 0 5.0 10.0 0 0 -5.0
83.0 86.0 4 -10.0 0 0 5.0 10.0 0 0 -5.0
161.0 146.0 4 -10.0 0 0 5.0 10.0 0 0 -5.0
124.0 149.0 4 -10.0 0 0 5.0 10.0 0 0 -5.0
90.0 114.0 4 -10.0 0 0 5.0 10.0 0 0 -5.0
99.0 138.0 4 -10.0 0 0 5.0 10.0 0 0 -5.0
144.0 121.0 4 -10.0 0 0 5.0 10.0 0 0 -5.0
48.0 113.0 4 -10.0 0 0 5.0 10.0 0 0 -5.0
130.0 164.0 4 -10.0 0 0 5.0 10.0 0 0 -5.0
134.0 40.0 4 -10.0 0 0 5.0 10.0 0 0 -5.0
68.0 111.0 4 -10.0 0 0 5.0 10.0 0 0 -5.0
118.0 101.0 4 -10.0 0 0 5.0 10.0 0 0 -5.0
108.0 103.0 4 -10.0 0 0 5.0 10.0 0 0 -5.0
92.0 108.0 4 -10.0 0 0 5.0 10.0 0 0 -5.0
149.0 110.0 4 -10.0 0 0 5.0 10.0 0 0 -5.0
109.0 150.0 4 -10.0 0 0 5.0 10.0 0 0 -5.0
91.0 128.0 4 -10.0 0 0 5.0 10.0 0 0 -5.0
81.0 162.0 4 -10.0 0 0 5.0 10.0 0 0 -5.0
69.0 70.0 4 -10.0 0 0 5.0 10.0 0 0 -5.0
112.0 149.0 4 -10.0 0 0 5.0 10.0 0 0 -5.0
111.0 86.0 4 -10.0 0 0 5.0 10.0 0 0 -5.0
75.0 114.0 4 -10.0 0 0 5.0 10.0 0 0 -5.0
116.0 99.0 4 -10.0 0 0 5.0 10.0 0 0 -5.0
156.0 126.0 4 -10.0 0 0 5.0 10.0 0 0 -5.0
137.0 98.0 4 -10.0 0 0 5.0 10.0 0 0 -5.0
129.0 103.0 4 -10.0 0 0 5.0 10.0 0 0 -5.0
120.0 154.0 4 -10.0 0 0 5.0 10.0 0 0 -5.0
121.0 116.0 4 -10.0 0 0 5.0 10.0 0 0 -5.0
106.0 164.0 4 -10.0 0 0 5.0 10.0 0 0 -5.0
125.0 80.0 4 -10.0 0 0 5.0 10.0 0 0 -5.0
126.0 139.0 4 -10.0 0 0 5.0 10.0 0 0 -5.0
122.0 127.0 4 -10.0 0 0 5.0 10.0 0 0 -5.0
145.0 106.0 4 -10.0 0 0 5.0 10.0 0 0 -5.0
92.0 100.0 4 -10.0 0 0 5.0 10.0 0 0 -5.0
126.0 147.0 4 -10.0 0 0 5.0 10.0 0 0 -5.0
77.0 138.0 4 -10.0 0 0 5.0 10.0 0 0 -5.0
112.0 124.0 4 -10.0 0 0 5.0 10.0 0 0 -5.0
106.0 90.0 4 -10.0 0 0 5.0 10.0 0 0 -5.0
125.0 108.0 4 -10.0 0 0 5.0 10.0 0 0 -5.0
138.0 136.0 4 -10.0 0 0 5.0 10.0 0 0 -5.0
65.0 102.0 4 -10.0 0 0 5.0 10.0 0 0 -5.0
123.0 116.0 4 -10.0 0 0 5.0 10.0 0 0 -5.0
128.0 95.0 4 -10.0 0 0 5.0 10.0 0 0 -5.0
81.0 69.0 4 -10.0 0 0 5.0 10.0 0 0 -5.0
72.0 144.0 4 -10.0 0 0 5.0 10.0 0 0 -5.0
79.0 120.0 4 -10.0 0 0 5.0 10.0 0 0 -5.0
95.0 125.0 4 -10.0 0 0 5.0 10.0 0 0 -5.0
155.0 87.0 4 -10.0 0 0 5.0 10.0 0 0 -5.0
117.0 75.0 4 -10.0 0 0 5.0 10.0 0 0 -5.0
124.0 101.0 4 -10.0 0 0 5.0 10.0 0 0 -5.0
112.0 168.0 4 -10.0 0 0 5.0 10.0 0 0 -5.0
131.0 128.0 4 -10.0 0 0 5.0 10.0 0 0 -5.0
156.0 66.0 4 -10.0 0 0 5.0 10.0 0 0 -5.0
114.0 103.0 4 -10.0 0 0 5.0 10.0 0 0 -5.0
120.0 111.0 4 -10.0 0 0 5.0 10.0 0 0 -5.0
86.0 143.0 4 -10.0 0 0 5.0 10.0 0 0 -5.0
144.0 181.0 4 -10.0 0 0 5.0 10.0 0 0 -5.0
112.0 80.0 4 -10.0 0 0 5.0 10.0 0 0 -5.0
98.0 151.0 4 -10.0 0 0 5.0 10.0 0 0 -5.0
67.0 137.0 4 -10.0 0 0 5.0 10.0 0 0 -5.0
81.0 134.0 4 -10.0 0 0 5.0 10.0 0 0 -5.0
150.0 120.0 4 -10.0 0 0 5.0 10.0 0 0 -5.0
83.0 158.0 4 -10.0 0 0 5.0 10.0 0 0 -5.0
78.0 122.0 4 -10.0 0 0 5.0 10.0 0 0 -5.0
52.0 117.0 4 -10.0 0 0 5.0 10.0 0 0 -5.0
111.0 130.0 4 -10.0 0 0 5.0 10.0 0 0 -5.0
141.0 157.0 4 -10.0 0 0 5.0 10.0 0 0 -5.0
114.0 129.0 4 -10.0 0 0 5.0 10.0 0 0 -5.0
107.0 115.0 4 -10.0 0 0 5.0 10.0 0 0 -5.0
90.0 112.0 4 -10.0 0 0 5.0 10.0 0 0 -5.0
145.0 68.0 4 -10.0 0 0 5.0 10.0 0 0 -5.0
107.0 172.0 4 -10.0 0 0 5.0 10.0 0 0 -5.0
131.0 159.0 4 -10.0 0 0 5.0 10.0 0 0 -5.0
90.0 81.0 4 -10.0 0 0 5.0 10.0 0 0 -5.0
157.0 118.0 4 -10.0 0 0 5.0 10.0 0 0 -5.0
125.0 99.0 4 -10.0 0 0 5.0 10.0 0 0 -5.0
122.0 134.0 4 -10.0 0 0 5.0 10.0 0 0 -5.0
99.0 156.0 4 -10.0 0 0 5.0 10.0 0 0 -5.0
132.0 201.0 4 -10.0 0 0 5.0 10.0 0 0 -5.0
97.0 130.0 4 -10.0 0 0 5.0 10.0 0 0 -5.0
98.0 114.0 4 -10.0 0 0 5.0 10.0 0 0 -5.0
67.0 140.0 4 -10.0 0 0 5.0 10.0 0 0 -5.0
132.0 132.0 4 -10.0 0 0 5.0 10.0 0 0 -5.0
68.0 153.0 4 -10.0 0 0 5.0 10.0 0 0 -5.0
112.0 120.0 4 -10.0 0 0 5.0 10.0 0 0 -5.0
55.0 104.0 4 -10.0 0 0 5.0 10.0 0 0 -5.0
114.0 90.0 4 -10.0 0 0 5.0 10.0 0 0 -5.0
140.0 145.0 4 -10.0 0 0 5.0 10.0 0 0 -5.0
117.0 89.0 4 -10.0 0 0 5.0 10.0 0 0 -5.0
98.0 110.0 4 -10.0 0 0 5.0 10.0 0 0 -5.0
155.0 159.0 4 -10.0 0 0 5.0 10.0 0 0 -5.0
75.0 255.0 4 -10.0 0 0 5.0 10.0 0 0 -5.0
102.0 105.0 4 -10.0 0 0 5.0 10.0 0 0 -5.0
170.0 115.0 4 -10.0 0 0 5.0 10.0 0 0 -5.0
106.0 129.0 4 -10.0 0 0 5.0 10.0 0 0 -5.0
118.0 119.0 4 -10.0 0 0 5.0 10.0 0 0 -5.0
101.0 201.0 4 -10.0 0 0 5.0 10.0 0 0 -5.0
120.0 142.0 4 -10.0 0 0 5.0 10.0 0 0 -5.0
97.0 121.0 4 -10.0 0 0 5.0 10.0 0 0 -5.0
90.0 127.0 4 -10.0 0 0 5.0 10.0 0 0 -5.0
61.0 129.0 4 -10.0 0 0 5.0 10.0 0 0 -5.0
132.0 169.0 4 -10.0 0 0 5.0 10.0 0 0 -5.0
99.0 125.0 4 -10.0 0 0 5.0 10.0 0 0 -5.0
148.0 161.0 4 -10.0 0 0 5.0 10.0 0 0 -5.0
91.0 104.0 4 -10.0 0 0 5.0 10.0 0 0 -5.0
141.0 148.0 4 -10.0 0 0 5.0 10.0 0 0 -5.0
84.0 103.0 4 -10.0 0 0 5.0 10.0 0 0 -5.0
157.0 143.0 4 -10.0 0 0 5.0 10.0 0 0 -5.0
165.0 104.0 4 -10.0 0 0 5.0 10.0 0 0 -5.0
116.0 109.0 4 -10.0 0 0 5.0 10.0 0 0 -5.0
61.0 165.0 4 -10.0 0 0 5.0 10.0 0 0 -5.0
100.0 135.0 4 -10.0 0 0 5.0 10.0 0 0 -5.0
128.0 100.0 4 -10.0 0 0 5.0 10.0 0 0 -5.0
186.0 126.0 4 -10.0 0 0 5.0 10.0 0 0 -5.0
137.0 119.0 4 -10.0 0 0 5.0 10.0 0 0 -5.0
145.0 94.0 4 -10.0 0 0 5.0 10.0 0 0 -5.0
159.0 93.0 4 -10.0 0 0 5.0 10.0 0 0 -5.0
82.0 150.0 4 -10.0 0 0 5.0 10.0 0 0 -5.0
125.0 105.0 4 -10.0 0 0 5.0 10.0 0 0 -5.0
70.0 100.0 4 -10.0 0 0 5.0 10.0 0 0 -5.0
104.0 61.0 4 -10.0 0 0 5.0 10.0 0 0 -5.0
185.0 104.0 4 -10.0 0 0 5.0 10.0 0 0 -5.0
107.0 107.0 4 -10.0 0 0 5.0 10.0 0 0 -5.0
147.0 76.0 4 -10.0 0 0 5.0 10.0 0 0 -5.0
108.0 67.0 4 -10.0 0 0 5.0 10.0 0 0 -5.0
122.0 80.0 4 -10.0 0 0 5.0 10.0 0 0 -5.0
144.0 137.0 4 -10.0 0 0 5.0 10.0 0 0 -5.0
127.0 111.0 4 -10.0 0 0 5.0 10.0 0 0 -5.0
100.0 107.0 4 -10.0 0 0 5.0 10.0 0 0 -5.0
132.0 122.0 4 -10.0 0 0 5.0 10.0 0 0 -5.0
104.0 94.0 4 -10.0 0 0 5.0 10.0 0 0 -5.0
129.0 174.0 4 -10.0 0 0 5.0 10.0 0 0 -5.0
102.0 157.0 4 -10.0 0 0 5.0 10.0 0 0 -5.0
149.0 115.0 4 -10.0 0 0 5.0 10.0 0 0 -5.0
86.0 149.0 4 -10.0 0 0 5.0 10.0 0 0 -5.0
111.0 68.0 4 -10.0 0 0 5.0 10.0 0 0 -5.0
157.0 122.0 4 -10.0 0 0 5.0 10.0 0 0 -5.0
98.0 85.0 4 -10.0 0 0 5.0 10.0 0 0 -5.0
75.0 85.0 4 -10.0 0 0 5.0 10.0 0 0 -5.0
104.0 101.0 4 -10.0 0 0 5.0 10.0 0 0 -5.0
129.0 105.0 4 -10.0 0 0 5.0 10.0 0 0 -5.0
185.0 128.0 4 -10.0 0 0 5.0 10.0 0 0 -5.0
86.0 174.0 4 -10.0 0 0 5.0 10.0 0 0 -5.0
110.0 109.0 4 -10.0 0 0 5.0 10.0 0 0 -5.0
171.0 154.0 4 -10.0 0 0 5.0 10.0 0 0 -5.0
108.0 167.0 4 -10.0 0 0 5.0 10.0 0 0 -5.0
95.0 65.0 4 -10.0 0 0 5.0 10.0 0 0 -5.0
88.0 145.0 4 -10.0 0 0 5.0 10.0 0 0 -5.0
127.0 81.0 4 -10.0 0 0 5.0 10.0 0 0 -5.0
89.0 143.0 4 -10.0 0 0 5.0 10.0 0 0 -5.0
126.0 158.0 4 -10.0 0 0 5.0 10.0 0 0 -5.0
140.0 94.0 4 -10.0 0 0 5.0 10.0 0 0 -5.0
111.0 142.0 4 -10.0 0 0 5.0 10.0 0 0 -5.0
78.0 110.0 4 -10.0 0 0 5.0 10.0 0 0 -5.0
116.0 142.0 4 -10.0 0 0 5.0 10.0 0 0 -5.0
128.0 129.0 4 -10.0 0 0 5.0 10.0 0 0 -5.0
83.0 84.0 4 -10.0 0 0 5.0 10.0 0 0 -5.0
33.0 172.0 4 -10.0 0 0 5.0 10.0 0 0 -5.0
95.0 143.0 4 -10.0 0 0 5.0 10.0 0 0 -5.0
118.0 94.0 4 -10.0 0 0 5.0 10.0 0 0 -5.0
89.0 148.0 4 -10.0 0 0 5.0 10.0 0 0 -5.0
42.0 117.0 4 -10.0 0 0 5.0 10.0 0 0 -5.0
113.0 112.0 4 -10.0 0 0 5.0 10.0 0 0 -5.0
119.0 129.0 4 -10.0 0 0 5.0 10.0 0 0 -5.0
53.0 163.0 4 -10.0 0 0 5.0 10.0 0 0 -5.0
179.0 144.0 4 -10.0 0 0 5.0 10.0 0 0 -5.0
101.0 81.0 4 -10.0 0 0 5.0 10.0 0 0 -5.0
128.0 110.0 4 -10.0 0 0 5.0 10.0 0 0 -5.0
82.0 124.0 4 -10.0 0 0 5.0 10.0 0 0 -5.0
136.0 121.0 4 -10.0 0 0 5.0 10.0 0 0 -5.0
91.0 51.0 4 -10.0 0 0 5.0 10.0 0 0 -5.0
122.0 146.0 4 -10.0 0 0 5.0 10.0 0 0 -5.0
43.0 142.0 4 -10.0 0 0 5.0 10.0 0 0 -5.0
150.0 101.0 4 -10.0 0 0 5.0 10.0 0 0 -5.0
144.0 66.0 4 -10.0 0 0 5.0 10.0 0 0 -5.0
77.0 145.0 4 -10.0 0 0 5.0 10.0 0 0 -5.0
147.0 74.0 4 -10.0 0 0 5.0 10.0 0 0 -5.0
124.0 110.0 4 -10.0 0 0 5.0 10.0 0 0 -5.0
144.0 97.0 4 -10.0 0 0 5.0 10.0 0 0 -5.0
114.0 185.0 4 -10.0 0 0 5.0 10.0 0 0 -5.0
103.0 117.0 4 -10.0 0 0 5.0 10.0 0 0 -5.0
141.0 170.0 4 -10.0 0 0 5.0 10.0 0 0 -5.0
164.0 126.0 4 -10.0 0 0 5.0 10.0 0 0 -5.0
139.0 132.0 4 -10.0 0 0 5.0 10.0 0 0 -5.0
100.0 116.0 4 -10.0 0 0 5.0 10.0 0 0 -5.0
52.0 129.0 4 -10.0 0 0 5.0 10.0 0 0 -5.0
142.0 101.0 4 -10.0 0 0 5.0 10.0 0 0 -5.0
157.0 149.0 4 -10.0 0 0 5.0 10.0 0 0 -5.0
134.0 123.0 4 -10.0 0 0 5.0 10.0 0 0 -5.0
144.0 134.0 4 -10.0 0 0 5.0 10.0 0 0 -5.0
71.0 92.0 4 -10.0 0 0 5.0 10.0 0 0 -5.0
98.0 133.0 4 -10.0 0 0 5.0 10.0 0 0 -5.0
120.0 139.0 4 -10.0 0 0 5.0 10.0 0 0 -5.0
97.0 104.0 4 -10.0 0 0 5.0 10.0 0 0 -5.0
114.0 95.0 4 -10.0 0 0 5.0 10.0 0 0 -5.0
105.0 84.0 4 -10.0 0 0 5.0 10.0 0 0 -5.0
99.0 62.0 4 -10.0 0 0 5.0 10.0 0 0 -5.0
146.0 146.0 4 -10.0 0 0 5.0 10.0 0 0 -5.0
165.0 122.0 4 -10.0 0 0 5.0 10.0 0 0 -5.0
86.0 146.0 4 -10.0 0 0 5.0 10.0 0 0 -5.0
141.0 67.0 4 -10.0 0 0 5.0 10.0 0 0 -5.0
120.0 81.0 4 -10.0 0 0 5.0 10.0 0 0 -5.0
131.0 96.0 4 -10.0 0 0 5.0 10.0 0 0 -5.0
102.0 153.0 4 -10.0 0 0 5.0 10.0 0 0 -5.0
146.0 131.0 4 -10.0 0 0 5.0 10.0 0 0 -5.0
136.0 113.0 4 -10.0 0 0 5.0 10.0 0 0 -5.0
128.0 177.0 4 -10.0 0 0 5.0 10.0 0 0 -5.0
136.0 100.0 4 -10.0 0 0 5.0 10.0 0 0 -5.0
140.0 163.0 4 -10.0 0 0 5.0 10.0 0 0 -5.0
93.0 148.0 4 -10.0 0 0 5.0 10.0 0 0 -5.0
153.0 152.0 4 -10.0 0 0 5.0 10.0 0 0 -5.0
165.0 151.0 4 -10.0 0 0 5.0 10.0 0 0 -5.0
110.0 127.0 4 -10.0 0 0 5.0 10.0 0 0 -5.0
77.0 89.0 4 -10.0 0 0 5.0 10.0 0 0 -5.0
100.0 147.0 4 -10.0 0 0 5.0 10.0 0 0 -5.0
137.0 173.0 4 -10.0 0 0 5.0 10.0 0 0 -5.0
130.0 110.0 4 -10.0 0 0 5.0 10.0 0 0 -5.0
132.0 103.0 4 -10.0 0 0 5.0 10.0 0 0 -5.0
120.0 177.0 4 -10.0 0 0 5.0 10.0 0 0 -5.0
