1000
737.0 647.0 4 -10.0 0 0 5.0 10.0 0 0 -5.0
666.0 648.0 4 -10.0 0 0 5.0 10.0 0 0 -5.0
776.0 561.0 4 -10.0 0 0 5.0 10.0 0 0 -5.0
568.0 541.0 4 -10.0 0 0 5.0 10.0 0 0 -5.0
470.0 453.0 4 -10.0 0 0 5.0 10.0 0 0 -5.0
700.0 737.0 4 -10.0 0 0 5.0 10.0 0 0 -5.0
782.0 750.0 4 -10.0 0 0 5.0 10.0 0 0 -5.0
674.0 818.0 4 -10.0 0 0 5.0 10.0 0 0 -5.0
873.0 779.0 4 -10.0 0 0 5.0 10.0 0 0 -5.0
808.0 630.0 4 -10.0 0 0 5.0 10.0 0 0 -5.0
869.0 854.0 4 -10.0 0 0 5.0 10.0 0 0 -5.0
574.0 684.0 4 -10.0 0 0 5.0 10.0 0 0 -5.0
948.0 927.0 4 -10.0 0 0 5.0 10.0 0 0 -5.0
815.0 504.0 4 -10.0 0 0 5.0 10.0 0 0 -5.0
958.0 803.0 4 -10.0 0 0 5.0 10.0 0 0 -5.0
504.0 728.0 4 -10.0 0 0 5.0 10.0 0 0 -5.0
386.0 369.0 4 -10.0 0 0 5.0 10.0 0 0 -5.0
666.0 784.0 4 -10.0 0 0 5.0 10.0 0 0 -5.0
874.0 605.0 4 -10.0 0 0 5.0 10.0 0 0 -5.0
745.0 684.0 4 -10.0 0 0 5.0 10.0 0 0 -5.0
420.0 435.0 4 -10.0 0 0 5.0 10.0 0 0 -5.0
519.0 708.0 4 -10.0 0 0 5.0 10.0 0 0 -5.0
812.0 532.0 4 -10.0 0 0 5.0 10.0 0 0 -5.0
646.0 822.0 4 -10.0 0 0 5.0 10.0 0 0 -5.0
465.0 715.0 4 -10.0 0 0 5.0 10.0 0 0 -5.0
806.0 786.0 4 -10.0 0 0 5.0 10.0 0 0 -5.0
707.0 648.0 4 -10.0 0 0 5.0 10.0 0 0 -5.0
843.0 508.0 4 -10.0 0 0 5.0 10.0 0 0 -5.0
377.0 416.0 4 -10.0 0 0 5.0 10.0 0 0 -5.0
309.0 290.0 4 -10.0 0 0 5.0 10.0 0 0 -5.0
649.0 894.0 4 -10.0 0 0 5.0 10.0 0 0 -5.0
938.0 578.0 4 -10.0 0 0 5.0 10.0 0 0 -5.0
620.0 835.0 4 -10.0 0 0 5.0 10.0 0 0 -5.0
238.0 216.0 4 -10.0 0 0 5.0 10.0 0 0 -5.0
1001.0 552.0 4 -10.0 0 0 5.0 10.0 0 0 -5.0
794.0 494.0 4 -10.0 0 0 5.0 10.0 0 0 -5.0
801.0 443.0 4 -10.0 0 0 5.0 10.0 0 0 -5.0
661.0 570.0 4 -10.0 0 0 5.0 10.0 0 0 -5.0
435.0 767.0 4 -10.0 0 0 5.0 10.0 0 0 -5.0
1032.0 534.0 4 -10.0 0 0 5.0 10.0 0 0 -5.0
188.0 174.0 4 -10.0 0 0 5.0 10.0 0 0 -5.0
636.0 820.0 4 -10.0 0 0 5.0 10.0 0 0 -5.0
643.0 849.0 4 -10.0 0 0 5.0 10.0 0 0 -5.0
381.0 798.0 4 -10.0 0 0 5.0 10.0 0 0 -5.0
342.0 398.0 4 -10.0 0 0 5.0 10.0 0 0 -5.0
837.0 652.0 4 -10.0 0 0 5.0 10.0 0 0 -5.0
546.0 517.0 4 -10.0 0 0 5.0 10.0 0 0 -5.0
854.0 449.0 4 -10.0 0 0 5.0 10.0 0 0 -5.0
1044.0 516.0 4 -10.0 0 0 5.0 10.0 0 0 -5.0
546.0 475.0 4 -10.0 0 0 5.0 10.0 0 0 -5.0
874.0 432.0 4 -10.0 0 0 5.0 10.0 0 0 -5.0
871.0 485.0 4 -10.0 0 0 5.0 10.0 0 0 -5.0
621.0 962.0 4 -10.0 0 0 5.0 10.0 0 0 -5.0
338.0 821.0 4 -10.0 0 0 5.0 10.0 0 0 -5.0
520.0 671.0 4 -10.0 0 0 5.0 10.0 0 0 -5.0
455.0 431.0 4 -10.0 0 0 5.0 10.0 0 0 -5.0
541.0 428.0 4 -10.0 0 0 5.0 10.0 0 0 -5.0
667.0 505.0 4 -10.0 0 0 5.0 10.0 0 0 -5.0
1010.0 819.0 4 -10.0 0 0 5.0 10.0 0 0 -5.0
923.0 888.0 4 -10.0 0 0 5.0 10.0 0 0 -5.0
908.0 572.0 4 -10.0 0 0 5.0 10.0 0 0 -5.0
1061.0 501.0 4 -10.0 0 0 5.0 10.0 0 0 -5.0
1029.0 567.0 4 -10.0 0 0 5.0 10.0 0 0 -5.0
272.0 255.0 4 -10.0 0 0 5.0 10.0 0 0 -5.0
596.0 1022.0 4 -10.0 0 0 5.0 10.0 0 0 -5.0
431.0 421.0 4 -10.0 0 0 5.0 10.0 0 0 -5.0
577.0 1073.0 4 -10.0 0 0 5.0 10.0 0 0 -5.0
189.0 151.0 4 -10.0 0 0 5.0 10.0 0 0 -5.0
679.0 650.0 4 -10.0 0 0 5.0 10.0 0 0 -5.0
675.0 748.0 4 -10.0 0 0 5.0 10.0 0 0 -5.0
366.0 336.0 4 -10.0 0 0 5.0 10.0 0 0 -5.0
535.0 450.0 4 -10.0 0 0 5.0 10.0 0 0 -5.0
479.0 745.0 4 -10.0 0 0 5.0 10.0 0 0 -5.0
465.0 666.0 4 -10.0 0 0 5.0 10.0 0 0 -5.0
768.0 518.0 4 -10.0 0 0 5.0 10.0 0 0 -5.0
1002.0 993.0 4 -10.0 0 0 5.0 10.0 0 0 -5.0
682.0 760.0 4 -10.0 0 0 5.0 10.0 0 0 -5.0
844.0 525.0 4 -10.0 0 0 5.0 10.0 0 0 -5.0
795.0 460.0 4 -10.0 0 0 5.0 10.0 0 0 -5.0
1023.0 548.0 4 -10.0 0 0 5.0 10.0 0 0 -5.0
1038.0 828.0 4 -10.0 0 0 5.0 10.0 0 0 -5.0
536.0 493.0 4 -10.0 0 0 5.0 10.0 0 0 -5.0
454.0 755.0 4 -10.0 0 0 5.0 10.0 0 0 -5.0
557.0 1106.0 4 -10.0 0 0 5.0 10.0 0 0 -5.0
527.0 426.0 4 -10.0 0 0 5.0 10.0 0 0 -5.0
1050.0 558.0 4 -10.0 0 0 5.0 10.0 0 0 -5.0
816.0 771.0 4 -10.0 0 0 5.0 10.0 0 0 -5.0
870.0 571.0 4 -10.0 0 0 5.0 10.0 0 0 -5.0
1061.0 830.0 4 -10.0 0 0 5.0 10.0 0 0 -5.0
650.0 516.0 4 -10.0 0 0 5.0 10.0 0 0 -5.0
1012.0 523.0 4 -10.0 0 0 5.0 10.0 0 0 -5.0
1030.0 1025.0 4 -10.0 0 0 5.0 10.0 0 0 -5.0
812.0 441.0 4 -10.0 0 0 5.0 10.0 0 0 -5.0
896.0 937.0 4 -10.0 0 0 5.0 10.0 0 0 -5.0
660.0 666.0 4 -10.0 0 0 5.0 10.0 0 0 -5.0
1094.0 834.0 4 -10.0 0 0 5.0 10.0 0 0 -5.0
427.0 664.0 4 -10.0 0 0 5.0 10.0 0 0 -5.0
767.0 543.0 4 -10.0 0 0 5.0 10.0 0 0 -5.0
1002.0 808.0 4 -10.0 0 0 5.0 10.0 0 0 -5.0
521.0 507.0 4 -10.0 0 0 5.0 10.0 0 0 -5.0
830.0 503.0 4 -10.0 0 0 5.0 10.0 0 0 -5.0
784.0 536.0 4 -10.0 0 0 5.0 10.0 0 0 -5.0
497.0 746.0 4 -10.0 0 0 5.0 10.0 0 0 -5.0
393.0 776.0 4 -10.0 0 0 5.0 10.0 0 0 -5.0
508.0 445.0 4 -10.0 0 0 5.0 10.0 0 0 -5.0
442.0 673.0 4 -10.0 0 0 5.0 10.0 0 0 -5.0
442.0 425.0 4 -10.0 0 0 5.0 10.0 0 0 -5.0
518.0 402.0 4 -10.0 0 0 5.0 10.0 0 0 -5.0
976.0 917.0 4 -10.0 0 0 5.0 10.0 0 0 -5.0
661.0 636.0 4 -10.0 0 0 5.0 10.0 0 0 -5.0
1085.0 493.0 4 -10.0 0 0 5.0 10.0 0 0 -5.0
483.0 398.0 4 -10.0 0 0 5.0 10.0 0 0 -5.0
676.0 442.0 4 -10.0 0 0 5.0 10.0 0 0 -5.0
903.0 978.0 4 -10.0 0 0 5.0 10.0 0 0 -5.0
319.0 381.0 4 -10.0 0 0 5.0 10.0 0 0 -5.0
407.0 785.0 4 -10.0 0 0 5.0 10.0 0 0 -5.0
1048.0 584.0 4 -10.0 0 0 5.0 10.0 0 0 -5.0
359.0 775.0 4 -10.0 0 0 5.0 10.0 0 0 -5.0
1018.0 970.0 4 -10.0 0 0 5.0 10.0 0 0 -5.0
426.0 674.0 4 -10.0 0 0 5.0 10.0 0 0 -5.0
1122.0 476.0 4 -10.0 0 0 5.0 10.0 0 0 -5.0
825.0 395.0 4 -10.0 0 0 5.0 10.0 0 0 -5.0
1042.0 506.0 4 -10.0 0 0 5.0 10.0 0 0 -5.0
840.0 638.0 4 -10.0 0 0 5.0 10.0 0 0 -5.0
905.0 799.0 4 -10.0 0 0 5.0 10.0 0 0 -5.0
1097.0 556.0 4 -10.0 0 0 5.0 10.0 0 0 -5.0
757.0 660.0 4 -10.0 0 0 5.0 10.0 0 0 -5.0
1061.0 537.0 4 -10.0 0 0 5.0 10.0 0 0 -5.0
888.0 425.0 4 -10.0 0 0 5.0 10.0 0 0 -5.0
1129.0 555.0 4 -10.0 0 0 5.0 10.0 0 0 -5.0
801.0 407.0 4 -10.0 0 0 5.0 10.0 0 0 -5.0
798.0 381.0 4 -10.0 0 0 5.0 10.0 0 0 -5.0
1084.0 1010.0 4 -10.0 0 0 5.0 10.0 0 0 -5.0
528.0 419.0 4 -10.0 0 0 5.0 10.0 0 0 -5.0
634.0 859.0 4 -10.0 0 0 5.0 10.0 0 0 -5.0
1134.0 1042.0 4 -10.0 0 0 5.0 10.0 0 0 -5.0
643.0 548.0 4 -10.0 0 0 5.0 10.0 0 0 -5.0
410.0 418.0 4 -10.0 0 0 5.0 10.0 0 0 -5.0
167.0 141.0 4 -10.0 0 0 5.0 10.0 0 0 -5.0
864.0 490.0 4 -10.0 0 0 5.0 10.0 0 0 -5.0
145.0 110.0 4 -10.0 0 0 5.0 10.0 0 0 -5.0
619.0 892.0 4 -10.0 0 0 5.0 10.0 0 0 -5.0
1009.0 935.0 4 -10.0 0 0 5.0 10.0 0 0 -5.0
852.0 490.0 4 -10.0 0 0 5.0 10.0 0 0 -5.0
922.0 1004.0 4 -10.0 0 0 5.0 10.0 0 0 -5.0
899.0 402.0 4 -10.0 0 0 5.0 10.0 0 0 -5.0
1019.0 936.0 4 -10.0 0 0 5.0 10.0 0 0 -5.0
418.0 720.0 4 -10.0 0 0 5.0 10.0 0 0 -5.0
359.0 333.0 4 -10.0 0 0 5.0 10.0 0 0 -5.0
601.0 918.0 4 -10.0 0 0 5.0 10.0 0 0 -5.0
1021.0 810.0 4 -10.0 0 0 5.0 10.0 0 0 -5.0
1124.0 1024.0 4 -10.0 0 0 5.0 10.0 0 0 -5.0
857.0 482.0 4 -10.0 0 0 5.0 10.0 0 0 -5.0
1179.0 1073.0 4 -10.0 0 0 5.0 10.0 0 0 -5.0
584.0 937.0 4 -10.0 0 0 5.0 10.0 0 0 -5.0
668.0 844.0 4 -10.0 0 0 5.0 10.0 0 0 -5.0
754.0 719.0 4 -10.0 0 0 5.0 10.0 0 0 -5.0
443.0 649.0 4 -10.0 0 0 5.0 10.0 0 0 -5.0
698.0 668.0 4 -10.0 0 0 5.0 10.0 0 0 -5.0
907.0 966.0 4 -10.0 0 0 5.0 10.0 0 0 -5.0
257.0 233.0 4 -10.0 0 0 5.0 10.0 0 0 -5.0
989.0 825.0 4 -10.0 0 0 5.0 10.0 0 0 -5.0
1043.0 1029.0 4 -10.0 0 0 5.0 10.0 0 0 -5.0
1039.0 1041.0 4 -10.0 0 0 5.0 10.0 0 0 -5.0
640.0 640.0 4 -10.0 0 0 5.0 10.0 0 0 -5.0
836.0 580.0 4 -10.0 0 0 5.0 10.0 0 0 -5.0
627.0 534.0 4 -10.0 0 0 5.0 10.0 0 0 -5.0
734.0 665.0 4 -10.0 0 0 5.0 10.0 0 0 -5.0
1030.0 1014.0 4 -10.0 0 0 5.0 10.0 0 0 -5.0
692.0 770.0 4 -10.0 0 0 5.0 10.0 0 0 -5.0
153.0 112.0 4 -10.0 0 0 5.0 10.0 0 0 -5.0
811.0 480.0 4 -10.0 0 0 5.0 10.0 0 0 -5.0
759.0 698.0 4 -10.0 0 0 5.0 10.0 0 0 -5.0
804.0 397.0 4 -10.0 0 0 5.0 10.0 0 0 -5.0
916.0 404.0 4 -10.0 0 0 5.0 10.0 0 0 -5.0
763.0 471.0 4 -10.0 0 0 5.0 10.0 0 0 -5.0
404.0 794.0 4 -10.0 0 0 5.0 10.0 0 0 -5.0
884.0 409.0 4 -10.0 0 0 5.0 10.0 0 0 -5.0
947.0 1070.0 4 -10.0 0 0 5.0 10.0 0 0 -5.0
1074.0 487.0 4 -10.0 0 0 5.0 10.0 0 0 -5.0
460.0 354.0 4 -10.0 0 0 5.0 10.0 0 0 -5.0
512.0 363.0 4 -10.0 0 0 5.0 10.0 0 0 -5.0
1054.0 546.0 4 -10.0 0 0 5.0 10.0 0 0 -5.0
674.0 849.0 4 -10.0 0 0 5.0 10.0 0 0 -5.0
1070.0 1084.0 4 -10.0 0 0 5.0 10.0 0 0 -5.0
911.0 988.0 4 -10.0 0 0 5.0 10.0 0 0 -5.0
669.0 772.0 4 -10.0 0 0 5.0 10.0 0 0 -5.0
923.0 1024.0 4 -10.0 0 0 5.0 10.0 0 0 -5.0
468.0 370.0 4 -10.0 0 0 5.0 10.0 0 0 -5.0
642.0 467.0 4 -10.0 0 0 5.0 10.0 0 0 -5.0
155.0 107.0 4 -10.0 0 0 5.0 10.0 0 0 -5.0
242.0 245.0 4 -10.0 0 0 5.0 10.0 0 0 -5.0
689.0 636.0 4 -10.0 0 0 5.0 10.0 0 0 -5.0
841.0 567.0 4 -10.0 0 0 5.0 10.0 0 0 -5.0
909.0 375.0 4 -10.0 0 0 5.0 10.0 0 0 -5.0
505.0 312.0 4 -10.0 0 0 5.0 10.0 0 0 -5.0
827.0 485.0 4 -10.0 0 0 5.0 10.0 0 0 -5.0
612.0 915.0 4 -10.0 0 0 5.0 10.0 0 0 -5.0
350.0 816.0 4 -10.0 0 0 5.0 10.0 0 0 -5.0
418.0 640.0 4 -10.0 0 0 5.0 10.0 0 0 -5.0
1018.0 1033.0 4 -10.0 0 0 5.0 10.0 0 0 -5.0
501.0 699.0 4 -10.0 0 0 5.0 10.0 0 0 -5.0
1064.0 601.0 4 -10.0 0 0 5.0 10.0 0 0 -5.0
829.0 410.0 4 -10.0 0 0 5.0 10.0 0 0 -5.0
957.0 1109.0 4 -10.0 0 0 5.0 10.0 0 0 -5.0
541.0 386.0 4 -10.0 0 0 5.0 10.0 0 0 -5.0
942.0 1031.0 4 -10.0 0 0 5.0 10.0 0 0 -5.0
557.0 1113.0 4 -10.0 0 0 5.0 10.0 0 0 -5.0
682.0 379.0 4 -10.0 0 0 5.0 10.0 0 0 -5.0
342.0 341.0 4 -10.0 0 0 5.0 10.0 0 0 -5.0
692.0 338.0 4 -10.0 0 0 5.0 10.0 0 0 -5.0
965.0 1117.0 4 -10.0 0 0 5.0 10.0 0 0 -5.0
877.0 591.0 4 -10.0 0 0 5.0 10.0 0 0 -5.0
1053.0 943.0 4 -10.0 0 0 5.0 10.0 0 0 -5.0
1152.0 463.0 4 -10.0 0 0 5.0 10.0 0 0 -5.0
1118.0 479.0 4 -10.0 0 0 5.0 10.0 0 0 -5.0
678.0 348.0 4 -10.0 0 0 5.0 10.0 0 0 -5.0
438.0 732.0 4 -10.0 0 0 5.0 10.0 0 0 -5.0
577.0 954.0 4 -10.0 0 0 5.0 10.0 0 0 -5.0
606.0 999.0 4 -10.0 0 0 5.0 10.0 0 0 -5.0
1001.0 824.0 4 -10.0 0 0 5.0 10.0 0 0 -5.0
155.0 144.0 4 -10.0 0 0 5.0 10.0 0 0 -5.0
655.0 761.0 4 -10.0 0 0 5.0 10.0 0 0 -5.0
399.0 399.0 4 -10.0 0 0 5.0 10.0 0 0 -5.0
1020.0 537.0 4 -10.0 0 0 5.0 10.0 0 0 -5.0
564.0 699.0 4 -10.0 0 0 5.0 10.0 0 0 -5.0
909.0 1017.0 4 -10.0 0 0 5.0 10.0 0 0 -5.0
872.0 403.0 4 -10.0 0 0 5.0 10.0 0 0 -5.0
897.0 470.0 4 -10.0 0 0 5.0 10.0 0 0 -5.0
504.0 335.0 4 -10.0 0 0 5.0 10.0 0 0 -5.0
498.0 502.0 4 -10.0 0 0 5.0 10.0 0 0 -5.0
496.0 692.0 4 -10.0 0 0 5.0 10.0 0 0 -5.0
867.0 665.0 4 -10.0 0 0 5.0 10.0 0 0 -5.0
449.0 432.0 4 -10.0 0 0 5.0 10.0 0 0 -5.0
507.0 272.0 4 -10.0 0 0 5.0 10.0 0 0 -5.0
518.0 730.0 4 -10.0 0 0 5.0 10.0 0 0 -5.0
426.0 394.0 4 -10.0 0 0 5.0 10.0 0 0 -5.0
126.0 120.0 4 -10.0 0 0 5.0 10.0 0 0 -5.0
384.0 726.0 4 -10.0 0 0 5.0 10.0 0 0 -5.0
1147.0 468.0 4 -10.0 0 0 5.0 10.0 0 0 -5.0
248.0 227.0 4 -10.0 0 0 5.0 10.0 0 0 -5.0
869.0 498.0 4 -10.0 0 0 5.0 10.0 0 0 -5.0
903.0 959.0 4 -10.0 0 0 5.0 10.0 0 0 -5.0
637.0 427.0 4 -10.0 0 0 5.0 10.0 0 0 -5.0
1045.0 842.0 4 -10.0 0 0 5.0 10.0 0 0 -5.0
311.0 321.0 4 -10.0 0 0 5.0 10.0 0 0 -5.0
283.0 313.0 4 -10.0 0 0 5.0 10.0 0 0 -5.0
585.0 1051.0 4 -10.0 0 0 5.0 10.0 0 0 -5.0
476.0 754.0 4 -10.0 0 0 5.0 10.0 0 0 -5.0
414.0 391.0 4 -10.0 0 0 5.0 10.0 0 0 -5.0
1102.0 461.0 4 -10.0 0 0 5.0 10.0 0 0 -5.0
869.0 603.0 4 -10.0 0 0 5.0 10.0 0 0 -5.0
802.0 584.0 4 -10.0 0 0 5.0 10.0 0 0 -5.0
623.0 990.0 4 -10.0 0 0 5.0 10.0 0 0 -5.0
686.0 752.0 4 -10.0 0 0 5.0 10.0 0 0 -5.0
754.0 753.0 4 -10.0 0 0 5.0 10.0 0 0 -5.0
588.0 1023.0 4 -10.0 0 0 5.0 10.0 0 0 -5.0
894.0 674.0 4 -10.0 0 0 5.0 10.0 0 0 -5.0
915.0 416.0 4 -10.0 0 0 5.0 10.0 0 0 -5.0
193.0 185.0 4 -10.0 0 0 5.0 10.0 0 0 -5.0
934.0 356.0 4 -10.0 0 0 5.0 10.0 0 0 -5.0
240.0 240.0 4 -10.0 0 0 5.0 10.0 0 0 -5.0
488.0 281.0 4 -10.0 0 0 5.0 10.0 0 0 -5.0
446.0 773.0 4 -10.0 0 0 5.0 10.0 0 0 -5.0
1015.0 1021.0 4 -10.0 0 0 5.0 10.0 0 0 -5.0
812.0 564.0 4 -10.0 0 0 5.0 10.0 0 0 -5.0
358.0 735.0 4 -10.0 0 0 5.0 10.0 0 0 -5.0
1105.0 840.0 4 -10.0 0 0 5.0 10.0 0 0 -5.0
539.0 1136.0 4 -10.0 0 0 5.0 10.0 0 0 -5.0
637.0 926.0 4 -10.0 0 0 5.0 10.0 0 0 -5.0
870.0 417.0 4 -10.0 0 0 5.0 10.0 0 0 -5.0
887.0 366.0 4 -10.0 0 0 5.0 10.0 0 0 -5.0
882.0 463.0 4 -10.0 0 0 5.0 10.0 0 0 -5.0
511.0 751.0 4 -10.0 0 0 5.0 10.0 0 0 -5.0
669.0 852.0 4 -10.0 0 0 5.0 10.0 0 0 -5.0
636.0 433.0 4 -10.0 0 0 5.0 10.0 0 0 -5.0
921.0 1015.0 4 -10.0 0 0 5.0 10.0 0 0 -5.0
358.0 728.0 4 -10.0 0 0 5.0 10.0 0 0 -5.0
631.0 442.0 4 -10.0 0 0 5.0 10.0 0 0 -5.0
857.0 602.0 4 -10.0 0 0 5.0 10.0 0 0 -5.0
386.0 822.0 4 -10.0 0 0 5.0 10.0 0 0 -5.0
453.0 346.0 4 -10.0 0 0 5.0 10.0 0 0 -5.0
905.0 1047.0 4 -10.0 0 0 5.0 10.0 0 0 -5.0
801.0 368.0 4 -10.0 0 0 5.0 10.0 0 0 -5.0
669.0 473.0 4 -10.0 0 0 5.0 10.0 0 0 -5.0
1035.0 818.0 4 -10.0 0 0 5.0 10.0 0 0 -5.0
177.0 166.0 4 -10.0 0 0 5.0 10.0 0 0 -5.0
1010.0 845.0 4 -10.0 0 0 5.0 10.0 0 0 -5.0
431.0 650.0 4 -10.0 0 0 5.0 10.0 0 0 -5.0
792.0 427.0 4 -10.0 0 0 5.0 10.0 0 0 -5.0
1092.0 1122.0 4 -10.0 0 0 5.0 10.0 0 0 -5.0
811.0 358.0 4 -10.0 0 0 5.0 10.0 0 0 -5.0
1073.0 1055.0 4 -10.0 0 0 5.0 10.0 0 0 -5.0
393.0 679.0 4 -10.0 0 0 5.0 10.0 0 0 -5.0
1165.0 457.0 4 -10.0 0 0 5.0 10.0 0 0 -5.0
873.0 513.0 4 -10.0 0 0 5.0 10.0 0 0 -5.0
341.0 815.0 4 -10.0 0 0 5.0 10.0 0 0 -5.0
352.0 307.0 4 -10.0 0 0 5.0 10.0 0 0 -5.0
1028.0 1065.0 4 -10.0 0 0 5.0 10.0 0 0 -5.0
718.0 676.0 4 -10.0 0 0 5.0 10.0 0 0 -5.0
925.0 1033.0 4 -10.0 0 0 5.0 10.0 0 0 -5.0
1206.0 1095.0 4 -10.0 0 0 5.0 10.0 0 0 -5.0
324.0 836.0 4 -10.0 0 0 5.0 10.0 0 0 -5.0
143.0 155.0 4 -10.0 0 0 5.0 10.0 0 0 -5.0
532.0 453.0 4 -10.0 0 0 5.0 10.0 0 0 -5.0
1016.0 502.0 4 -10.0 0 0 5.0 10.0 0 0 -5.0
1004.0 943.0 4 -10.0 0 0 5.0 10.0 0 0 -5.0
762.0 430.0 4 -10.0 0 0 5.0 10.0 0 0 -5.0
898.0 445.0 4 -10.0 0 0 5.0 10.0 0 0 -5.0
363.0 675.0 4 -10.0 0 0 5.0 10.0 0 0 -5.0
652.0 547.0 4 -10.0 0 0 5.0 10.0 0 0 -5.0
1081.0 818.0 4 -10.0 0 0 5.0 10.0 0 0 -5.0
768.0 391.0 4 -10.0 0 0 5.0 10.0 0 0 -5.0
641.0 490.0 4 -10.0 0 0 5.0 10.0 0 0 -5.0
502.0 237.0 4 -10.0 0 0 5.0 10.0 0 0 -5.0
841.0 610.0 4 -10.0 0 0 5.0 10.0 0 0 -5.0
693.0 802.0 4 -10.0 0 0 5.0 10.0 0 0 -5.0
255.0 226.0 4 -10.0 0 0 5.0 10.0 0 0 -5.0
619.0 543.0 4 -10.0 0 0 5.0 10.0 0 0 -5.0
775.0 354.0 4 -10.0 0 0 5.0 10.0 0 0 -5.0
181.0 144.0 4 -10.0 0 0 5.0 10.0 0 0 -5.0
952.0 1111.0 4 -10.0 0 0 5.0 10.0 0 0 -5.0
1015.0 845.0 4 -10.0 0 0 5.0 10.0 0 0 -5.0
1116.0 818.0 4 -10.0 0 0 5.0 10.0 0 0 -5.0
755.0 786.0 4 -10.0 0 0 5.0 10.0 0 0 -5.0
489.0 429.0 4 -10.0 0 0 5.0 10.0 0 0 -5.0
1122.0 564.0 4 -10.0 0 0 5.0 10.0 0 0 -5.0
758.0 812.0 4 -10.0 0 0 5.0 10.0 0 0 -5.0
825.0 459.0 4 -10.0 0 0 5.0 10.0 0 0 -5.0
802.0 456.0 4 -10.0 0 0 5.0 10.0 0 0 -5.0
758.0 817.0 4 -10.0 0 0 5.0 10.0 0 0 -5.0
871.0 528.0 4 -10.0 0 0 5.0 10.0 0 0 -5.0
516.0 476.0 4 -10.0 0 0 5.0 10.0 0 0 -5.0
1040.0 1058.0 4 -10.0 0 0 5.0 10.0 0 0 -5.0
371.0 379.0 4 -10.0 0 0 5.0 10.0 0 0 -5.0
1018.0 564.0 4 -10.0 0 0 5.0 10.0 0 0 -5.0
1114.0 823.0 4 -10.0 0 0 5.0 10.0 0 0 -5.0
643.0 873.0 4 -10.0 0 0 5.0 10.0 0 0 -5.0
109.0 72.0 4 -10.0 0 0 5.0 10.0 0 0 -5.0
747.0 713.0 4 -10.0 0 0 5.0 10.0 0 0 -5.0
762.0 839.0 4 -10.0 0 0 5.0 10.0 0 0 -5.0
1111.0 430.0 4 -10.0 0 0 5.0 10.0 0 0 -5.0
377.0 723.0 4 -10.0 0 0 5.0 10.0 0 0 -5.0
733.0 730.0 4 -10.0 0 0 5.0 10.0 0 0 -5.0
385.0 793.0 4 -10.0 0 0 5.0 10.0 0 0 -5.0
893.0 494.0 4 -10.0 0 0 5.0 10.0 0 0 -5.0
644.0 928.0 4 -10.0 0 0 5.0 10.0 0 0 -5.0
843.0 388.0 4 -10.0 0 0 5.0 10.0 0 0 -5.0
697.0 302.0 4 -10.0 0 0 5.0 10.0 0 0 -5.0
882.0 387.0 4 -10.0 0 0 5.0 10.0 0 0 -5.0
618.0 849.0 4 -10.0 0 0 5.0 10.0 0 0 -5.0
1132.0 850.0 4 -10.0 0 0 5.0 10.0 0 0 -5.0
492.0 335.0 4 -10.0 0 0 5.0 10.0 0 0 -5.0
439.0 320.0 4 -10.0 0 0 5.0 10.0 0 0 -5.0
433.0 449.0 4 -10.0 0 0 5.0 10.0 0 0 -5.0
847.0 470.0 4 -10.0 0 0 5.0 10.0 0 0 -5.0
158.0 167.0 4 -10.0 0 0 5.0 10.0 0 0 -5.0
395.0 734.0 4 -10.0 0 0 5.0 10.0 0 0 -5.0
1130.0 825.0 4 -10.0 0 0 5.0 10.0 0 0 -5.0
170.0 157.0 4 -10.0 0 0 5.0 10.0 0 0 -5.0
1007.0 928.0 4 -10.0 0 0 5.0 10.0 0 0 -5.0
928.0 820.0 4 -10.0 0 0 5.0 10.0 0 0 -5.0
382.0 417.0 4 -10.0 0 0 5.0 10.0 0 0 -5.0
922.0 456.0 4 -10.0 0 0 5.0 10.0 0 0 -5.0
789.0 541.0 4 -10.0 0 0 5.0 10.0 0 0 -5.0
669.0 442.0 4 -10.0 0 0 5.0 10.0 0 0 -5.0
777.0 406.0 4 -10.0 0 0 5.0 10.0 0 0 -5.0
336.0 306.0 4 -10.0 0 0 5.0 10.0 0 0 -5.0
1136.0 551.0 4 -10.0 0 0 5.0 10.0 0 0 -5.0
1090.0 541.0 4 -10.0 0 0 5.0 10.0 0 0 -5.0
578.0 1057.0 4 -10.0 0 0 5.0 10.0 0 0 -5.0
1082.0 857.0 4 -10.0 0 0 5.0 10.0 0 0 -5.0
817.0 413.0 4 -10.0 0 0 5.0 10.0 0 0 -5.0
870.0 644.0 4 -10.0 0 0 5.0 10.0 0 0 -5.0
613.0 1022.0 4 -10.0 0 0 5.0 10.0 0 0 -5.0
910.0 479.0 4 -10.0 0 0 5.0 10.0 0 0 -5.0
1102.0 1070.0 4 -10.0 0 0 5.0 10.0 0 0 -5.0
1122.0 1091.0 4 -10.0 0 0 5.0 10.0 0 0 -5.0
1047.0 483.0 4 -10.0 0 0 5.0 10.0 0 0 -5.0
598.0 844.0 4 -10.0 0 0 5.0 10.0 0 0 -5.0
1065.0 1059.0 4 -10.0 0 0 5.0 10.0 0 0 -5.0
518.0 316.0 4 -10.0 0 0 5.0 10.0 0 0 -5.0
418.0 680.0 4 -10.0 0 0 5.0 10.0 0 0 -5.0
388.0 427.0 4 -10.0 0 0 5.0 10.0 0 0 -5.0
391.0 807.0 4 -10.0 0 0 5.0 10.0 0 0 -5.0
101.0 134.0 4 -10.0 0 0 5.0 10.0 0 0 -5.0
301.0 841.0 4 -10.0 0 0 5.0 10.0 0 0 -5.0
1174.0 830.0 4 -10.0 0 0 5.0 10.0 0 0 -5.0
851.0 615.0 4 -10.0 0 0 5.0 10.0 0 0 -5.0
487.0 680.0 4 -10.0 0 0 5.0 10.0 0 0 -5.0
1053.0 1059.0 4 -10.0 0 0 5.0 10.0 0 0 -5.0
901.0 644.0 4 -10.0 0 0 5.0 10.0 0 0 -5.0
548.0 522.0 4 -10.0 0 0 5.0 10.0 0 0 -5.0
559.0 1078.0 4 -10.0 0 0 5.0 10.0 0 0 -5.0
1141.0 854.0 4 -10.0 0 0 5.0 10.0 0 0 -5.0
637.0 775.0 4 -10.0 0 0 5.0 10.0 0 0 -5.0
399.0 661.0 4 -10.0 0 0 5.0 10.0 0 0 -5.0
473.0 772.0 4 -10.0 0 0 5.0 10.0 0 0 -5.0
762.0 829.0 4 -10.0 0 0 5.0 10.0 0 0 -5.0
124.0 73.0 4 -10.0 0 0 5.0 10.0 0 0 -5.0
479.0 702.0 4 -10.0 0 0 5.0 10.0 0 0 -5.0
967.0 1143.0 4 -10.0 0 0 5.0 10.0 0 0 -5.0
608.0 877.0 4 -10.0 0 0 5.0 10.0 0 0 -5.0
1026.0 868.0 4 -10.0 0 0 5.0 10.0 0 0 -5.0
485.0 776.0 4 -10.0 0 0 5.0 10.0 0 0 -5.0
407.0 634.0 4 -10.0 0 0 5.0 10.0 0 0 -5.0
594.0 863.0 4 -10.0 0 0 5.0 10.0 0 0 -5.0
168.0 115.0 4 -10.0 0 0 5.0 10.0 0 0 -5.0
761.0 693.0 4 -10.0 0 0 5.0 10.0 0 0 -5.0
1088.0 1082.0 4 -10.0 0 0 5.0 10.0 0 0 -5.0
394.0 720.0 4 -10.0 0 0 5.0 10.0 0 0 -5.0
897.0 795.0 4 -10.0 0 0 5.0 10.0 0 0 -5.0
939.0 1065.0 4 -10.0 0 0 5.0 10.0 0 0 -5.0
548.0 1144.0 4 -10.0 0 0 5.0 10.0 0 0 -5.0
1054.0 1084.0 4 -10.0 0 0 5.0 10.0 0 0 -5.0
1213.0 1095.0 4 -10.0 0 0 5.0 10.0 0 0 -5.0
66.0 110.0 4 -10.0 0 0 5.0 10.0 0 0 -5.0
472.0 762.0 4 -10.0 0 0 5.0 10.0 0 0 -5.0
595.0 847.0 4 -10.0 0 0 5.0 10.0 0 0 -5.0
262.0 314.0 4 -10.0 0 0 5.0 10.0 0 0 -5.0
844.0 381.0 4 -10.0 0 0 5.0 10.0 0 0 -5.0
1037.0 1092.0 4 -10.0 0 0 5.0 10.0 0 0 -5.0
486.0 489.0 4 -10.0 0 0 5.0 10.0 0 0 -5.0
473.0 691.0 4 -10.0 0 0 5.0 10.0 0 0 -5.0
479.0 309.0 4 -10.0 0 0 5.0 10.0 0 0 -5.0
912.0 1051.0 4 -10.0 0 0 5.0 10.0 0 0 -5.0
934.0 1069.0 4 -10.0 0 0 5.0 10.0 0 0 -5.0
428.0 798.0 4 -10.0 0 0 5.0 10.0 0 0 -5.0
688.0 350.0 4 -10.0 0 0 5.0 10.0 0 0 -5.0
1008.0 529.0 4 -10.0 0 0 5.0 10.0 0 0 -5.0
505.0 282.0 4 -10.0 0 0 5.0 10.0 0 0 -5.0
713.0 671.0 4 -10.0 0 0 5.0 10.0 0 0 -5.0
1035.0 954.0 4 -10.0 0 0 5.0 10.0 0 0 -5.0
542.0 347.0 4 -10.0 0 0 5.0 10.0 0 0 -5.0
269.0 859.0 4 -10.0 0 0 5.0 10.0 0 0 -5.0
629.0 404.0 4 -10.0 0 0 5.0 10.0 0 0 -5.0
1163.0 543.0 4 -10.0 0 0 5.0 10.0 0 0 -5.0
349.0 729.0 4 -10.0 0 0 5.0 10.0 0 0 -5.0
308.0 827.0 4 -10.0 0 0 5.0 10.0 0 0 -5.0
1067.0 1090.0 4 -10.0 0 0 5.0 10.0 0 0 -5.0
928.0 645.0 4 -10.0 0 0 5.0 10.0 0 0 -5.0
840.0 357.0 4 -10.0 0 0 5.0 10.0 0 0 -5.0
423.0 290.0 4 -10.0 0 0 5.0 10.0 0 0 -5.0
566.0 1072.0 4 -10.0 0 0 5.0 10.0 0 0 -5.0
609.0 850.0 4 -10.0 0 0 5.0 10.0 0 0 -5.0
473.0 803.0 4 -10.0 0 0 5.0 10.0 0 0 -5.0
1031.0 964.0 4 -10.0 0 0 5.0 10.0 0 0 -5.0
476.0 250.0 4 -10.0 0 0 5.0 10.0 0 0 -5.0
1201.0 831.0 4 -10.0 0 0 5.0 10.0 0 0 -5.0
154.0 161.0 4 -10.0 0 0 5.0 10.0 0 0 -5.0
685.0 331.0 4 -10.0 0 0 5.0 10.0 0 0 -5.0
1121.0 1042.0 4 -10.0 0 0 5.0 10.0 0 0 -5.0
584.0 882.0 4 -10.0 0 0 5.0 10.0 0 0 -5.0
497.0 420.0 4 -10.0 0 0 5.0 10.0 0 0 -5.0
1164.0 873.0 4 -10.0 0 0 5.0 10.0 0 0 -5.0
154.0 120.0 4 -10.0 0 0 5.0 10.0 0 0 -5.0
244.0 869.0 4 -10.0 0 0 5.0 10.0 0 0 -5.0
181.0 113.0 4 -10.0 0 0 5.0 10.0 0 0 -5.0
466.0 284.0 4 -10.0 0 0 5.0 10.0 0 0 -5.0
851.0 359.0 4 -10.0 0 0 5.0 10.0 0 0 -5.0
953.0 1099.0 4 -10.0 0 0 5.0 10.0 0 0 -5.0
595.0 898.0 4 -10.0 0 0 5.0 10.0 0 0 -5.0
1059.0 1075.0 4 -10.0 0 0 5.0 10.0 0 0 -5.0
1075.0 568.0 4 -10.0 0 0 5.0 10.0 0 0 -5.0
784.0 553.0 4 -10.0 0 0 5.0 10.0 0 0 -5.0
766.0 584.0 4 -10.0 0 0 5.0 10.0 0 0 -5.0
505.0 245.0 4 -10.0 0 0 5.0 10.0 0 0 -5.0
577.0 1096.0 4 -10.0 0 0 5.0 10.0 0 0 -5.0
85.0 43.0 4 -10.0 0 0 5.0 10.0 0 0 -5.0
376.0 383.0 4 -10.0 0 0 5.0 10.0 0 0 -5.0
830.0 362.0 4 -10.0 0 0 5.0 10.0 0 0 -5.0
108.0 45.0 4 -10.0 0 0 5.0 10.0 0 0 -5.0
1237.0 1114.0 4 -10.0 0 0 5.0 10.0 0 0 -5.0
1033.0 807.0 4 -10.0 0 0 5.0 10.0 0 0 -5.0
895.0 338.0 4 -10.0 0 0 5.0 10.0 0 0 -5.0
221.0 227.0 4 -10.0 0 0 5.0 10.0 0 0 -5.0
943.0 841.0 4 -10.0 0 0 5.0 10.0 0 0 -5.0
1041.0 987.0 4 -10.0 0 0 5.0 10.0 0 0 -5.0
773.0 733.0 4 -10.0 0 0 5.0 10.0 0 0 -5.0
589.0 896.0 4 -10.0 0 0 5.0 10.0 0 0 -5.0
736.0 701.0 4 -10.0 0 0 5.0 10.0 0 0 -5.0
129.0 153.0 4 -10.0 0 0 5.0 10.0 0 0 -5.0
701.0 794.0 4 -10.0 0 0 5.0 10.0 0 0 -5.0
837.0 366.0 4 -10.0 0 0 5.0 10.0 0 0 -5.0
1066.0 494.0 4 -10.0 0 0 5.0 10.0 0 0 -5.0
929.0 350.0 4 -10.0 0 0 5.0 10.0 0 0 -5.0
834.0 392.0 4 -10.0 0 0 5.0 10.0 0 0 -5.0
750.0 774.0 4 -10.0 0 0 5.0 10.0 0 0 -5.0
536.0 1129.0 4 -10.0 0 0 5.0 10.0 0 0 -5.0
435.0 672.0 4 -10.0 0 0 5.0 10.0 0 0 -5.0
1024.0 836.0 4 -10.0 0 0 5.0 10.0 0 0 -5.0
691.0 757.0 4 -10.0 0 0 5.0 10.0 0 0 -5.0
809.0 815.0 4 -10.0 0 0 5.0 10.0 0 0 -5.0
242.0 874.0 4 -10.0 0 0 5.0 10.0 0 0 -5.0
1070.0 858.0 4 -10.0 0 0 5.0 10.0 0 0 -5.0
1084.0 541.0 4 -10.0 0 0 5.0 10.0 0 0 -5.0
1051.0 516.0 4 -10.0 0 0 5.0 10.0 0 0 -5.0
913.0 693.0 4 -10.0 0 0 5.0 10.0 0 0 -5.0
827.0 807.0 4 -10.0 0 0 5.0 10.0 0 0 -5.0
1146.0 573.0 4 -10.0 0 0 5.0 10.0 0 0 -5.0
977.0 1155.0 4 -10.0 0 0 5.0 10.0 0 0 -5.0
1092.0 483.0 4 -10.0 0 0 5.0 10.0 0 0 -5.0
529.0 397.0 4 -10.0 0 0 5.0 10.0 0 0 -5.0
229.0 202.0 4 -10.0 0 0 5.0 10.0 0 0 -5.0
1228.0 828.0 4 -10.0 0 0 5.0 10.0 0 0 -5.0
927.0 1097.0 4 -10.0 0 0 5.0 10.0 0 0 -5.0
306.0 331.0 4 -10.0 0 0 5.0 10.0 0 0 -5.0
930.0 1055.0 4 -10.0 0 0 5.0 10.0 0 0 -5.0
907.0 792.0 4 -10.0 0 0 5.0 10.0 0 0 -5.0
1043.0 940.0 4 -10.0 0 0 5.0 10.0 0 0 -5.0
783.0 527.0 4 -10.0 0 0 5.0 10.0 0 0 -5.0
1071.0 556.0 4 -10.0 0 0 5.0 10.0 0 0 -5.0
770.0 330.0 4 -10.0 0 0 5.0 10.0 0 0 -5.0
129.0 136.0 4 -10.0 0 0 5.0 10.0 0 0 -5.0
521.0 521.0 4 -10.0 0 0 5.0 10.0 0 0 -5.0
675.0 667.0 4 -10.0 0 0 5.0 10.0 0 0 -5.0
1129.0 412.0 4 -10.0 0 0 5.0 10.0 0 0 -5.0
633.0 391.0 4 -10.0 0 0 5.0 10.0 0 0 -5.0
552.0 678.0 4 -10.0 0 0 5.0 10.0 0 0 -5.0
969.0 1093.0 4 -10.0 0 0 5.0 10.0 0 0 -5.0
919.0 667.0 4 -10.0 0 0 5.0 10.0 0 0 -5.0
473.0 258.0 4 -10.0 0 0 5.0 10.0 0 0 -5.0
814.0 647.0 4 -10.0 0 0 5.0 10.0 0 0 -5.0
1130.0 445.0 4 -10.0 0 0 5.0 10.0 0 0 -5.0
443.0 319.0 4 -10.0 0 0 5.0 10.0 0 0 -5.0
903.0 337.0 4 -10.0 0 0 5.0 10.0 0 0 -5.0
924.0 986.0 4 -10.0 0 0 5.0 10.0 0 0 -5.0
1075.0 507.0 4 -10.0 0 0 5.0 10.0 0 0 -5.0
840.0 773.0 4 -10.0 0 0 5.0 10.0 0 0 -5.0
566.0 905.0 4 -10.0 0 0 5.0 10.0 0 0 -5.0
416.0 825.0 4 -10.0 0 0 5.0 10.0 0 0 -5.0
1096.0 498.0 4 -10.0 0 0 5.0 10.0 0 0 -5.0
858.0 646.0 4 -10.0 0 0 5.0 10.0 0 0 -5.0
1031.0 1044.0 4 -10.0 0 0 5.0 10.0 0 0 -5.0
521.0 432.0 4 -10.0 0 0 5.0 10.0 0 0 -5.0
1143.0 428.0 4 -10.0 0 0 5.0 10.0 0 0 -5.0
454.0 799.0 4 -10.0 0 0 5.0 10.0 0 0 -5.0
682.0 780.0 4 -10.0 0 0 5.0 10.0 0 0 -5.0
699.0 270.0 4 -10.0 0 0 5.0 10.0 0 0 -5.0
430.0 290.0 4 -10.0 0 0 5.0 10.0 0 0 -5.0
494.0 208.0 4 -10.0 0 0 5.0 10.0 0 0 -5.0
439.0 715.0 4 -10.0 0 0 5.0 10.0 0 0 -5.0
136.0 78.0 4 -10.0 0 0 5.0 10.0 0 0 -5.0
445.0 442.0 4 -10.0 0 0 5.0 10.0 0 0 -5.0
823.0 815.0 4 -10.0 0 0 5.0 10.0 0 0 -5.0
937.0 701.0 4 -10.0 0 0 5.0 10.0 0 0 -5.0
124.0 84.0 4 -10.0 0 0 5.0 10.0 0 0 -5.0
629.0 465.0 4 -10.0 0 0 5.0 10.0 0 0 -5.0
176.0 82.0 4 -10.0 0 0 5.0 10.0 0 0 -5.0
314.0 332.0 4 -10.0 0 0 5.0 10.0 0 0 -5.0
893.0 522.0 4 -10.0 0 0 5.0 10.0 0 0 -5.0
423.0 430.0 4 -10.0 0 0 5.0 10.0 0 0 -5.0
878.0 373.0 4 -10.0 0 0 5.0 10.0 0 0 -5.0
660.0 838.0 4 -10.0 0 0 5.0 10.0 0 0 -5.0
645.0 922.0 4 -10.0 0 0 5.0 10.0 0 0 -5.0
43.0 88.0 4 -10.0 0 0 5.0 10.0 0 0 -5.0
765.0 856.0 4 -10.0 0 0 5.0 10.0 0 0 -5.0
357.0 419.0 4 -10.0 0 0 5.0 10.0 0 0 -5.0
574.0 870.0 4 -10.0 0 0 5.0 10.0 0 0 -5.0
582.0 1018.0 4 -10.0 0 0 5.0 10.0 0 0 -5.0
604.0 986.0 4 -10.0 0 0 5.0 10.0 0 0 -5.0
1176.0 455.0 4 -10.0 0 0 5.0 10.0 0 0 -5.0
570.0 910.0 4 -10.0 0 0 5.0 10.0 0 0 -5.0
847.0 831.0 4 -10.0 0 0 5.0 10.0 0 0 -5.0
854.0 324.0 4 -10.0 0 0 5.0 10.0 0 0 -5.0
401.0 786.0 4 -10.0 0 0 5.0 10.0 0 0 -5.0
822.0 519.0 4 -10.0 0 0 5.0 10.0 0 0 -5.0
676.0 414.0 4 -10.0 0 0 5.0 10.0 0 0 -5.0
1174.0 472.0 4 -10.0 0 0 5.0 10.0 0 0 -5.0
442.0 826.0 4 -10.0 0 0 5.0 10.0 0 0 -5.0
543.0 322.0 4 -10.0 0 0 5.0 10.0 0 0 -5.0
445.0 821.0 4 -10.0 0 0 5.0 10.0 0 0 -5.0
393.0 660.0 4 -10.0 0 0 5.0 10.0 0 0 -5.0
948.0 646.0 4 -10.0 0 0 5.0 10.0 0 0 -5.0
550.0 928.0 4 -10.0 0 0 5.0 10.0 0 0 -5.0
792.0 434.0 4 -10.0 0 0 5.0 10.0 0 0 -5.0
793.0 412.0 4 -10.0 0 0 5.0 10.0 0 0 -5.0
579.0 1047.0 4 -10.0 0 0 5.0 10.0 0 0 -5.0
741.0 572.0 4 -10.0 0 0 5.0 10.0 0 0 -5.0
304.0 858.0 4 -10.0 0 0 5.0 10.0 0 0 -5.0
647.0 480.0 4 -10.0 0 0 5.0 10.0 0 0 -5.0
879.0 644.0 4 -10.0 0 0 5.0 10.0 0 0 -5.0
794.0 383.0 4 -10.0 0 0 5.0 10.0 0 0 -5.0
148.0 81.0 4 -10.0 0 0 5.0 10.0 0 0 -5.0
244.0 202.0 4 -10.0 0 0 5.0 10.0 0 0 -5.0
1037.0 558.0 4 -10.0 0 0 5.0 10.0 0 0 -5.0
639.0 953.0 4 -10.0 0 0 5.0 10.0 0 0 -5.0
897.0 362.0 4 -10.0 0 0 5.0 10.0 0 0 -5.0
944.0 329.0 4 -10.0 0 0 5.0 10.0 0 0 -5.0
432.0 713.0 4 -10.0 0 0 5.0 10.0 0 0 -5.0
975.0 1173.0 4 -10.0 0 0 5.0 10.0 0 0 -5.0
286.0 263.0 4 -10.0 0 0 5.0 10.0 0 0 -5.0
211.0 232.0 4 -10.0 0 0 5.0 10.0 0 0 -5.0
787.0 401.0 4 -10.0 0 0 5.0 10.0 0 0 -5.0
193.0 212.0 4 -10.0 0 0 5.0 10.0 0 0 -5.0
539.0 402.0 4 -10.0 0 0 5.0 10.0 0 0 -5.0
570.0 970.0 4 -10.0 0 0 5.0 10.0 0 0 -5.0
625.0 949.0 4 -10.0 0 0 5.0 10.0 0 0 -5.0
406.0 714.0 4 -10.0 0 0 5.0 10.0 0 0 -5.0
717.0 632.0 4 -10.0 0 0 5.0 10.0 0 0 -5.0
860.0 296.0 4 -10.0 0 0 5.0 10.0 0 0 -5.0
410.0 671.0 4 -10.0 0 0 5.0 10.0 0 0 -5.0
538.0 1170.0 4 -10.0 0 0 5.0 10.0 0 0 -5.0
706.0 277.0 4 -10.0 0 0 5.0 10.0 0 0 -5.0
562.0 937.0 4 -10.0 0 0 5.0 10.0 0 0 -5.0
927.0 804.0 4 -10.0 0 0 5.0 10.0 0 0 -5.0
365.0 844.0 4 -10.0 0 0 5.0 10.0 0 0 -5.0
935.0 679.0 4 -10.0 0 0 5.0 10.0 0 0 -5.0
288.0 309.0 4 -10.0 0 0 5.0 10.0 0 0 -5.0
419.0 750.0 4 -10.0 0 0 5.0 10.0 0 0 -5.0
1087.0 464.0 4 -10.0 0 0 5.0 10.0 0 0 -5.0
932.0 570.0 4 -10.0 0 0 5.0 10.0 0 0 -5.0
1151.0 1069.0 4 -10.0 0 0 5.0 10.0 0 0 -5.0
486.0 718.0 4 -10.0 0 0 5.0 10.0 0 0 -5.0
746.0 601.0 4 -10.0 0 0 5.0 10.0 0 0 -5.0
1233.0 1118.0 4 -10.0 0 0 5.0 10.0 0 0 -5.0
419.0 264.0 4 -10.0 0 0 5.0 10.0 0 0 -5.0
860.0 844.0 4 -10.0 0 0 5.0 10.0 0 0 -5.0
1099.0 575.0 4 -10.0 0 0 5.0 10.0 0 0 -5.0
497.0 213.0 4 -10.0 0 0 5.0 10.0 0 0 -5.0
919.0 1072.0 4 -10.0 0 0 5.0 10.0 0 0 -5.0
688.0 292.0 4 -10.0 0 0 5.0 10.0 0 0 -5.0
799.0 772.0 4 -10.0 0 0 5.0 10.0 0 0 -5.0
642.0 366.0 4 -10.0 0 0 5.0 10.0 0 0 -5.0
938.0 910.0 4 -10.0 0 0 5.0 10.0 0 0 -5.0
511.0 775.0 4 -10.0 0 0 5.0 10.0 0 0 -5.0
864.0 271.0 4 -10.0 0 0 5.0 10.0 0 0 -5.0
281.0 838.0 4 -10.0 0 0 5.0 10.0 0 0 -5.0
1060.0 978.0 4 -10.0 0 0 5.0 10.0 0 0 -5.0
1168.0 867.0 4 -10.0 0 0 5.0 10.0 0 0 -5.0
1110.0 873.0 4 -10.0 0 0 5.0 10.0 0 0 -5.0
119.0 140.0 4 -10.0 0 0 5.0 10.0 0 0 -5.0
893.0 1068.0 4 -10.0 0 0 5.0 10.0 0 0 -5.0
131.0 87.0 4 -10.0 0 0 5.0 10.0 0 0 -5.0
831.0 646.0 4 -10.0 0 0 5.0 10.0 0 0 -5.0
756.0 544.0 4 -10.0 0 0 5.0 10.0 0 0 -5.0
943.0 1092.0 4 -10.0 0 0 5.0 10.0 0 0 -5.0
118.0 91.0 4 -10.0 0 0 5.0 10.0 0 0 -5.0
687.0 259.0 4 -10.0 0 0 5.0 10.0 0 0 -5.0
1032.0 800.0 4 -10.0 0 0 5.0 10.0 0 0 -5.0
486.0 741.0 4 -10.0 0 0 5.0 10.0 0 0 -5.0
344.0 730.0 4 -10.0 0 0 5.0 10.0 0 0 -5.0
918.0 314.0 4 -10.0 0 0 5.0 10.0 0 0 -5.0
964.0 1134.0 4 -10.0 0 0 5.0 10.0 0 0 -5.0
490.0 767.0 4 -10.0 0 0 5.0 10.0 0 0 -5.0
1186.0 446.0 4 -10.0 0 0 5.0 10.0 0 0 -5.0
168.0 87.0 4 -10.0 0 0 5.0 10.0 0 0 -5.0
432.0 297.0 4 -10.0 0 0 5.0 10.0 0 0 -5.0
1159.0 1040.0 4 -10.0 0 0 5.0 10.0 0 0 -5.0
564.0 1137.0 4 -10.0 0 0 5.0 10.0 0 0 -5.0
1069.0 1051.0 4 -10.0 0 0 5.0 10.0 0 0 -5.0
425.0 785.0 4 -10.0 0 0 5.0 10.0 0 0 -5.0
516.0 376.0 4 -10.0 0 0 5.0 10.0 0 0 -5.0
556.0 1081.0 4 -10.0 0 0 5.0 10.0 0 0 -5.0
839.0 829.0 4 -10.0 0 0 5.0 10.0 0 0 -5.0
1023.0 1009.0 4 -10.0 0 0 5.0 10.0 0 0 -5.0
1178.0 1088.0 4 -10.0 0 0 5.0 10.0 0 0 -5.0
884.0 640.0 4 -10.0 0 0 5.0 10.0 0 0 -5.0
1065.0 965.0 4 -10.0 0 0 5.0 10.0 0 0 -5.0
906.0 386.0 4 -10.0 0 0 5.0 10.0 0 0 -5.0
904.0 455.0 4 -10.0 0 0 5.0 10.0 0 0 -5.0
309.0 834.0 4 -10.0 0 0 5.0 10.0 0 0 -5.0
1168.0 545.0 4 -10.0 0 0 5.0 10.0 0 0 -5.0
650.0 532.0 4 -10.0 0 0 5.0 10.0 0 0 -5.0
1206.0 1088.0 4 -10.0 0 0 5.0 10.0 0 0 -5.0
213.0 184.0 4 -10.0 0 0 5.0 10.0 0 0 -5.0
965.0 1100.0 4 -10.0 0 0 5.0 10.0 0 0 -5.0
1109.0 1151.0 4 -10.0 0 0 5.0 10.0 0 0 -5.0
885.0 878.0 4 -10.0 0 0 5.0 10.0 0 0 -5.0
403.0 440.0 4 -10.0 0 0 5.0 10.0 0 0 -5.0
781.0 597.0 4 -10.0 0 0 5.0 10.0 0 0 -5.0
986.0 1140.0 4 -10.0 0 0 5.0 10.0 0 0 -5.0
299.0 362.0 4 -10.0 0 0 5.0 10.0 0 0 -5.0
986.0 1187.0 4 -10.0 0 0 5.0 10.0 0 0 -5.0
649.0 929.0 4 -10.0 0 0 5.0 10.0 0 0 -5.0
887.0 445.0 4 -10.0 0 0 5.0 10.0 0 0 -5.0
1130.0 880.0 4 -10.0 0 0 5.0 10.0 0 0 -5.0
756.0 807.0 4 -10.0 0 0 5.0 10.0 0 0 -5.0
735.0 582.0 4 -10.0 0 0 5.0 10.0 0 0 -5.0
1193.0 543.0 4 -10.0 0 0 5.0 10.0 0 0 -5.0
399.0 410.0 4 -10.0 0 0 5.0 10.0 0 0 -5.0
694.0 314.0 4 -10.0 0 0 5.0 10.0 0 0 -5.0
597.0 1046.0 4 -10.0 0 0 5.0 10.0 0 0 -5.0
646.0 442.0 4 -10.0 0 0 5.0 10.0 0 0 -5.0
1164.0 1056.0 4 -10.0 0 0 5.0 10.0 0 0 -5.0
903.0 1078.0 4 -10.0 0 0 5.0 10.0 0 0 -5.0
1038.0 932.0 4 -10.0 0 0 5.0 10.0 0 0 -5.0
530.0 945.0 4 -10.0 0 0 5.0 10.0 0 0 -5.0
201.0 167.0 4 -10.0 0 0 5.0 10.0 0 0 -5.0
1048.0 987.0 4 -10.0 0 0 5.0 10.0 0 0 -5.0
686.0 298.0 4 -10.0 0 0 5.0 10.0 0 0 -5.0
1109.0 1103.0 4 -10.0 0 0 5.0 10.0 0 0 -5.0
1106.0 869.0 4 -10.0 0 0 5.0 10.0 0 0 -5.0
760.0 498.0 4 -10.0 0 0 5.0 10.0 0 0 -5.0
1017.0 571.0 4 -10.0 0 0 5.0 10.0 0 0 -5.0
1183.0 1060.0 4 -10.0 0 0 5.0 10.0 0 0 -5.0
409.0 240.0 4 -10.0 0 0 5.0 10.0 0 0 -5.0
1209.0 542.0 4 -10.0 0 0 5.0 10.0 0 0 -5.0
206.0 164.0 4 -10.0 0 0 5.0 10.0 0 0 -5.0
962.0 1052.0 4 -10.0 0 0 5.0 10.0 0 0 -5.0
376.0 813.0 4 -10.0 0 0 5.0 10.0 0 0 -5.0
411.0 437.0 4 -10.0 0 0 5.0 10.0 0 0 -5.0
1146.0 473.0 4 -10.0 0 0 5.0 10.0 0 0 -5.0
1067.0 933.0 4 -10.0 0 0 5.0 10.0 0 0 -5.0
353.0 359.0 4 -10.0 0 0 5.0 10.0 0 0 -5.0
1146.0 420.0 4 -10.0 0 0 5.0 10.0 0 0 -5.0
542.0 313.0 4 -10.0 0 0 5.0 10.0 0 0 -5.0
623.0 782.0 4 -10.0 0 0 5.0 10.0 0 0 -5.0
579.0 856.0 4 -10.0 0 0 5.0 10.0 0 0 -5.0
315.0 824.0 4 -10.0 0 0 5.0 10.0 0 0 -5.0
1207.0 833.0 4 -10.0 0 0 5.0 10.0 0 0 -5.0
1236.0 840.0 4 -10.0 0 0 5.0 10.0 0 0 -5.0
412.0 367.0 4 -10.0 0 0 5.0 10.0 0 0 -5.0
756.0 551.0 4 -10.0 0 0 5.0 10.0 0 0 -5.0
682.0 270.0 4 -10.0 0 0 5.0 10.0 0 0 -5.0
696.0 831.0 4 -10.0 0 0 5.0 10.0 0 0 -5.0
542.0 950.0 4 -10.0 0 0 5.0 10.0 0 0 -5.0
313.0 390.0 4 -10.0 0 0 5.0 10.0 0 0 -5.0
1120.0 553.0 4 -10.0 0 0 5.0 10.0 0 0 -5.0
284.0 386.0 4 -10.0 0 0 5.0 10.0 0 0 -5.0
930.0 1079.0 4 -10.0 0 0 5.0 10.0 0 0 -5.0
841.0 786.0 4 -10.0 0 0 5.0 10.0 0 0 -5.0
359.0 787.0 4 -10.0 0 0 5.0 10.0 0 0 -5.0
411.0 263.0 4 -10.0 0 0 5.0 10.0 0 0 -5.0
396.0 366.0 4 -10.0 0 0 5.0 10.0 0 0 -5.0
934.0 799.0 4 -10.0 0 0 5.0 10.0 0 0 -5.0
1148.0 1063.0 4 -10.0 0 0 5.0 10.0 0 0 -5.0
373.0 793.0 4 -10.0 0 0 5.0 10.0 0 0 -5.0
25.0 78.0 4 -10.0 0 0 5.0 10.0 0 0 -5.0
1197.0 1096.0 4 -10.0 0 0 5.0 10.0 0 0 -5.0
809.0 764.0 4 -10.0 0 0 5.0 10.0 0 0 -5.0
550.0 702.0 4 -10.0 0 0 5.0 10.0 0 0 -5.0
1184.0 545.0 4 -10.0 0 0 5.0 10.0 0 0 -5.0
838.0 644.0 4 -10.0 0 0 5.0 10.0 0 0 -5.0
820.0 323.0 4 -10.0 0 0 5.0 10.0 0 0 -5.0
761.0 508.0 4 -10.0 0 0 5.0 10.0 0 0 -5.0
939.0 382.0 4 -10.0 0 0 5.0 10.0 0 0 -5.0
266.0 845.0 4 -10.0 0 0 5.0 10.0 0 0 -5.0
981.0 1150.0 4 -10.0 0 0 5.0 10.0 0 0 -5.0
696.0 848.0 4 -10.0 0 0 5.0 10.0 0 0 -5.0
1040.0 861.0 4 -10.0 0 0 5.0 10.0 0 0 -5.0
875.0 256.0 4 -10.0 0 0 5.0 10.0 0 0 -5.0
485.0 315.0 4 -10.0 0 0 5.0 10.0 0 0 -5.0
1113.0 475.0 4 -10.0 0 0 5.0 10.0 0 0 -5.0
461.0 226.0 4 -10.0 0 0 5.0 10.0 0 0 -5.0
661.0 770.0 4 -10.0 0 0 5.0 10.0 0 0 -5.0
1078.0 467.0 4 -10.0 0 0 5.0 10.0 0 0 -5.0
1201.0 846.0 4 -10.0 0 0 5.0 10.0 0 0 -5.0
938.0 690.0 4 -10.0 0 0 5.0 10.0 0 0 -5.0
1079.0 1114.0 4 -10.0 0 0 5.0 10.0 0 0 -5.0
560.0 928.0 4 -10.0 0 0 5.0 10.0 0 0 -5.0
1053.0 953.0 4 -10.0 0 0 5.0 10.0 0 0 -5.0
811.0 383.0 4 -10.0 0 0 5.0 10.0 0 0 -5.0
378.0 441.0 4 -10.0 0 0 5.0 10.0 0 0 -5.0
897.0 383.0 4 -10.0 0 0 5.0 10.0 0 0 -5.0
855.0 809.0 4 -10.0 0 0 5.0 10.0 0 0 -5.0
1170.0 448.0 4 -10.0 0 0 5.0 10.0 0 0 -5.0
92.0 117.0 4 -10.0 0 0 5.0 10.0 0 0 -5.0
949.0 903.0 4 -10.0 0 0 5.0 10.0 0 0 -5.0
455.0 749.0 4 -10.0 0 0 5.0 10.0 0 0 -5.0
274.0 354.0 4 -10.0 0 0 5.0 10.0 0 0 -5.0
510.0 409.0 4 -10.0 0 0 5.0 10.0 0 0 -5.0
942.0 445.0 4 -10.0 0 0 5.0 10.0 0 0 -5.0
1100.0 510.0 4 -10.0 0 0 5.0 10.0 0 0 -5.0
651.0 412.0 4 -10.0 0 0 5.0 10.0 0 0 -5.0
597.0 912.0 4 -10.0 0 0 5.0 10.0 0 0 -5.0
960.0 1145.0 4 -10.0 0 0 5.0 10.0 0 0 -5.0
1071.0 1077.0 4 -10.0 0 0 5.0 10.0 0 0 -5.0
685.0 453.0 4 -10.0 0 0 5.0 10.0 0 0 -5.0
370.0 799.0 4 -10.0 0 0 5.0 10.0 0 0 -5.0
1063.0 461.0 4 -10.0 0 0 5.0 10.0 0 0 -5.0
561.0 1098.0 4 -10.0 0 0 5.0 10.0 0 0 -5.0
1056.0 809.0 4 -10.0 0 0 5.0 10.0 0 0 -5.0
105.0 99.0 4 -10.0 0 0 5.0 10.0 0 0 -5.0
27.0 69.0 4 -10.0 0 0 5.0 10.0 0 0 -5.0
1166.0 1092.0 4 -10.0 0 0 5.0 10.0 0 0 -5.0
637.0 655.0 4 -10.0 0 0 5.0 10.0 0 0 -5.0
657.0 487.0 4 -10.0 0 0 5.0 10.0 0 0 -5.0
712.0 569.0 4 -10.0 0 0 5.0 10.0 0 0 -5.0
837.0 791.0 4 -10.0 0 0 5.0 10.0 0 0 -5.0
742.0 741.0 4 -10.0 0 0 5.0 10.0 0 0 -5.0
798.0 480.0 4 -10.0 0 0 5.0 10.0 0 0 -5.0
1193.0 877.0 4 -10.0 0 0 5.0 10.0 0 0 -5.0
1086.0 605.0 4 -10.0 0 0 5.0 10.0 0 0 -5.0
101.0 104.0 4 -10.0 0 0 5.0 10.0 0 0 -5.0
1114.0 537.0 4 -10.0 0 0 5.0 10.0 0 0 -5.0
365.0 656.0 4 -10.0 0 0 5.0 10.0 0 0 -5.0
834.0 298.0 4 -10.0 0 0 5.0 10.0 0 0 -5.0
699.0 870.0 4 -10.0 0 0 5.0 10.0 0 0 -5.0
140.0 120.0 4 -10.0 0 0 5.0 10.0 0 0 -5.0
800.0 796.0 4 -10.0 0 0 5.0 10.0 0 0 -5.0
918.0 460.0 4 -10.0 0 0 5.0 10.0 0 0 -5.0
950.0 816.0 4 -10.0 0 0 5.0 10.0 0 0 -5.0
998.0 930.0 4 -10.0 0 0 5.0 10.0 0 0 -5.0
915.0 493.0 4 -10.0 0 0 5.0 10.0 0 0 -5.0
1062.0 821.0 4 -10.0 0 0 5.0 10.0 0 0 -5.0
648.0 785.0 4 -10.0 0 0 5.0 10.0 0 0 -5.0
293.0 387.0 4 -10.0 0 0 5.0 10.0 0 0 -5.0
934.0 294.0 4 -10.0 0 0 5.0 10.0 0 0 -5.0
523.0 1147.0 4 -10.0 0 0 5.0 10.0 0 0 -5.0
1229.0 856.0 4 -10.0 0 0 5.0 10.0 0 0 -5.0
1095.0 444.0 4 -10.0 0 0 5.0 10.0 0 0 -5.0
696.0 568.0 4 -10.0 0 0 5.0 10.0 0 0 -5.0
1254.0 1132.0 4 -10.0 0 0 5.0 10.0 0 0 -5.0
1195.0 1111.0 4 -10.0 0 0 5.0 10.0 0 0 -5.0
627.0 367.0 4 -10.0 0 0 5.0 10.0 0 0 -5.0
1156.0 563.0 4 -10.0 0 0 5.0 10.0 0 0 -5.0
376.0 394.0 4 -10.0 0 0 5.0 10.0 0 0 -5.0
991.0 1179.0 4 -10.0 0 0 5.0 10.0 0 0 -5.0
186.0 194.0 4 -10.0 0 0 5.0 10.0 0 0 -5.0
766.0 445.0 4 -10.0 0 0 5.0 10.0 0 0 -5.0
642.0 888.0 4 -10.0 0 0 5.0 10.0 0 0 -5.0
1037.0 575.0 4 -10.0 0 0 5.0 10.0 0 0 -5.0
549.0 1094.0 4 -10.0 0 0 5.0 10.0 0 0 -5.0
447.0 333.0 4 -10.0 0 0 5.0 10.0 0 0 -5.0
221.0 883.0 4 -10.0 0 0 5.0 10.0 0 0 -5.0
691.0 792.0 4 -10.0 0 0 5.0 10.0 0 0 -5.0
970.0 829.0 4 -10.0 0 0 5.0 10.0 0 0 -5.0
1154.0 551.0 4 -10.0 0 0 5.0 10.0 0 0 -5.0
96.0 123.0 4 -10.0 0 0 5.0 10.0 0 0 -5.0
1037.0 587.0 4 -10.0 0 0 5.0 10.0 0 0 -5.0
1160.0 403.0 4 -10.0 0 0 5.0 10.0 0 0 -5.0
1025.0 521.0 4 -10.0 0 0 5.0 10.0 0 0 -5.0
1094.0 1064.0 4 -10.0 0 0 5.0 10.0 0 0 -5.0
788.0 600.0 4 -10.0 0 0 5.0 10.0 0 0 -5.0
821.0 331.0 4 -10.0 0 0 5.0 10.0 0 0 -5.0
953.0 358.0 4 -10.0 0 0 5.0 10.0 0 0 -5.0
924.0 816.0 4 -10.0 0 0 5.0 10.0 0 0 -5.0
47.0 88.0 4 -10.0 0 0 5.0 10.0 0 0 -5.0
731.0 541.0 4 -10.0 0 0 5.0 10.0 0 0 -5.0
773.0 324.0 4 -10.0 0 0 5.0 10.0 0 0 -5.0
725.0 712.0 4 -10.0 0 0 5.0 10.0 0 0 -5.0
713.0 246.0 4 -10.0 0 0 5.0 10.0 0 0 -5.0
653.0 453.0 4 -10.0 0 0 5.0 10.0 0 0 -5.0
774.0 421.0 4 -10.0 0 0 5.0 10.0 0 0 -5.0
1169.0 484.0 4 -10.0 0 0 5.0 10.0 0 0 -5.0
966.0 1175.0 4 -10.0 0 0 5.0 10.0 0 0 -5.0
1115.0 436.0 4 -10.0 0 0 5.0 10.0 0 0 -5.0
696.0 235.0 4 -10.0 0 0 5.0 10.0 0 0 -5.0
930.0 1050.0 4 -10.0 0 0 5.0 10.0 0 0 -5.0
878.0 688.0 4 -10.0 0 0 5.0 10.0 0 0 -5.0
714.0 539.0 4 -10.0 0 0 5.0 10.0 0 0 -5.0
905.0 635.0 4 -10.0 0 0 5.0 10.0 0 0 -5.0
451.0 693.0 4 -10.0 0 0 5.0 10.0 0 0 -5.0
460.0 785.0 4 -10.0 0 0 5.0 10.0 0 0 -5.0
783.0 329.0 4 -10.0 0 0 5.0 10.0 0 0 -5.0
883.0 681.0 4 -10.0 0 0 5.0 10.0 0 0 -5.0
74.0 119.0 4 -10.0 0 0 5.0 10.0 0 0 -5.0
1048.0 463.0 4 -10.0 0 0 5.0 10.0 0 0 -5.0
171.0 151.0 4 -10.0 0 0 5.0 10.0 0 0 -5.0
672.0 878.0 4 -10.0 0 0 5.0 10.0 0 0 -5.0
770.0 876.0 4 -10.0 0 0 5.0 10.0 0 0 -5.0
906.0 451.0 4 -10.0 0 0 5.0 10.0 0 0 -5.0
328.0 795.0 4 -10.0 0 0 5.0 10.0 0 0 -5.0
753.0 478.0 4 -10.0 0 0 5.0 10.0 0 0 -5.0
490.0 190.0 4 -10.0 0 0 5.0 10.0 0 0 -5.0
415.0 370.0 4 -10.0 0 0 5.0 10.0 0 0 -5.0
784.0 498.0 4 -10.0 0 0 5.0 10.0 0 0 -5.0
684.0 234.0 4 -10.0 0 0 5.0 10.0 0 0 -5.0
395.0 840.0 4 -10.0 0 0 5.0 10.0 0 0 -5.0
785.0 303.0 4 -10.0 0 0 5.0 10.0 0 0 -5.0
353.0 382.0 4 -10.0 0 0 5.0 10.0 0 0 -5.0
838.0 279.0 4 -10.0 0 0 5.0 10.0 0 0 -5.0
405.0 650.0 4 -10.0 0 0 5.0 10.0 0 0 -5.0
638.0 675.0 4 -10.0 0 0 5.0 10.0 0 0 -5.0
907.0 677.0 4 -10.0 0 0 5.0 10.0 0 0 -5.0
1120.0 1169.0 4 -10.0 0 0 5.0 10.0 0 0 -5.0
648.0 802.0 4 -10.0 0 0 5.0 10.0 0 0 -5.0
98.0 56.0 4 -10.0 0 0 5.0 10.0 0 0 -5.0
396.0 758.0 4 -10.0 0 0 5.0 10.0 0 0 -5.0
1026.0 817.0 4 -10.0 0 0 5.0 10.0 0 0 -5.0
1083.0 954.0 4 -10.0 0 0 5.0 10.0 0 0 -5.0
1084.0 966.0 4 -10.0 0 0 5.0 10.0 0 0 -5.0
644.0 527.0 4 -10.0 0 0 5.0 10.0 0 0 -5.0
1206.0 1067.0 4 -10.0 0 0 5.0 10.0 0 0 -5.0
461.0 825.0 4 -10.0 0 0 5.0 10.0 0 0 -5.0
677.0 321.0 4 -10.0 0 0 5.0 10.0 0 0 -5.0
355.0 833.0 4 -10.0 0 0 5.0 10.0 0 0 -5.0
1070.0 1042.0 4 -10.0 0 0 5.0 10.0 0 0 -5.0
1200.0 447.0 4 -10.0 0 0 5.0 10.0 0 0 -5.0
888.0 577.0 4 -10.0 0 0 5.0 10.0 0 0 -5.0
82.0 51.0 4 -10.0 0 0 5.0 10.0 0 0 -5.0
909.0 412.0 4 -10.0 0 0 5.0 10.0 0 0 -5.0
650.0 955.0 4 -10.0 0 0 5.0 10.0 0 0 -5.0
613.0 989.0 4 -10.0 0 0 5.0 10.0 0 0 -5.0
1191.0 436.0 4 -10.0 0 0 5.0 10.0 0 0 -5.0
539.0 288.0 4 -10.0 0 0 5.0 10.0 0 0 -5.0
714.0 525.0 4 -10.0 0 0 5.0 10.0 0 0 -5.0
455.0 207.0 4 -10.0 0 0 5.0 10.0 0 0 -5.0
1173.0 579.0 4 -10.0 0 0 5.0 10.0 0 0 -5.0
642.0 632.0 4 -10.0 0 0 5.0 10.0 0 0 -5.0
401.0 641.0 4 -10.0 0 0 5.0 10.0 0 0 -5.0
402.0 349.0 4 -10.0 0 0 5.0 10.0 0 0 -5.0
638.0 442.0 4 -10.0 0 0 5.0 10.0 0 0 -5.0
106.0 148.0 4 -10.0 0 0 5.0 10.0 0 0 -5.0
920.0 349.0 4 -10.0 0 0 5.0 10.0 0 0 -5.0
535.0 262.0 4 -10.0 0 0 5.0 10.0 0 0 -5.0
637.0 412.0 4 -10.0 0 0 5.0 10.0 0 0 -5.0
281.0 321.0 4 -10.0 0 0 5.0 10.0 0 0 -5.0
66.0 25.0 4 -10.0 0 0 5.0 10.0 0 0 -5.0
550.0 956.0 4 -10.0 0 0 5.0 10.0 0 0 -5.0
539.0 673.0 4 -10.0 0 0 5.0 10.0 0 0 -5.0
1127.0 535.0 4 -10.0 0 0 5.0 10.0 0 0 -5.0
530.0 368.0 4 -10.0 0 0 5.0 10.0 0 0 -5.0
1078.0 550.0 4 -10.0 0 0 5.0 10.0 0 0 -5.0
1083.0 1113.0 4 -10.0 0 0 5.0 10.0 0 0 -5.0
227.0 876.0 4 -10.0 0 0 5.0 10.0 0 0 -5.0
539.0 1125.0 4 -10.0 0 0 5.0 10.0 0 0 -5.0
380.0 717.0 4 -10.0 0 0 5.0 10.0 0 0 -5.0
106.0 50.0 4 -10.0 0 0 5.0 10.0 0 0 -5.0
926.0 366.0 4 -10.0 0 0 5.0 10.0 0 0 -5.0
1132.0 418.0 4 -10.0 0 0 5.0 10.0 0 0 -5.0
425.0 841.0 4 -10.0 0 0 5.0 10.0 0 0 -5.0
166.0 173.0 4 -10.0 0 0 5.0 10.0 0 0 -5.0
467.0 697.0 4 -10.0 0 0 5.0 10.0 0 0 -5.0
1186.0 539.0 4 -10.0 0 0 5.0 10.0 0 0 -5.0
1226.0 1111.0 4 -10.0 0 0 5.0 10.0 0 0 -5.0
457.0 260.0 4 -10.0 0 0 5.0 10.0 0 0 -5.0
316.0 291.0 4 -10.0 0 0 5.0 10.0 0 0 -5.0
617.0 442.0 4 -10.0 0 0 5.0 10.0 0 0 -5.0
229.0 892.0 4 -10.0 0 0 5.0 10.0 0 0 -5.0
1174.0 556.0 4 -10.0 0 0 5.0 10.0 0 0 -5.0
937.0 1096.0 4 -10.0 0 0 5.0 10.0 0 0 -5.0
994.0 1211.0 4 -10.0 0 0 5.0 10.0 0 0 -5.0
1090.0 1106.0 4 -10.0 0 0 5.0 10.0 0 0 -5.0
982.0 1124.0 4 -10.0 0 0 5.0 10.0 0 0 -5.0
1105.0 1148.0 4 -10.0 0 0 5.0 10.0 0 0 -5.0
1016.0 1060.0 4 -10.0 0 0 5.0 10.0 0 0 -5.0
324.0 315.0 4 -10.0 0 0 5.0 10.0 0 0 -5.0
781.0 486.0 4 -10.0 0 0 5.0 10.0 0 0 -5.0
949.0 1088.0 4 -10.0 0 0 5.0 10.0 0 0 -5.0
1112.0 1022.0 4 -10.0 0 0 5.0 10.0 0 0 -5.0
1072.0 1107.0 4 -10.0 0 0 5.0 10.0 0 0 -5.0
346.0 811.0 4 -10.0 0 0 5.0 10.0 0 0 -5.0
718.0 711.0 4 -10.0 0 0 5.0 10.0 0 0 -5.0
897.0 588.0 4 -10.0 0 0 5.0 10.0 0 0 -5.0
453.0 263.0 4 -10.0 0 0 5.0 10.0 0 0 -5.0
538.0 1142.0 4 -10.0 0 0 5.0 10.0 0 0 -5.0
1070.0 575.0 4 -10.0 0 0 5.0 10.0 0 0 -5.0
875.0 883.0 4 -10.0 0 0 5.0 10.0 0 0 -5.0
134.0 56.0 4 -10.0 0 0 5.0 10.0 0 0 -5.0
1228.0 539.0 4 -10.0 0 0 5.0 10.0 0 0 -5.0
839.0 334.0 4 -10.0 0 0 5.0 10.0 0 0 -5.0
399.0 680.0 4 -10.0 0 0 5.0 10.0 0 0 -5.0
795.0 469.0 4 -10.0 0 0 5.0 10.0 0 0 -5.0
911.0 1004.0 4 -10.0 0 0 5.0 10.0 0 0 -5.0
341.0 345.0 4 -10.0 0 0 5.0 10.0 0 0 -5.0
927.0 584.0 4 -10.0 0 0 5.0 10.0 0 0 -5.0
323.0 733.0 4 -10.0 0 0 5.0 10.0 0 0 -5.0
505.0 255.0 4 -10.0 0 0 5.0 10.0 0 0 -5.0
742.0 452.0 4 -10.0 0 0 5.0 10.0 0 0 -5.0
263.0 372.0 4 -10.0 0 0 5.0 10.0 0 0 -5.0
92.0 43.0 4 -10.0 0 0 5.0 10.0 0 0 -5.0
74.0 94.0 4 -10.0 0 0 5.0 10.0 0 0 -5.0
1115.0 1142.0 4 -10.0 0 0 5.0 10.0 0 0 -5.0
1047.0 979.0 4 -10.0 0 0 5.0 10.0 0 0 -5.0
964.0 657.0 4 -10.0 0 0 5.0 10.0 0 0 -5.0
829.0 665.0 4 -10.0 0 0 5.0 10.0 0 0 -5.0
399.0 239.0 4 -10.0 0 0 5.0 10.0 0 0 -5.0
614.0 647.0 4 -10.0 0 0 5.0 10.0 0 0 -5.0
510.0 739.0 4 -10.0 0 0 5.0 10.0 0 0 -5.0
250.0 869.0 4 -10.0 0 0 5.0 10.0 0 0 -5.0
305.0 786.0 4 -10.0 0 0 5.0 10.0 0 0 -5.0
696.0 825.0 4 -10.0 0 0 5.0 10.0 0 0 -5.0
329.0 776.0 4 -10.0 0 0 5.0 10.0 0 0 -5.0
1041.0 994.0 4 -10.0 0 0 5.0 10.0 0 0 -5.0
125.0 61.0 4 -10.0 0 0 5.0 10.0 0 0 -5.0
530.0 1167.0 4 -10.0 0 0 5.0 10.0 0 0 -5.0
514.0 288.0 4 -10.0 0 0 5.0 10.0 0 0 -5.0
703.0 773.0 4 -10.0 0 0 5.0 10.0 0 0 -5.0
456.0 818.0 4 -10.0 0 0 5.0 10.0 0 0 -5.0
409.0 679.0 4 -10.0 0 0 5.0 10.0 0 0 -5.0
824.0 557.0 4 -10.0 0 0 5.0 10.0 0 0 -5.0
913.0 340.0 4 -10.0 0 0 5.0 10.0 0 0 -5.0
849.0 644.0 4 -10.0 0 0 5.0 10.0 0 0 -5.0
409.0 408.0 4 -10.0 0 0 5.0 10.0 0 0 -5.0
1261.0 851.0 4 -10.0 0 0 5.0 10.0 0 0 -5.0
893.0 652.0 4 -10.0 0 0 5.0 10.0 0 0 -5.0
518.0 676.0 4 -10.0 0 0 5.0 10.0 0 0 -5.0
1057.0 813.0 4 -10.0 0 0 5.0 10.0 0 0 -5.0
304.0 738.0 4 -10.0 0 0 5.0 10.0 0 0 -5.0
486.0 498.0 4 -10.0 0 0 5.0 10.0 0 0 -5.0
1055.0 1034.0 4 -10.0 0 0 5.0 10.0 0 0 -5.0
1077.0 843.0 4 -10.0 0 0 5.0 10.0 0 0 -5.0
684.0 566.0 4 -10.0 0 0 5.0 10.0 0 0 -5.0
1197.0 469.0 4 -10.0 0 0 5.0 10.0 0 0 -5.0
1173.0 1076.0 4 -10.0 0 0 5.0 10.0 0 0 -5.0
687.0 305.0 4 -10.0 0 0 5.0 10.0 0 0 -5.0
194.0 220.0 4 -10.0 0 0 5.0 10.0 0 0 -5.0
143.0 88.0 4 -10.0 0 0 5.0 10.0 0 0 -5.0
343.0 304.0 4 -10.0 0 0 5.0 10.0 0 0 -5.0
1082.0 1135.0 4 -10.0 0 0 5.0 10.0 0 0 -5.0
886.0 377.0 4 -10.0 0 0 5.0 10.0 0 0 -5.0
751.0 445.0 4 -10.0 0 0 5.0 10.0 0 0 -5.0
493.0 259.0 4 -10.0 0 0 5.0 10.0 0 0 -5.0
272.0 237.0 4 -10.0 0 0 5.0 10.0 0 0 -5.0
950.0 1140.0 4 -10.0 0 0 5.0 10.0 0 0 -5.0
940.0 646.0 4 -10.0 0 0 5.0 10.0 0 0 -5.0
371.0 355.0 4 -10.0 0 0 5.0 10.0 0 0 -5.0
772.0 366.0 4 -10.0 0 0 5.0 10.0 0 0 -5.0
