1000
133.0 75.0 4 -10.0 0 0 5.0 10.0 0 0 -5.0
56.0 113.0 4 -10.0 0 0 5.0 10.0 0 0 -5.0
84.0 157.0 4 -10.0 0 0 5.0 10.0 0 0 -5.0
110.0 82.0 4 -10.0 0 0 5.0 10.0 0 0 -5.0
145.0 78.0 4 -10.0 0 0 5.0 10.0 0 0 -5.0
133.0 68.0 4 -10.0 0 0 5.0 10.0 0 0 -5.0
114.0 62.0 4 -10.0 0 0 5.0 10.0 0 0 -5.0
150.0 95.0 4 -10.0 0 0 5.0 10.0 0 0 -5.0
122.0 117.0 4 -10.0 0 0 5.0 10.0 0 0 -5.0
46.0 68.0 4 -10.0 0 0 5.0 10.0 0 0 -5.0
85.0 58.0 4 -10.0 0 0 5.0 10.0 0 0 -5.0
112.0 55.0 4 -10.0 0 0 5.0 10.0 0 0 -5.0
95.0 102.0 4 -10.0 0 0 5.0 10.0 0 0 -5.0
80.0 54.0 4 -10.0 0 0 5.0 10.0 0 0 -5.0
123.0 100.0 4 -10.0 0 0 5.0 10.0 0 0 -5.0
109.0 144.0 4 -10.0 0 0 5.0 10.0 0 0 -5.0
134.0 74.0 4 -10.0 0 0 5.0 10.0 0 0 -5.0
55.0 120.0 4 -10.0 0 0 5.0 10.0 0 0 -5.0
58.0 67.0 4 -10.0 0 0 5.0 10.0 0 0 -5.0
78.0 115.0 4 -10.0 0 0 5.0 10.0 0 0 -5.0
143.0 87.0 4 -10.0 0 0 5.0 10.0 0 0 -5.0
91.0 100.0 4 -10.0 0 0 5.0 10.0 0 0 -5.0
122.0 70.0 4 -10.0 0 0 5.0 10.0 0 0 -5.0
71.0 81.0 4 -10.0 0 0 5.0 10.0 0 0 -5.0
137.0 61.0 4 -10.0 0 0 5.0 10.0 0 0 -5.0
106.0 145.0 4 -10.0 0 0 5.0 10.0 0 0 -5.0
32.0 91.0 4 -10.0 0 0 5.0 10.0 0 0 -5.0
143.0 106.0 4 -10.0 0 0 5.0 10.0 0 0 -5.0
122.0 136.0 4 -10.0 0 0 5.0 10.0 0 0 -5.0
133.0 144.0 4 -10.0 0 0 5.0 10.0 0 0 -5.0
164.0 85.0 4 -10.0 0 0 5.0 10.0 0 0 -5.0
72.0 108.0 4 -10.0 0 0 5.0 10.0 0 0 -5.0
90.0 79.0 4 -10.0 0 0 5.0 10.0 0 0 -5.0
137.0 74.0 4 -10.0 0 0 5.0 10.0 0 0 -5.0
109.0 49.0 4 -10.0 0 0 5.0 10.0 0 0 -5.0
60.0 95.0 4 -10.0 0 0 5.0 10.0 0 0 -5.0
118.0 55.0 4 -10.0 0 0 5.0 10.0 0 0 -5.0
51.0 105.0 4 -10.0 0 0 5.0 10.0 0 0 -5.0
50.0 98.0 4 -10.0 0 0 5.0 10.0 0 0 -5.0
98.0 142.0 4 -10.0 0 0 5.0 10.0 0 0 -5.0
64.0 55.0 4 -10.0 0 0 5.0 10.0 0 0 -5.0
82.0 43.0 4 -10.0 0 0 5.0 10.0 0 0 -5.0
146.0 116.0 4 -10.0 0 0 5.0 10.0 0 0 -5.0
81.0 125.0 4 -10.0 0 0 5.0 10.0 0 0 -5.0
150.0 126.0 4 -10.0 0 0 5.0 10.0 0 0 -5.0
63.0 115.0 4 -10.0 0 0 5.0 10.0 0 0 -5.0
122.0 97.0 4 -10.0 0 0 5.0 10.0 0 0 -5.0
43.0 94.0 4 -10.0 0 0 5.0 10.0 0 0 -5.0
89.0 144.0 4 -10.0 0 0 5.0 10.0 0 0 -5.0
70.0 123.0 4 -10.0 0 0 5.0 10.0 0 0 -5.0
101.0 62.0 4 -10.0 0 0 5.0 10.0 0 0 -5.0
93.0 104.0 4 -10.0 0 0 5.0 10.0 0 0 -5.0
146.0 84.0 4 -10.0 0 0 5.0 10.0 0 0 -5.0
96.0 63.0 4 -10.0 0 0 5.0 10.0 0 0 -5.0
119.0 129.0 4 -10.0 0 0 5.0 10.0 0 0 -5.0
105.0 72.0 4 -10.0 0 0 5.0 10.0 0 0 -5.0
121.0 91.0 4 -10.0 0 0 5.0 10.0 0 0 -5.0
105.0 144.0 4 -10.0 0 0 5.0 10.0 0 0 -5.0
119.0 134.0 4 -10.0 0 0 5.0 10.0 0 0 -5.0
99.0 106.0 4 -10.0 0 0 5.0 10.0 0 0 -5.0
95.0 73.0 4 -10.0 0 0 5.0 10.0 0 0 -5.0
78.0 101.0 4 -10.0 0 0 5.0 10.0 0 0 -5.0
108.0 111.0 4 -10.0 0 0 5.0 10.0 0 0 -5.0
110.0 90.0 4 -10.0 0 0 5.0 10.0 0 0 -5.0
98.0 76.0 4 -10.0 0 0 5.0 10.0 0 0 -5.0
70.0 145.0 4 -10.0 0 0 5.0 10.0 0 0 -5.0
101.0 69.0 4 -10.0 0 0 5.0 10.0 0 0 -5.0
152.0 92.0 4 -10.0 0 0 5.0 10.0 0 0 -5.0
91.0 131.0 4 -10.0 0 0 5.0 10.0 0 0 -5.0
160.0 89.0 4 -10.0 0 0 5.0 10.0 0 0 -5.0
65.0 119.0 4 -10.0 0 0 5.0 10.0 0 0 -5.0
106.0 79.0 4 -10.0 0 0 5.0 10.0 0 0 -5.0
138.0 78.0 4 -10.0 0 0 5.0 10.0 0 0 -5.0
70.0 128.0 4 -10.0 0 0 5.0 10.0 0 0 -5.0
99.0 113.0 4 -10.0 0 0 5.0 10.0 0 0 -5.0
90.0 63.0 4 -10.0 0 0 5.0 10.0 0 0 -5.0
93.0 94.0 4 -10.0 0 0 5.0 10.0 0 0 -5.0
163.0 131.0 4 -10.0 0 0 5.0 10.0 0 0 -5.0
124.0 105.0 4 -10.0 0 0 5.0 10.0 0 0 -5.0
83.0 98.0 4 -10.0 0 0 5.0 10.0 0 0 -5.0
88.0 64.0 4 -10.0 0 0 5.0 10.0 0 0 -5.0
88.0 106.0 4 -10.0 0 0 5.0 10.0 0 0 -5.0
109.0 106.0 4 -10.0 0 0 5.0 10.0 0 0 -5.0
105.0 113.0 4 -10.0 0 0 5.0 10.0 0 0 -5.0
150.0 105.0 4 -10.0 0 0 5.0 10.0 0 0 -5.0
81.0 133.0 4 -10.0 0 0 5.0 10.0 0 0 -5.0
105.0 155.0 4 -10.0 0 0 5.0 10.0 0 0 -5.0
93.0 85.0 4 -10.0 0 0 5.0 10.0 0 0 -5.0
93.0 136.0 4 -10.0 0 0 5.0 10.0 0 0 -5.0
138.0 83.0 4 -10.0 0 0 5.0 10.0 0 0 -5.0
97.0 48.0 4 -10.0 0 0 5.0 10.0 0 0 -5.0
200.0 86.0 4 -10.0 0 0 5.0 10.0 0 0 -5.0
118.0 106.0 4 -10.0 0 0 5.0 10.0 0 0 -5.0
136.0 120.0 4 -10.0 0 0 5.0 10.0 0 0 -5.0
115.0 131.0 4 -10.0 0 0 5.0 10.0 0 0 -5.0
115.0 127.0 4 -10.0 0 0 5.0 10.0 0 0 -5.0
118.0 77.0 4 -10.0 0 0 5.0 10.0 0 0 -5.0
101.0 128.0 4 -10.0 0 0 5.0 10.0 0 0 -5.0
128.0 90.0 4 -10.0 0 0 5.0 10.0 0 0 -5.0
160.0 115.0 4 -10.0 0 0 5.0 10.0 0 0 -5.0
106.0 136.0 4 -10.0 0 0 5.0 10.0 0 0 -5.0
119.0 72.0 4 -10.0 0 0 5.0 10.0 0 0 -5.0
120.0 100.0 4 -10.0 0 0 5.0 10.0 0 0 -5.0
96.0 84.0 4 -10.0 0 0 5.0 10.0 0 0 -5.0
137.0 111.0 4 -10.0 0 0 5.0 10.0 0 0 -5.0
116.0 132.0 4 -10.0 0 0 5.0 10.0 0 0 -5.0
104.0 114.0 4 -10.0 0 0 5.0 10.0 0 0 -5.0
91.0 61.0 4 -10.0 0 0 5.0 10.0 0 0 -5.0
76.0 64.0 4 -10.0 0 0 5.0 10.0 0 0 -5.0
124.0 88.0 4 -10.0 0 0 5.0 10.0 0 0 -5.0
147.0 114.0 4 -10.0 0 0 5.0 10.0 0 0 -5.0
98.0 95.0 4 -10.0 0 0 5.0 10.0 0 0 -5.0
130.0 130.0 4 -10.0 0 0 5.0 10.0 0 0 -5.0
60.0 139.0 4 -10.0 0 0 5.0 10.0 0 0 -5.0
140.0 91.0 4 -10.0 0 0 5.0 10.0 0 0 -5.0
118.0 87.0 4 -10.0 0 0 5.0 10.0 0 0 -5.0
111.0 30.0 4 -10.0 0 0 5.0 10.0 0 0 -5.0
125.0 113.0 4 -10.0 0 0 5.0 10.0 0 0 -5.0
53.0 87.0 4 -10.0 0 0 5.0 10.0 0 0 -5.0
150.0 55.0 4 -10.0 0 0 5.0 10.0 0 0 -5.0
152.0 122.0 4 -10.0 0 0 5.0 10.0 0 0 -5.0
163.0 81.0 4 -10.0 0 0 5.0 10.0 0 0 -5.0
122.0 78.0 4 -10.0 0 0 5.0 10.0 0 0 -5.0
84.0 45.0 4 -10.0 0 0 5.0 10.0 0 0 -5.0
104.0 91.0 4 -10.0 0 0 5.0 10.0 0 0 -5.0
76.0 161.0 4 -10.0 0 0 5.0 10.0 0 0 -5.0
46.0 102.0 4 -10.0 0 0 5.0 10.0 0 0 -5.0
148.0 83.0 4 -10.0 0 0 5.0 10.0 0 0 -5.0
58.0 89.0 4 -10.0 0 0 5.0 10.0 0 0 -5.0
155.0 117.0 4 -10.0 0 0 5.0 10.0 0 0 -5.0
119.0 160.0 4 -10.0 0 0 5.0 10.0 0 0 -5.0
83.0 107.0 4 -10.0 0 0 5.0 10.0 0 0 -5.0
111.0 74.0 4 -10.0 0 0 5.0 10.0 0 0 -5.0
53.0 138.0 4 -10.0 0 0 5.0 10.0 0 0 -5.0
140.0 109.0 4 -10.0 0 0 5.0 10.0 0 0 -5.0
101.0 78.0 4 -10.0 0 0 5.0 10.0 0 0 -5.0
119.0 104.0 4 -10.0 0 0 5.0 10.0 0 0 -5.0
103.0 87.0 4 -10.0 0 0 5.0 10.0 0 0 -5.0
110.0 94.0 4 -10.0 0 0 5.0 10.0 0 0 -5.0
130.0 113.0 4 -10.0 0 0 5.0 10.0 0 0 -5.0
133.0 83.0 4 -10.0 0 0 5.0 10.0 0 0 -5.0
110.0 134.0 4 -10.0 0 0 5.0 10.0 0 0 -5.0
86.0 132.0 4 -10.0 0 0 5.0 10.0 0 0 -5.0
86.0 136.0 4 -10.0 0 0 5.0 10.0 0 0 -5.0
73.0 124.0 4 -10.0 0 0 5.0 10.0 0 0 -5.0
26.0 101.0 4 -10.0 0 0 5.0 10.0 0 0 -5.0
127.0 88.0 4 -10.0 0 0 5.0 10.0 0 0 -5.0
88.0 95.0 4 -10.0 0 0 5.0 10.0 0 0 -5.0
147.0 94.0 4 -10.0 0 0 5.0 10.0 0 0 -5.0
81.0 79.0 4 -10.0 0 0 5.0 10.0 0 0 -5.0
87.0 122.0 4 -10.0 0 0 5.0 10.0 0 0 -5.0
47.0 66.0 4 -10.0 0 0 5.0 10.0 0 0 -5.0
94.0 50.0 4 -10.0 0 0 5.0 10.0 0 0 -5.0
109.0 105.0 4 -10.0 0 0 5.0 10.0 0 0 -5.0
149.0 117.0 4 -10.0 0 0 5.0 10.0 0 0 -5.0
75.0 68.0 4 -10.0 0 0 5.0 10.0 0 0 -5.0
77.0 122.0 4 -10.0 0 0 5.0 10.0 0 0 -5.0
46.0 118.0 4 -10.0 0 0 5.0 10.0 0 0 -5.0
139.0 102.0 4 -10.0 0 0 5.0 10.0 0 0 -5.0
174.0 63.0 4 -10.0 0 0 5.0 10.0 0 0 -5.0
116.0 111.0 4 -10.0 0 0 5.0 10.0 0 0 -5.0
107.0 147.0 4 -10.0 0 0 5.0 10.0 0 0 -5.0
138.0 67.0 4 -10.0 0 0 5.0 10.0 0 0 -5.0
126.0 144.0 4 -10.0 0 0 5.0 10.0 0 0 -5.0
140.0 103.0 4 -10.0 0 0 5.0 10.0 0 0 -5.0
157.0 113.0 4 -10.0 0 0 5.0 10.0 0 0 -5.0
124.0 150.0 4 -10.0 0 0 5.0 10.0 0 0 -5.0
124.0 84.0 4 -10.0 0 0 5.0 10.0 0 0 -5.0
144.0 99.0 4 -10.0 0 0 5.0 10.0 0 0 -5.0
85.0 85.0 4 -10.0 0 0 5.0 10.0 0 0 -5.0
119.0 57.0 4 -10.0 0 0 5.0 10.0 0 0 -5.0
150.0 89.0 4 -10.0 0 0 5.0 10.0 0 0 -5.0
154.0 85.0 4 -10.0 0 0 5.0 10.0 0 0 -5.0
169.0 174.0 4 -10.0 0 0 5.0 10.0 0 0 -5.0
92.0 89.0 4 -10.0 0 0 5.0 10.0 0 0 -5.0
65.0 125.0 4 -10.0 0 0 5.0 10.0 0 0 -5.0
127.0 98.0 4 -10.0 0 0 5.0 10.0 0 0 -5.0
50.0 70.0 4 -10.0 0 0 5.0 10.0 0 0 -5.0
96.0 107.0 4 -10.0 0 0 5.0 10.0 0 0 -5.0
60.0 87.0 4 -10.0 0 0 5.0 10.0 0 0 -5.0
118.0 109.0 4 -10.0 0 0 5.0 10.0 0 0 -5.0
129.0 68.0 4 -10.0 0 0 5.0 10.0 0 0 -5.0
101.0 54.0 4 -10.0 0 0 5.0 10.0 0 0 -5.0
140.0 68.0 4 -10.0 0 0 5.0 10.0 0 0 -5.0
132.0 60.0 4 -10.0 0 0 5.0 10.0 0 0 -5.0
104.0 110.0 4 -10.0 0 0 5.0 10.0 0 0 -5.0
157.0 110.0 4 -10.0 0 0 5.0 10.0 0 0 -5.0
129.0 78.0 4 -10.0 0 0 5.0 10.0 0 0 -5.0
75.0 101.0 4 -10.0 0 0 5.0 10.0 0 0 -5.0
130.0 138.0 4 -10.0 0 0 5.0 10.0 0 0 -5.0
84.0 95.0 4 -10.0 0 0 5.0 10.0 0 0 -5.0
105.0 81.0 4 -10.0 0 0 5.0 10.0 0 0 -5.0
137.0 162.0 4 -10.0 0 0 5.0 10.0 0 0 -5.0
155.0 76.0 4 -10.0 0 0 5.0 10.0 0 0 -5.0
108.0 72.0 4 -10.0 0 0 5.0 10.0 0 0 -5.0
94.0 123.0 4 -10.0 0 0 5.0 10.0 0 0 -5.0
77.0 105.0 4 -10.0 0 0 5.0 10.0 0 0 -5.0
49.0 114.0 4 -10.0 0 0 5.0 10.0 0 0 -5.0
124.0 68.0 4 -10.0 0 0 5.0 10.0 0 0 -5.0
104.0 123.0 4 -10.0 0 0 5.0 10.0 0 0 -5.0
134.0 72.0 4 -10.0 0 0 5.0 10.0 0 0 -5.0
117.0 73.0 4 -10.0 0 0 5.0 10.0 0 0 -5.0
141.0 129.0 4 -10.0 0 0 5.0 10.0 0 0 -5.0
55.0 83.0 4 -10.0 0 0 5.0 10.0 0 0 -5.0
110.0 74.0 4 -10.0 0 0 5.0 10.0 0 0 -5.0
85.0 116.0 4 -10.0 0 0 5.0 10.0 0 0 -5.0
110.0 58.0 4 -10.0 0 0 5.0 10.0 0 0 -5.0
94.0 76.0 4 -10.0 0 0 5.0 10.0 0 0 -5.0
121.0 99.0 4 -10.0 0 0 5.0 10.0 0 0 -5.0
98.0 78.0 4 -10.0 0 0 5.0 10.0 0 0 -5.0
108.0 93.0 4 -10.0 0 0 5.0 10.0 0 0 -5.0
99.0 92.0 4 -10.0 0 0 5.0 10.0 0 0 -5.0
66.0 138.0 4 -10.0 0 0 5.0 10.0 0 0 -5.0
150.0 120.0 4 -10.0 0 0 5.0 10.0 0 0 -5.0
69.0 82.0 4 -10.0 0 0 5.0 10.0 0 0 -5.0
94.0 117.0 4 -10.0 0 0 5.0 10.0 0 0 -5.0
123.0 88.0 4 -10.0 0 0 5.0 10.0 0 0 -5.0
68.0 65.0 4 -10.0 0 0 5.0 10.0 0 0 -5.0
151.0 71.0 4 -10.0 0 0 5.0 10.0 0 0 -5.0
67.0 120.0 4 -10.0 0 0 5.0 10.0 0 0 -5.0
67.0 73.0 4 -10.0 0 0 5.0 10.0 0 0 -5.0
113.0 106.0 4 -10.0 0 0 5.0 10.0 0 0 -5.0
87.0 182.0 4 -10.0 0 0 5.0 10.0 0 0 -5.0
111.0 118.0 4 -10.0 0 0 5.0 10.0 0 0 -5.0
72.0 141.0 4 -10.0 0 0 5.0 10.0 0 0 -5.0
130.0 112.0 4 -10.0 0 0 5.0 10.0 0 0 -5.0
127.0 83.0 4 -10.0 0 0 5.0 10.0 0 0 -5.0
98.0 118.0 4 -10.0 0 0 5.0 10.0 0 0 -5.0
80.0 89.0 4 -10.0 0 0 5.0 10.0 0 0 -5.0
73.0 103.0 4 -10.0 0 0 5.0 10.0 0 0 -5.0
70.0 106.0 4 -10.0 0 0 5.0 10.0 0 0 -5.0
123.0 130.0 4 -10.0 0 0 5.0 10.0 0 0 -5.0
136.0 117.0 4 -10.0 0 0 5.0 10.0 0 0 -5.0
62.0 95.0 4 -10.0 0 0 5.0 10.0 0 0 -5.0
110.0 69.0 4 -10.0 0 0 5.0 10.0 0 0 -5.0
121.0 65.0 4 -10.0 0 0 5.0 10.0 0 0 -5.0
117.0 38.0 4 -10.0 0 0 5.0 10.0 0 0 -5.0
116.0 72.0 4 -10.0 0 0 5.0 10.0 0 0 -5.0
105.0 108.0 4 -10.0 0 0 5.0 10.0 0 0 -5.0
95.0 122.0 4 -10.0 0 0 5.0 10.0 0 0 -5.0
86.0 66.0 4 -10.0 0 0 5.0 10.0 0 0 -5.0
68.0 85.0 4 -10.0 0 0 5.0 10.0 0 0 -5.0
113.0 70.0 4 -10.0 0 0 5.0 10.0 0 0 -5.0
108.0 164.0 4 -10.0 0 0 5.0 10.0 0 0 -5.0
112.0 108.0 4 -10.0 0 0 5.0 10.0 0 0 -5.0
117.0 124.0 4 -10.0 0 0 5.0 10.0 0 0 -5.0
48.0 159.0 4 -10.0 0 0 5.0 10.0 0 0 -5.0
147.0 149.0 4 -10.0 0 0 5.0 10.0 0 0 -5.0
119.0 122.0 4 -10.0 0 0 5.0 10.0 0 0 -5.0
129.0 144.0 4 -10.0 0 0 5.0 10.0 0 0 -5.0
113.0 86.0 4 -10.0 0 0 5.0 10.0 0 0 -5.0
138.0 125.0 4 -10.0 0 0 5.0 10.0 0 0 -5.0
57.0 97.0 4 -10.0 0 0 5.0 10.0 0 0 -5.0
103.0 160.0 4 -10.0 0 0 5.0 10.0 0 0 -5.0
90.0 97.0 4 -10.0 0 0 5.0 10.0 0 0 -5.0
122.0 95.0 4 -10.0 0 0 5.0 10.0 0 0 -5.0
145.0 91.0 4 -10.0 0 0 5.0 10.0 0 0 -5.0
53.0 111.0 4 -10.0 0 0 5.0 10.0 0 0 -5.0
171.0 116.0 4 -10.0 0 0 5.0 10.0 0 0 -5.0
95.0 101.0 4 -10.0 0 0 5.0 10.0 0 0 -5.0
73.0 52.0 4 -10.0 0 0 5.0 10.0 0 0 -5.0
154.0 102.0 4 -10.0 0 0 5.0 10.0 0 0 -5.0
77.0 104.0 4 -10.0 0 0 5.0 10.0 0 0 -5.0
115.0 116.0 4 -10.0 0 0 5.0 10.0 0 0 -5.0
123.0 52.0 4 -10.0 0 0 5.0 10.0 0 0 -5.0
126.0 68.0 4 -10.0 0 0 5.0 10.0 0 0 -5.0
114.0 77.0 4 -10.0 0 0 5.0 10.0 0 0 -5.0
102.0 65.0 4 -10.0 0 0 5.0 10.0 0 0 -5.0
148.0 102.0 4 -10.0 0 0 5.0 10.0 0 0 -5.0
112.0 142.0 4 -10.0 0 0 5.0 10.0 0 0 -5.0
123.0 83.0 4 -10.0 0 0 5.0 10.0 0 0 -5.0
101.0 101.0 4 -10.0 0 0 5.0 10.0 0 0 -5.0
134.0 134.0 4 -10.0 0 0 5.0 10.0 0 0 -5.0
118.0 115.0 4 -10.0 0 0 5.0 10.0 0 0 -5.0
98.0 86.0 4 -10.0 0 0 5.0 10.0 0 0 -5.0
123.0 107.0 4 -10.0 0 0 5.0 10.0 0 0 -5.0
118.0 143.0 4 -10.0 0 0 5.0 10.0 0 0 -5.0
142.0 75.0 4 -10.0 0 0 5.0 10.0 0 0 -5.0
111.0 52.0 4 -10.0 0 0 5.0 10.0 0 0 -5.0
57.0 80.0 4 -10.0 0 0 5.0 10.0 0 0 -5.0
176.0 121.0 4 -10.0 0 0 5.0 10.0 0 0 -5.0
81.0 90.0 4 -10.0 0 0 5.0 10.0 0 0 -5.0
139.0 133.0 4 -10.0 0 0 5.0 10.0 0 0 -5.0
93.0 139.0 4 -10.0 0 0 5.0 10.0 0 0 -5.0
86.0 52.0 4 -10.0 0 0 5.0 10.0 0 0 -5.0
128.0 106.0 4 -10.0 0 0 5.0 10.0 0 0 -5.0
158.0 128.0 4 -10.0 0 0 5.0 10.0 0 0 -5.0
129.0 86.0 4 -10.0 0 0 5.0 10.0 0 0 -5.0
107.0 128.0 4 -10.0 0 0 5.0 10.0 0 0 -5.0
105.0 183.0 4 -10.0 0 0 5.0 10.0 0 0 -5.0
46.0 85.0 4 -10.0 0 0 5.0 10.0 0 0 -5.0
69.0 78.0 4 -10.0 0 0 5.0 10.0 0 0 -5.0
111.0 88.0 4 -10.0 0 0 5.0 10.0 0 0 -5.0
98.0 79.0 4 -10.0 0 0 5.0 10.0 0 0 -5.0
74.0 62.0 4 -10.0 0 0 5.0 10.0 0 0 -5.0
138.0 88.0 4 -10.0 0 0 5.0 10.0 0 0 -5.0
108.0 44.0 4 -10.0 0 0 5.0 10.0 0 0 -5.0
101.0 123.0 4 -10.0 0 0 5.0 10.0 0 0 -5.0
136.0 143.0 4 -10.0 0 0 5.0 10.0 0 0 -5.0
92.0 131.0 4 -10.0 0 0 5.0 10.0 0 0 -5.0
90.0 117.0 4 -10.0 0 0 5.0 10.0 0 0 -5.0
75.0 87.0 4 -10.0 0 0 5.0 10.0 0 0 -5.0
80.0 99.0 4 -10.0 0 0 5.0 10.0 0 0 -5.0
135.0 99.0 4 -10.0 0 0 5.0 10.0 0 0 -5.0
84.0 103.0 4 -10.0 0 0 5.0 10.0 0 0 -5.0
123.0 40.0 4 -10.0 0 0 5.0 10.0 0 0 -5.0
129.0 62.0 4 -10.0 0 0 5.0 10.0 0 0 -5.0
120.0 115.0 4 -10.0 0 0 5.0 10.0 0 0 -5.0
111.0 128.0 4 -10.0 0 0 5.0 10.0 0 0 -5.0
81.0 73.0 4 -10.0 0 0 5.0 10.0 0 0 -5.0
141.0 132.0 4 -10.0 0 0 5.0 10.0 0 0 -5.0
117.0 94.0 4 -10.0 0 0 5.0 10.0 0 0 -5.0
69.0 108.0 4 -10.0 0 0 5.0 10.0 0 0 -5.0
90.0 148.0 4 -10.0 0 0 5.0 10.0 0 0 -5.0
131.0 95.0 4 -10.0 0 0 5.0 10.0 0 0 -5.0
112.0 78.0 4 -10.0 0 0 5.0 10.0 0 0 -5.0
97.0 109.0 4 -10.0 0 0 5.0 10.0 0 0 -5.0
129.0 102.0 4 -10.0 0 0 5.0 10.0 0 0 -5.0
120.0 126.0 4 -10.0 0 0 5.0 10.0 0 0 -5.0
67.0 75.0 4 -10.0 0 0 5.0 10.0 0 0 -5.0
132.0 54.0 4 -10.0 0 0 5.0 10.0 0 0 -5.0
124.0 96.0 4 -10.0 0 0 5.0 10.0 0 0 -5.0
95.0 106.0 4 -10.0 0 0 5.0 10.0 0 0 -5.0
87.0 68.0 4 -10.0 0 0 5.0 10.0 0 0 -5.0
134.0 156.0 4 -10.0 0 0 5.0 10.0 0 0 -5.0
81.0 69.0 4 -10.0 0 0 5.0 10.0 0 0 -5.0
81.0 131.0 4 -10.0 0 0 5.0 10.0 0 0 -5.0
88.0 71.0 4 -10.0 0 0 5.0 10.0 0 0 -5.0
80.0 49.0 4 -10.0 0 0 5.0 10.0 0 0 -5.0
57.0 48.0 4 -10.0 0 0 5.0 10.0 0 0 -5.0
111.0 87.0 4 -10.0 0 0 5.0 10.0 0 0 -5.0
100.0 155.0 4 -10.0 0 0 5.0 10.0 0 0 -5.0
125.0 93.0 4 -10.0 0 0 5.0 10.0 0 0 -5.0
56.0 72.0 4 -10.0 0 0 5.0 10.0 0 0 -5.0
121.0 102.0 4 -10.0 0 0 5.0 10.0 0 0 -5.0
92.0 41.0 4 -10.0 0 0 5.0 10.0 0 0 -5.0
90.0 114.0 4 -10.0 0 0 5.0 10.0 0 0 -5.0
136.0 104.0 4 -10.0 0 0 5.0 10.0 0 0 -5.0
116.0 114.0 4 -10.0 0 0 5.0 10.0 0 0 -5.0
136.0 87.0 4 -10.0 0 0 5.0 10.0 0 0 -5.0
134.0 136.0 4 -10.0 0 0 5.0 10.0 0 0 -5.0
158.0 120.0 4 -10.0 0 0 5.0 10.0 0 0 -5.0
156.0 85.0 4 -10.0 0 0 5.0 10.0 0 0 -5.0
131.0 98.0 4 -10.0 0 0 5.0 10.0 0 0 -5.0
99.0 134.0 4 -10.0 0 0 5.0 10.0 0 0 -5.0
102.0 141.0 4 -10.0 0 0 5.0 10.0 0 0 -5.0
116.0 44.0 4 -10.0 0 0 5.0 10.0 0 0 -5.0
99.0 75.0 4 -10.0 0 0 5.0 10.0 0 0 -5.0
107.0 131.0 4 -10.0 0 0 5.0 10.0 0 0 -5.0
112.0 88.0 4 -10.0 0 0 5.0 10.0 0 0 -5.0
137.0 65.0 4 -10.0 0 0 5.0 10.0 0 0 -5.0
119.0 154.0 4 -10.0 0 0 5.0 10.0 0 0 -5.0
92.0 97.0 4 -10.0 0 0 5.0 10.0 0 0 -5.0
126.0 104.0 4 -10.0 0 0 5.0 10.0 0 0 -5.0
74.0 133.0 4 -10.0 0 0 5.0 10.0 0 0 -5.0
80.0 142.0 4 -10.0 0 0 5.0 10.0 0 0 -5.0
83.0 127.0 4 -10.0 0 0 5.0 10.0 0 0 -5.0
133.0 134.0 4 -10.0 0 0 5.0 10.0 0 0 -5.0
114.0 92.0 4 -10.0 0 0 5.0 10.0 0 0 -5.0
74.0 105.0 4 -10.0 0 0 5.0 10.0 0 0 -5.0
114.0 155.0 4 -10.0 0 0 5.0 10.0 0 0 -5.0
141.0 63.0 4 -10.0 0 0 5.0 10.0 0 0 -5.0
94.0 119.0 4 -10.0 0 0 5.0 10.0 0 0 -5.0
136.0 54.0 4 -10.0 0 0 5.0 10.0 0 0 -5.0
75.0 143.0 4 -10.0 0 0 5.0 10.0 0 0 -5.0
82.0 128.0 4 -10.0 0 0 5.0 10.0 0 0 -5.0
145.0 111.0 4 -10.0 0 0 5.0 10.0 0 0 -5.0
145.0 162.0 4 -10.0 0 0 5.0 10.0 0 0 -5.0
94.0 96.0 4 -10.0 0 0 5.0 10.0 0 0 -5.0
120.0 105.0 4 -10.0 0 0 5.0 10.0 0 0 -5.0
117.0 128.0 4 -10.0 0 0 5.0 10.0 0 0 -5.0
150.0 74.0 4 -10.0 0 0 5.0 10.0 0 0 -5.0
103.0 34.0 4 -10.0 0 0 5.0 10.0 0 0 -5.0
55.0 118.0 4 -10.0 0 0 5.0 10.0 0 0 -5.0
110.0 141.0 4 -10.0 0 0 5.0 10.0 0 0 -5.0
92.0 75.0 4 -10.0 0 0 5.0 10.0 0 0 -5.0
111.0 79.0 4 -10.0 0 0 5.0 10.0 0 0 -5.0
121.0 110.0 4 -10.0 0 0 5.0 10.0 0 0 -5.0
78.0 140.0 4 -10.0 0 0 5.0 10.0 0 0 -5.0
33.0 46.0 4 -10.0 0 0 5.0 10.0 0 0 -5.0
80.0 110.0 4 -10.0 0 0 5.0 10.0 0 0 -5.0
59.0 55.0 4 -10.0 0 0 5.0 10.0 0 0 -5.0
103.0 106.0 4 -10.0 0 0 5.0 10.0 0 0 -5.0
133.0 91.0 4 -10.0 0 0 5.0 10.0 0 0 -5.0
125.0 103.0 4 -10.0 0 0 5.0 10.0 0 0 -5.0
79.0 71.0 4 -10.0 0 0 5.0 10.0 0 0 -5.0
92.0 112.0 4 -10.0 0 0 5.0 10.0 0 0 -5.0
88.0 93.0 4 -10.0 0 0 5.0 10.0 0 0 -5.0
125.0 37.0 4 -10.0 0 0 5.0 10.0 0 0 -5.0
108.0 120.0 4 -10.0 0 0 5.0 10.0 0 0 -5.0
138.0 113.0 4 -10.0 0 0 5.0 10.0 0 0 -5.0
136.0 112.0 4 -10.0 0 0 5.0 10.0 0 0 -5.0
125.0 123.0 4 -10.0 0 0 5.0 10.0 0 0 -5.0
96.0 94.0 4 -10.0 0 0 5.0 10.0 0 0 -5.0
93.0 119.0 4 -10.0 0 0 5.0 10.0 0 0 -5.0
92.0 107.0 4 -10.0 0 0 5.0 10.0 0 0 -5.0
143.0 78.0 4 -10.0 0 0 5.0 10.0 0 0 -5.0
109.0 71.0 4 -10.0 0 0 5.0 10.0 0 0 -5.0
122.0 72.0 4 -10.0 0 0 5.0 10.0 0 0 -5.0
91.0 104.0 4 -10.0 0 0 5.0 10.0 0 0 -5.0
150.0 61.0 4 -10.0 0 0 5.0 10.0 0 0 -5.0
90.0 54.0 4 -10.0 0 0 5.0 10.0 0 0 -5.0
82.0 111.0 4 -10.0 0 0 5.0 10.0 0 0 -5.0
90.0 134.0 4 -10.0 0 0 5.0 10.0 0 0 -5.0
69.0 113.0 4 -10.0 0 0 5.0 10.0 0 0 -5.0
78.0 63.0 4 -10.0 0 0 5.0 10.0 0 0 -5.0
84.0 88.0 4 -10.0 0 0 5.0 10.0 0 0 -5.0
132.0 139.0 4 -10.0 0 0 5.0 10.0 0 0 -5.0
95.0 88.0 4 -10.0 0 0 5.0 10.0 0 0 -5.0
134.0 44.0 4 -10.0 0 0 5.0 10.0 0 0 -5.0
89.0 60.0 4 -10.0 0 0 5.0 10.0 0 0 -5.0
118.0 140.0 4 -10.0 0 0 5.0 10.0 0 0 -5.0
130.0 129.0 4 -10.0 0 0 5.0 10.0 0 0 -5.0
140.0 34.0 4 -10.0 0 0 5.0 10.0 0 0 -5.0
125.0 66.0 4 -10.0 0 0 5.0 10.0 0 0 -5.0
116.0 45.0 4 -10.0 0 0 5.0 10.0 0 0 -5.0
93.0 47.0 4 -10.0 0 0 5.0 10.0 0 0 -5.0
140.0 106.0 4 -10.0 0 0 5.0 10.0 0 0 -5.0
161.0 107.0 4 -10.0 0 0 5.0 10.0 0 0 -5.0
127.0 148.0 4 -10.0 0 0 5.0 10.0 0 0 -5.0
137.0 91.0 4 -10.0 0 0 5.0 10.0 0 0 -5.0
188.0 125.0 4 -10.0 0 0 5.0 10.0 0 0 -5.0
61.0 121.0 4 -10.0 0 0 5.0 10.0 0 0 -5.0
147.0 121.0 4 -10.0 0 0 5.0 10.0 0 0 -5.0
99.0 115.0 4 -10.0 0 0 5.0 10.0 0 0 -5.0
100.0 136.0 4 -10.0 0 0 5.0 10.0 0 0 -5.0
105.0 139.0 4 -10.0 0 0 5.0 10.0 0 0 -5.0
133.0 106.0 4 -10.0 0 0 5.0 10.0 0 0 -5.0
153.0 106.0 4 -10.0 0 0 5.0 10.0 0 0 -5.0
118.0 81.0 4 -10.0 0 0 5.0 10.0 0 0 -5.0
52.0 62.0 4 -10.0 0 0 5.0 10.0 0 0 -5.0
72.0 126.0 4 -10.0 0 0 5.0 10.0 0 0 -5.0
107.0 50.0 4 -10.0 0 0 5.0 10.0 0 0 -5.0
100.0 50.0 4 -10.0 0 0 5.0 10.0 0 0 -5.0
57.0 105.0 4 -10.0 0 0 5.0 10.0 0 0 -5.0
92.0 45.0 4 -10.0 0 0 5.0 10.0 0 0 -5.0
96.0 80.0 4 -10.0 0 0 5.0 10.0 0 0 -5.0
144.0 137.0 4 -10.0 0 0 5.0 10.0 0 0 -5.0
74.0 115.0 4 -10.0 0 0 5.0 10.0 0 0 -5.0
110.0 111.0 4 -10.0 0 0 5.0 10.0 0 0 -5.0
94.0 116.0 4 -10.0 0 0 5.0 10.0 0 0 -5.0
86.0 99.0 4 -10.0 0 0 5.0 10.0 0 0 -5.0
63.0 97.0 4 -10.0 0 0 5.0 10.0 0 0 -5.0
76.0 98.0 4 -10.0 0 0 5.0 10.0 0 0 -5.0
140.0 94.0 4 -10.0 0 0 5.0 10.0 0 0 -5.0
76.0 86.0 4 -10.0 0 0 5.0 10.0 0 0 -5.0
133.0 66.0 4 -10.0 0 0 5.0 10.0 0 0 -5.0
152.0 118.0 4 -10.0 0 0 5.0 10.0 0 0 -5.0
158.0 102.0 4 -10.0 0 0 5.0 10.0 0 0 -5.0
74.0 71.0 4 -10.0 0 0 5.0 10.0 0 0 -5.0
114.0 75.0 4 -10.0 0 0 5.0 10.0 0 0 -5.0
97.0 132.0 4 -10.0 0 0 5.0 10.0 0 0 -5.0
101.0 33.0 4 -10.0 0 0 5.0 10.0 0 0 -5.0
65.0 88.0 4 -10.0 0 0 5.0 10.0 0 0 -5.0
76.0 130.0 4 -10.0 0 0 5.0 10.0 0 0 -5.0
121.0 87.0 4 -10.0 0 0 5.0 10.0 0 0 -5.0
78.0 39.0 4 -10.0 0 0 5.0 10.0 0 0 -5.0
112.0 101.0 4 -10.0 0 0 5.0 10.0 0 0 -5.0
143.0 124.0 4 -10.0 0 0 5.0 10.0 0 0 -5.0
137.0 97.0 4 -10.0 0 0 5.0 10.0 0 0 -5.0
119.0 70.0 4 -10.0 0 0 5.0 10.0 0 0 -5.0
115.0 100.0 4 -10.0 0 0 5.0 10.0 0 0 -5.0
117.0 146.0 4 -10.0 0 0 5.0 10.0 0 0 -5.0
90.0 75.0 4 -10.0 0 0 5.0 10.0 0 0 -5.0
120.0 139.0 4 -10.0 0 0 5.0 10.0 0 0 -5.0
67.0 130.0 4 -10.0 0 0 5.0 10.0 0 0 -5.0
113.0 148.0 4 -10.0 0 0 5.0 10.0 0 0 -5.0
95.0 67.0 4 -10.0 0 0 5.0 10.0 0 0 -5.0
79.0 95.0 4 -10.0 0 0 5.0 10.0 0 0 -5.0
69.0 75.0 4 -10.0 0 0 5.0 10.0 0 0 -5.0
77.0 135.0 4 -10.0 0 0 5.0 10.0 0 0 -5.0
118.0 118.0 4 -10.0 0 0 5.0 10.0 0 0 -5.0
104.0 119.0 4 -10.0 0 0 5.0 10.0 0 0 -5.0
83.0 90.0 4 -10.0 0 0 5.0 10.0 0 0 -5.0
103.0 44.0 4 -10.0 0 0 5.0 10.0 0 0 -5.0
157.0 87.0 4 -10.0 0 0 5.0 10.0 0 0 -5.0
84.0 163.0 4 -10.0 0 0 5.0 10.0 0 0 -5.0
130.0 99.0 4 -10.0 0 0 5.0 10.0 0 0 -5.0
153.0 159.0 4 -10.0 0 0 5.0 10.0 0 0 -5.0
122.0 122.0 4 -10.0 0 0 5.0 10.0 0 0 -5.0
115.0 146.0 4 -10.0 0 0 5.0 10.0 0 0 -5.0
74.0 135.0 4 -10.0 0 0 5.0 10.0 0 0 -5.0
100.0 80.0 4 -10.0 0 0 5.0 10.0 0 0 -5.0
145.0 65.0 4 -10.0 0 0 5.0 10.0 0 0 -5.0
65.0 135.0 4 -10.0 0 0 5.0 10.0 0 0 -5.0
142.0 99.0 4 -10.0 0 0 5.0 10.0 0 0 -5.0
122.0 112.0 4 -10.0 0 0 5.0 10.0 0 0 -5.0
89.0 129.0 4 -10.0 0 0 5.0 10.0 0 0 -5.0
104.0 127.0 4 -10.0 0 0 5.0 10.0 0 0 -5.0
127.0 133.0 4 -10.0 0 0 5.0 10.0 0 0 -5.0
136.0 96.0 4 -10.0 0 0 5.0 10.0 0 0 -5.0
152.0 63.0 4 -10.0 0 0 5.0 10.0 0 0 -5.0
111.0 65.0 4 -10.0 0 0 5.0 10.0 0 0 -5.0
143.0 116.0 4 -10.0 0 0 5.0 10.0 0 0 -5.0
119.0 61.0 4 -10.0 0 0 5.0 10.0 0 0 -5.0
131.0 109.0 4 -10.0 0 0 5.0 10.0 0 0 -5.0
115.0 83.0 4 -10.0 0 0 5.0 10.0 0 0 -5.0
98.0 127.0 4 -10.0 0 0 5.0 10.0 0 0 -5.0
75.0 139.0 4 -10.0 0 0 5.0 10.0 0 0 -5.0
84.0 155.0 4 -10.0 0 0 5.0 10.0 0 0 -5.0
150.0 133.0 4 -10.0 0 0 5.0 10.0 0 0 -5.0
130.0 80.0 4 -10.0 0 0 5.0 10.0 0 0 -5.0
104.0 63.0 4 -10.0 0 0 5.0 10.0 0 0 -5.0
94.0 130.0 4 -10.0 0 0 5.0 10.0 0 0 -5.0
111.0 99.0 4 -10.0 0 0 5.0 10.0 0 0 -5.0
99.0 71.0 4 -10.0 0 0 5.0 10.0 0 0 -5.0
105.0 83.0 4 -10.0 0 0 5.0 10.0 0 0 -5.0
162.0 118.0 4 -10.0 0 0 5.0 10.0 0 0 -5.0
90.0 110.0 4 -10.0 0 0 5.0 10.0 0 0 -5.0
130.0 82.0 4 -10.0 0 0 5.0 10.0 0 0 -5.0
151.0 48.0 4 -10.0 0 0 5.0 10.0 0 0 -5.0
87.0 62.0 4 -10.0 0 0 5.0 10.0 0 0 -5.0
48.0 121.0 4 -10.0 0 0 5.0 10.0 0 0 -5.0
43.0 127.0 4 -10.0 0 0 5.0 10.0 0 0 -5.0
120.0 124.0 4 -10.0 0 0 5.0 10.0 0 0 -5.0
114.0 112.0 4 -10.0 0 0 5.0 10.0 0 0 -5.0
156.0 74.0 4 -10.0 0 0 5.0 10.0 0 0 -5.0
83.0 109.0 4 -10.0 0 0 5.0 10.0 0 0 -5.0
88.0 125.0 4 -10.0 0 0 5.0 10.0 0 0 -5.0
94.0 163.0 4 -10.0 0 0 5.0 10.0 0 0 -5.0
99.0 100.0 4 -10.0 0 0 5.0 10.0 0 0 -5.0
65.0 42.0 4 -10.0 0 0 5.0 10.0 0 0 -5.0
98.0 89.0 4 -10.0 0 0 5.0 10.0 0 0 -5.0
133.0 61.0 4 -10.0 0 0 5.0 10.0 0 0 -5.0
68.0 116.0 4 -10.0 0 0 5.0 10.0 0 0 -5.0
102.0 115.0 4 -10.0 0 0 5.0 10.0 0 0 -5.0
104.0 101.0 4 -10.0 0 0 5.0 10.0 0 0 -5.0
81.0 124.0 4 -10.0 0 0 5.0 10.0 0 0 -5.0
107.0 90.0 4 -10.0 0 0 5.0 10.0 0 0 -5.0
164.0 31.0 4 -10.0 0 0 5.0 10.0 0 0 -5.0
102.0 95.0 4 -10.0 0 0 5.0 10.0 0 0 -5.0
86.0 100.0 4 -10.0 0 0 5.0 10.0 0 0 -5.0
25.0 32.0 4 -10.0 0 0 5.0 10.0 0 0 -5.0
120.0 91.0 4 -10.0 0 0 5.0 10.0 0 0 -5.0
171.0 63.0 4 -10.0 0 0 5.0 10.0 0 0 -5.0
86.0 89.0 4 -10.0 0 0 5.0 10.0 0 0 -5.0
142.0 58.0 4 -10.0 0 0 5.0 10.0 0 0 -5.0
97.0 91.0 4 -10.0 0 0 5.0 10.0 0 0 -5.0
107.0 97.0 4 -10.0 0 0 5.0 10.0 0 0 -5.0
123.0 91.0 4 -10.0 0 0 5.0 10.0 0 0 -5.0
113.0 134.0 4 -10.0 0 0 5.0 10.0 0 0 -5.0
107.0 37.0 4 -10.0 0 0 5.0 10.0 0 0 -5.0
66.0 98.0 4 -10.0 0 0 5.0 10.0 0 0 -5.0
95.0 92.0 4 -10.0 0 0 5.0 10.0 0 0 -5.0
67.0 100.0 4 -10.0 0 0 5.0 10.0 0 0 -5.0
125.0 78.0 4 -10.0 0 0 5.0 10.0 0 0 -5.0
97.0 51.0 4 -10.0 0 0 5.0 10.0 0 0 -5.0
103.0 92.0 4 -10.0 0 0 5.0 10.0 0 0 -5.0
76.0 96.0 4 -10.0 0 0 5.0 10.0 0 0 -5.0
114.0 47.0 4 -10.0 0 0 5.0 10.0 0 0 -5.0
88.0 87.0 4 -10.0 0 0 5.0 10.0 0 0 -5.0
136.0 102.0 4 -10.0 0 0 5.0 10.0 0 0 -5.0
89.0 100.0 4 -10.0 0 0 5.0 10.0 0 0 -5.0
92.0 59.0 4 -10.0 0 0 5.0 10.0 0 0 -5.0
126.0 63.0 4 -10.0 0 0 5.0 10.0 0 0 -5.0
63.0 122.0 4 -10.0 0 0 5.0 10.0 0 0 -5.0
127.0 54.0 4 -10.0 0 0 5.0 10.0 0 0 -5.0
155.0 66.0 4 -10.0 0 0 5.0 10.0 0 0 -5.0
124.0 132.0 4 -10.0 0 0 5.0 10.0 0 0 -5.0
180.0 113.0 4 -10.0 0 0 5.0 10.0 0 0 -5.0
166.0 98.0 4 -10.0 0 0 5.0 10.0 0 0 -5.0
172.0 77.0 4 -10.0 0 0 5.0 10.0 0 0 -5.0
86.0 146.0 4 -10.0 0 0 5.0 10.0 0 0 -5.0
128.0 118.0 4 -10.0 0 0 5.0 10.0 0 0 -5.0
116.0 80.0 4 -10.0 0 0 5.0 10.0 0 0 -5.0
142.0 119.0 4 -10.0 0 0 5.0 10.0 0 0 -5.0
72.0 80.0 4 -10.0 0 0 5.0 10.0 0 0 -5.0
66.0 111.0 4 -10.0 0 0 5.0 10.0 0 0 -5.0
58.0 110.0 4 -10.0 0 0 5.0 10.0 0 0 -5.0
115.0 149.0 4 -10.0 0 0 5.0 10.0 0 0 -5.0
112.0 114.0 4 -10.0 0 0 5.0 10.0 0 0 -5.0
86.0 82.0 4 -10.0 0 0 5.0 10.0 0 0 -5.0
133.0 114.0 4 -10.0 0 0 5.0 10.0 0 0 -5.0
96.0 32.0 4 -10.0 0 0 5.0 10.0 0 0 -5.0
88.0 112.0 4 -10.0 0 0 5.0 10.0 0 0 -5.0
104.0 96.0 4 -10.0 0 0 5.0 10.0 0 0 -5.0
100.0 87.0 4 -10.0 0 0 5.0 10.0 0 0 -5.0
130.0 127.0 4 -10.0 0 0 5.0 10.0 0 0 -5.0
104.0 128.0 4 -10.0 0 0 5.0 10.0 0 0 -5.0
94.0 166.0 4 -10.0 0 0 5.0 10.0 0 0 -5.0
78.0 55.0 4 -10.0 0 0 5.0 10.0 0 0 -5.0
143.0 110.0 4 -10.0 0 0 5.0 10.0 0 0 -5.0
110.0 35.0 4 -10.0 0 0 5.0 10.0 0 0 -5.0
90.0 121.0 4 -10.0 0 0 5.0 10.0 0 0 -5.0
95.0 25.0 4 -10.0 0 0 5.0 10.0 0 0 -5.0
111.0 109.0 4 -10.0 0 0 5.0 10.0 0 0 -5.0
155.0 111.0 4 -10.0 0 0 5.0 10.0 0 0 -5.0
127.0 81.0 4 -10.0 0 0 5.0 10.0 0 0 -5.0
56.0 77.0 4 -10.0 0 0 5.0 10.0 0 0 -5.0
107.0 75.0 4 -10.0 0 0 5.0 10.0 0 0 -5.0
84.0 77.0 4 -10.0 0 0 5.0 10.0 0 0 -5.0
41.0 79.0 4 -10.0 0 0 5.0 10.0 0 0 -5.0
138.0 92.0 4 -10.0 0 0 5.0 10.0 0 0 -5.0
81.0 93.0 4 -10.0 0 0 5.0 10.0 0 0 -5.0
112.0 96.0 4 -10.0 0 0 5.0 10.0 0 0 -5.0
102.0 41.0 4 -10.0 0 0 5.0 10.0 0 0 -5.0
90.0 82.0 4 -10.0 0 0 5.0 10.0 0 0 -5.0
84.0 143.0 4 -10.0 0 0 5.0 10.0 0 0 -5.0
102.0 93.0 4 -10.0 0 0 5.0 10.0 0 0 -5.0
94.0 37.0 4 -10.0 0 0 5.0 10.0 0 0 -5.0
118.0 85.0 4 -10.0 0 0 5.0 10.0 0 0 -5.0
168.0 107.0 4 -10.0 0 0 5.0 10.0 0 0 -5.0
62.0 112.0 4 -10.0 0 0 5.0 10.0 0 0 -5.0
56.0 63.0 4 -10.0 0 0 5.0 10.0 0 0 -5.0
104.0 117.0 4 -10.0 0 0 5.0 10.0 0 0 -5.0
146.0 132.0 4 -10.0 0 0 5.0 10.0 0 0 -5.0
114.0 72.0 4 -10.0 0 0 5.0 10.0 0 0 -5.0
82.0 154.0 4 -10.0 0 0 5.0 10.0 0 0 -5.0
82.0 118.0 4 -10.0 0 0 5.0 10.0 0 0 -5.0
90.0 89.0 4 -10.0 0 0 5.0 10.0 0 0 -5.0
63.0 108.0 4 -10.0 0 0 5.0 10.0 0 0 -5.0
117.0 78.0 4 -10.0 0 0 5.0 10.0 0 0 -5.0
105.0 100.0 4 -10.0 0 0 5.0 10.0 0 0 -5.0
99.0 89.0 4 -10.0 0 0 5.0 10.0 0 0 -5.0
88.0 74.0 4 -10.0 0 0 5.0 10.0 0 0 -5.0
153.0 73.0 4 -10.0 0 0 5.0 10.0 0 0 -5.0
111.0 98.0 4 -10.0 0 0 5.0 10.0 0 0 -5.0
131.0 96.0 4 -10.0 0 0 5.0 10.0 0 0 -5.0
101.0 84.0 4 -10.0 0 0 5.0 10.0 0 0 -5.0
49.0 133.0 4 -10.0 0 0 5.0 10.0 0 0 -5.0
84.0 138.0 4 -10.0 0 0 5.0 10.0 0 0 -5.0
115.0 57.0 4 -10.0 0 0 5.0 10.0 0 0 -5.0
130.0 125.0 4 -10.0 0 0 5.0 10.0 0 0 -5.0
130.0 74.0 4 -10.0 0 0 5.0 10.0 0 0 -5.0
108.0 151.0 4 -10.0 0 0 5.0 10.0 0 0 -5.0
167.0 69.0 4 -10.0 0 0 5.0 10.0 0 0 -5.0
132.0 92.0 4 -10.0 0 0 5.0 10.0 0 0 -5.0
98.0 69.0 4 -10.0 0 0 5.0 10.0 0 0 -5.0
123.0 76.0 4 -10.0 0 0 5.0 10.0 0 0 -5.0
134.0 111.0 4 -10.0 0 0 5.0 10.0 0 0 -5.0
141.0 107.0 4 -10.0 0 0 5.0 10.0 0 0 -5.0
130.0 106.0 4 -10.0 0 0 5.0 10.0 0 0 -5.0
138.0 153.0 4 -10.0 0 0 5.0 10.0 0 0 -5.0
77.0 60.0 4 -10.0 0 0 5.0 10.0 0 0 -5.0
152.0 97.0 4 -10.0 0 0 5.0 10.0 0 0 -5.0
107.0 113.0 4 -10.0 0 0 5.0 10.0 0 0 -5.0
113.0 102.0 4 -10.0 0 0 5.0 10.0 0 0 -5.0
125.0 140.0 4 -10.0 0 0 5.0 10.0 0 0 -5.0
112.0 158.0 4 -10.0 0 0 5.0 10.0 0 0 -5.0
138.0 99.0 4 -10.0 0 0 5.0 10.0 0 0 -5.0
64.0 67.0 4 -10.0 0 0 5.0 10.0 0 0 -5.0
65.0 103.0 4 -10.0 0 0 5.0 10.0 0 0 -5.0
62.0 85.0 4 -10.0 0 0 5.0 10.0 0 0 -5.0
117.0 171.0 4 -10.0 0 0 5.0 10.0 0 0 -5.0
99.0 62.0 4 -10.0 0 0 5.0 10.0 0 0 -5.0
136.0 61.0 4 -10.0 0 0 5.0 10.0 0 0 -5.0
129.0 58.0 4 -10.0 0 0 5.0 10.0 0 0 -5.0
79.0 198.0 4 -10.0 0 0 5.0 10.0 0 0 -5.0
138.0 86.0 4 -10.0 0 0 5.0 10.0 0 0 -5.0
65.0 85.0 4 -10.0 0 0 5.0 10.0 0 0 -5.0
125.0 156.0 4 -10.0 0 0 5.0 10.0 0 0 -5.0
125.0 129.0 4 -10.0 0 0 5.0 10.0 0 0 -5.0
151.0 63.0 4 -10.0 0 0 5.0 10.0 0 0 -5.0
86.0 105.0 4 -10.0 0 0 5.0 10.0 0 0 -5.0
106.0 60.0 4 -10.0 0 0 5.0 10.0 0 0 -5.0
135.0 137.0 4 -10.0 0 0 5.0 10.0 0 0 -5.0
110.0 61.0 4 -10.0 0 0 5.0 10.0 0 0 -5.0
132.0 87.0 4 -10.0 0 0 5.0 10.0 0 0 -5.0
92.0 124.0 4 -10.0 0 0 5.0 10.0 0 0 -5.0
112.0 165.0 4 -10.0 0 0 5.0 10.0 0 0 -5.0
99.0 120.0 4 -10.0 0 0 5.0 10.0 0 0 -5.0
108.0 86.0 4 -10.0 0 0 5.0 10.0 0 0 -5.0
138.0 112.0 4 -10.0 0 0 5.0 10.0 0 0 -5.0
60.0 80.0 4 -10.0 0 0 5.0 10.0 0 0 -5.0
84.0 92.0 4 -10.0 0 0 5.0 10.0 0 0 -5.0
139.0 75.0 4 -10.0 0 0 5.0 10.0 0 0 -5.0
107.0 94.0 4 -10.0 0 0 5.0 10.0 0 0 -5.0
81.0 71.0 4 -10.0 0 0 5.0 10.0 0 0 -5.0
92.0 120.0 4 -10.0 0 0 5.0 10.0 0 0 -5.0
53.0 92.0 4 -10.0 0 0 5.0 10.0 0 0 -5.0
113.0 118.0 4 -10.0 0 0 5.0 10.0 0 0 -5.0
150.0 90.0 4 -10.0 0 0 5.0 10.0 0 0 -5.0
84.0 122.0 4 -10.0 0 0 5.0 10.0 0 0 -5.0
149.0 71.0 4 -10.0 0 0 5.0 10.0 0 0 -5.0
61.0 70.0 4 -10.0 0 0 5.0 10.0 0 0 -5.0
82.0 84.0 4 -10.0 0 0 5.0 10.0 0 0 -5.0
124.0 112.0 4 -10.0 0 0 5.0 10.0 0 0 -5.0
113.0 104.0 4 -10.0 0 0 5.0 10.0 0 0 -5.0
102.0 102.0 4 -10.0 0 0 5.0 10.0 0 0 -5.0
107.0 68.0 4 -10.0 0 0 5.0 10.0 0 0 -5.0
131.0 119.0 4 -10.0 0 0 5.0 10.0 0 0 -5.0
114.0 60.0 4 -10.0 0 0 5.0 10.0 0 0 -5.0
100.0 55.0 4 -10.0 0 0 5.0 10.0 0 0 -5.0
139.0 129.0 4 -10.0 0 0 5.0 10.0 0 0 -5.0
102.0 138.0 4 -10.0 0 0 5.0 10.0 0 0 -5.0
106.0 87.0 4 -10.0 0 0 5.0 10.0 0 0 -5.0
97.0 111.0 4 -10.0 0 0 5.0 10.0 0 0 -5.0
111.0 93.0 4 -10.0 0 0 5.0 10.0 0 0 -5.0
142.0 94.0 4 -10.0 0 0 5.0 10.0 0 0 -5.0
130.0 92.0 4 -10.0 0 0 5.0 10.0 0 0 -5.0
105.0 122.0 4 -10.0 0 0 5.0 10.0 0 0 -5.0
137.0 122.0 4 -10.0 0 0 5.0 10.0 0 0 -5.0
91.0 117.0 4 -10.0 0 0 5.0 10.0 0 0 -5.0
99.0 127.0 4 -10.0 0 0 5.0 10.0 0 0 -5.0
89.0 65.0 4 -10.0 0 0 5.0 10.0 0 0 -5.0
96.0 72.0 4 -10.0 0 0 5.0 10.0 0 0 -5.0
60.0 91.0 4 -10.0 0 0 5.0 10.0 0 0 -5.0
75.0 89.0 4 -10.0 0 0 5.0 10.0 0 0 -5.0
117.0 100.0 4 -10.0 0 0 5.0 10.0 0 0 -5.0
69.0 140.0 4 -10.0 0 0 5.0 10.0 0 0 -5.0
90.0 126.0 4 -10.0 0 0 5.0 10.0 0 0 -5.0
122.0 61.0 4 -10.0 0 0 5.0 10.0 0 0 -5.0
136.0 86.0 4 -10.0 0 0 5.0 10.0 0 0 -5.0
76.0 76.0 4 -10.0 0 0 5.0 10.0 0 0 -5.0
118.0 97.0 4 -10.0 0 0 5.0 10.0 0 0 -5.0
108.0 118.0 4 -10.0 0 0 5.0 10.0 0 0 -5.0
134.0 57.0 4 -10.0 0 0 5.0 10.0 0 0 -5.0
76.0 52.0 4 -10.0 0 0 5.0 10.0 0 0 -5.0
49.0 90.0 4 -10.0 0 0 5.0 10.0 0 0 -5.0
115.0 86.0 4 -10.0 0 0 5.0 10.0 0 0 -5.0
120.0 118.0 4 -10.0 0 0 5.0 10.0 0 0 -5.0
158.0 57.0 4 -10.0 0 0 5.0 10.0 0 0 -5.0
118.0 163.0 4 -10.0 0 0 5.0 10.0 0 0 -5.0
126.0 117.0 4 -10.0 0 0 5.0 10.0 0 0 -5.0
145.0 153.0 4 -10.0 0 0 5.0 10.0 0 0 -5.0
148.0 109.0 4 -10.0 0 0 5.0 10.0 0 0 -5.0
145.0 138.0 4 -10.0 0 0 5.0 10.0 0 0 -5.0
68.0 97.0 4 -10.0 0 0 5.0 10.0 0 0 -5.0
105.0 53.0 4 -10.0 0 0 5.0 10.0 0 0 -5.0
166.0 79.0 4 -10.0 0 0 5.0 10.0 0 0 -5.0
86.0 63.0 4 -10.0 0 0 5.0 10.0 0 0 -5.0
125.0 72.0 4 -10.0 0 0 5.0 10.0 0 0 -5.0
147.0 98.0 4 -10.0 0 0 5.0 10.0 0 0 -5.0
141.0 139.0 4 -10.0 0 0 5.0 10.0 0 0 -5.0
66.0 114.0 4 -10.0 0 0 5.0 10.0 0 0 -5.0
154.0 69.0 4 -10.0 0 0 5.0 10.0 0 0 -5.0
81.0 83.0 4 -10.0 0 0 5.0 10.0 0 0 -5.0
128.0 69.0 4 -10.0 0 0 5.0 10.0 0 0 -5.0
85.0 76.0 4 -10.0 0 0 5.0 10.0 0 0 -5.0
189.0 84.0 4 -10.0 0 0 5.0 10.0 0 0 -5.0
100.0 133.0 4 -10.0 0 0 5.0 10.0 0 0 -5.0
128.0 125.0 4 -10.0 0 0 5.0 10.0 0 0 -5.0
162.0 91.0 4 -10.0 0 0 5.0 10.0 0 0 -5.0
127.0 94.0 4 -10.0 0 0 5.0 10.0 0 0 -5.0
143.0 53.0 4 -10.0 0 0 5.0 10.0 0 0 -5.0
84.0 111.0 4 -10.0 0 0 5.0 10.0 0 0 -5.0
59.0 126.0 4 -10.0 0 0 5.0 10.0 0 0 -5.0
90.0 141.0 4 -10.0 0 0 5.0 10.0 0 0 -5.0
93.0 83.0 4 -10.0 0 0 5.0 10.0 0 0 -5.0
121.0 48.0 4 -10.0 0 0 5.0 10.0 0 0 -5.0
105.0 89.0 4 -10.0 0 0 5.0 10.0 0 0 -5.0
93.0 91.0 4 -10.0 0 0 5.0 10.0 0 0 -5.0
114.0 84.0 4 -10.0 0 0 5.0 10.0 0 0 -5.0
85.0 118.0 4 -10.0 0 0 5.0 10.0 0 0 -5.0
71.0 84.0 4 -10.0 0 0 5.0 10.0 0 0 -5.0
74.0 76.0 4 -10.0 0 0 5.0 10.0 0 0 -5.0
103.0 134.0 4 -10.0 0 0 5.0 10.0 0 0 -5.0
138.0 159.0 4 -10.0 0 0 5.0 10.0 0 0 -5.0
116.0 59.0 4 -10.0 0 0 5.0 10.0 0 0 -5.0
118.0 93.0 4 -10.0 0 0 5.0 10.0 0 0 -5.0
110.0 62.0 4 -10.0 0 0 5.0 10.0 0 0 -5.0
153.0 135.0 4 -10.0 0 0 5.0 10.0 0 0 -5.0
75.0 112.0 4 -10.0 0 0 5.0 10.0 0 0 -5.0
97.0 137.0 4 -10.0 0 0 5.0 10.0 0 0 -5.0
111.0 112.0 4 -10.0 0 0 5.0 10.0 0 0 -5.0
107.0 96.0 4 -10.0 0 0 5.0 10.0 0 0 -5.0
126.0 88.0 4 -10.0 0 0 5.0 10.0 0 0 -5.0
131.0 57.0 4 -10.0 0 0 5.0 10.0 0 0 -5.0
121.0 106.0 4 -10.0 0 0 5.0 10.0 0 0 -5.0
69.0 71.0 4 -10.0 0 0 5.0 10.0 0 0 -5.0
123.0 133.0 4 -10.0 0 0 5.0 10.0 0 0 -5.0
72.0 113.0 4 -10.0 0 0 5.0 10.0 0 0 -5.0
164.0 99.0 4 -10.0 0 0 5.0 10.0 0 0 -5.0
123.0 116.0 4 -10.0 0 0 5.0 10.0 0 0 -5.0
139.0 48.0 4 -10.0 0 0 5.0 10.0 0 0 -5.0
136.0 130.0 4 -10.0 0 0 5.0 10.0 0 0 -5.0
116.0 71.0 4 -10.0 0 0 5.0 10.0 0 0 -5.0
105.0 110.0 4 -10.0 0 0 5.0 10.0 0 0 -5.0
158.0 138.0 4 -10.0 0 0 5.0 10.0 0 0 -5.0
103.0 82.0 4 -10.0 0 0 5.0 10.0 0 0 -5.0
115.0 52.0 4 -10.0 0 0 5.0 10.0 0 0 -5.0
114.0 90.0 4 -10.0 0 0 5.0 10.0 0 0 -5.0
98.0 104.0 4 -10.0 0 0 5.0 10.0 0 0 -5.0
91.0 162.0 4 -10.0 0 0 5.0 10.0 0 0 -5.0
109.0 83.0 4 -10.0 0 0 5.0 10.0 0 0 -5.0
150.0 111.0 4 -10.0 0 0 5.0 10.0 0 0 -5.0
111.0 82.0 4 -10.0 0 0 5.0 10.0 0 0 -5.0
139.0 117.0 4 -10.0 0 0 5.0 10.0 0 0 -5.0
159.0 82.0 4 -10.0 0 0 5.0 10.0 0 0 -5.0
83.0 63.0 4 -10.0 0 0 5.0 10.0 0 0 -5.0
78.0 119.0 4 -10.0 0 0 5.0 10.0 0 0 -5.0
124.0 125.0 4 -10.0 0 0 5.0 10.0 0 0 -5.0
86.0 126.0 4 -10.0 0 0 5.0 10.0 0 0 -5.0
104.0 77.0 4 -10.0 0 0 5.0 10.0 0 0 -5.0
118.0 90.0 4 -10.0 0 0 5.0 10.0 0 0 -5.0
92.0 58.0 4 -10.0 0 0 5.0 10.0 0 0 -5.0
128.0 45.0 4 -10.0 0 0 5.0 10.0 0 0 -5.0
74.0 98.0 4 -10.0 0 0 5.0 10.0 0 0 -5.0
175.0 77.0 4 -10.0 0 0 5.0 10.0 0 0 -5.0
78.0 110.0 4 -10.0 0 0 5.0 10.0 0 0 -5.0
110.0 121.0 4 -10.0 0 0 5.0 10.0 0 0 -5.0
147.0 92.0 4 -10.0 0 0 5.0 10.0 0 0 -5.0
86.0 84.0 4 -10.0 0 0 5.0 10.0 0 0 -5.0
169.0 111.0 4 -10.0 0 0 5.0 10.0 0 0 -5.0
113.0 74.0 4 -10.0 0 0 5.0 10.0 0 0 -5.0
104.0 68.0 4 -10.0 0 0 5.0 10.0 0 0 -5.0
53.0 100.0 4 -10.0 0 0 5.0 10.0 0 0 -5.0
109.0 123.0 4 -10.0 0 0 5.0 10.0 0 0 -5.0
134.0 101.0 4 -10.0 0 0 5.0 10.0 0 0 -5.0
72.0 72.0 4 -10.0 0 0 5.0 10.0 0 0 -5.0
86.0 120.0 4 -10.0 0 0 5.0 10.0 0 0 -5.0
120.0 82.0 4 -10.0 0 0 5.0 10.0 0 0 -5.0
35.0 58.0 4 -10.0 0 0 5.0 10.0 0 0 -5.0
127.0 56.0 4 -10.0 0 0 5.0 10.0 0 0 -5.0
96.0 44.0 4 -10.0 0 0 5.0 10.0 0 0 -5.0
144.0 27.0 4 -10.0 0 0 5.0 10.0 0 0 -5.0
130.0 122.0 4 -10.0 0 0 5.0 10.0 0 0 -5.0
125.0 58.0 4 -10.0 0 0 5.0 10.0 0 0 -5.0
78.0 74.0 4 -10.0 0 0 5.0 10.0 0 0 -5.0
76.0 125.0 4 -10.0 0 0 5.0 10.0 0 0 -5.0
82.0 106.0 4 -10.0 0 0 5.0 10.0 0 0 -5.0
144.0 129.0 4 -10.0 0 0 5.0 10.0 0 0 -5.0
79.0 106.0 4 -10.0 0 0 5.0 10.0 0 0 -5.0
78.0 96.0 4 -10.0 0 0 5.0 10.0 0 0 -5.0
114.0 88.0 4 -10.0 0 0 5.0 10.0 0 0 -5.0
52.0 95.0 4 -10.0 0 0 5.0 10.0 0 0 -5.0
77.0 78.0 4 -10.0 0 0 5.0 10.0 0 0 -5.0
118.0 122.0 4 -10.0 0 0 5.0 10.0 0 0 -5.0
107.0 64.0 4 -10.0 0 0 5.0 10.0 0 0 -5.0
126.0 100.0 4 -10.0 0 0 5.0 10.0 0 0 -5.0
52.0 83.0 4 -10.0 0 0 5.0 10.0 0 0 -5.0
85.0 87.0 4 -10.0 0 0 5.0 10.0 0 0 -5.0
102.0 97.0 4 -10.0 0 0 5.0 10.0 0 0 -5.0
88.0 79.0 4 -10.0 0 0 5.0 10.0 0 0 -5.0
118.0 84.0 4 -10.0 0 0 5.0 10.0 0 0 -5.0
88.0 102.0 4 -10.0 0 0 5.0 10.0 0 0 -5.0
113.0 56.0 4 -10.0 0 0 5.0 10.0 0 0 -5.0
56.0 125.0 4 -10.0 0 0 5.0 10.0 0 0 -5.0
74.0 90.0 4 -10.0 0 0 5.0 10.0 0 0 -5.0
82.0 85.0 4 -10.0 0 0 5.0 10.0 0 0 -5.0
46.0 89.0 4 -10.0 0 0 5.0 10.0 0 0 -5.0
113.0 94.0 4 -10.0 0 0 5.0 10.0 0 0 -5.0
61.0 73.0 4 -10.0 0 0 5.0 10.0 0 0 -5.0
148.0 163.0 4 -10.0 0 0 5.0 10.0 0 0 -5.0
112.0 116.0 4 -10.0 0 0 5.0 10.0 0 0 -5.0
89.0 44.0 4 -10.0 0 0 5.0 10.0 0 0 -5.0
81.0 58.0 4 -10.0 0 0 5.0 10.0 0 0 -5.0
88.0 30.0 4 -10.0 0 0 5.0 10.0 0 0 -5.0
65.0 74.0 4 -10.0 0 0 5.0 10.0 0 0 -5.0
98.0 82.0 4 -10.0 0 0 5.0 10.0 0 0 -5.0
110.0 116.0 4 -10.0 0 0 5.0 10.0 0 0 -5.0
129.0 71.0 4 -10.0 0 0 5.0 10.0 0 0 -5.0
110.0 131.0 4 -10.0 0 0 5.0 10.0 0 0 -5.0
150.0 81.0 4 -10.0 0 0 5.0 10.0 0 0 -5.0
154.0 87.0 4 -10.0 0 0 5.0 10.0 0 0 -5.0
106.0 73.0 4 -10.0 0 0 5.0 10.0 0 0 -5.0
129.0 117.0 4 -10.0 0 0 5.0 10.0 0 0 -5.0
65.0 123.0 4 -10.0 0 0 5.0 10.0 0 0 -5.0
92.0 73.0 4 -10.0 0 0 5.0 10.0 0 0 -5.0
135.0 78.0 4 -10.0 0 0 5.0 10.0 0 0 -5.0
123.0 30.0 4 -10.0 0 0 5.0 10.0 0 0 -5.0
146.0 117.0 4 -10.0 0 0 5.0 10.0 0 0 -5.0
121.0 115.0 4 -10.0 0 0 5.0 10.0 0 0 -5.0
132.0 100.0 4 -10.0 0 0 5.0 10.0 0 0 -5.0
84.0 83.0 4 -10.0 0 0 5.0 10.0 0 0 -5.0
73.0 118.0 4 -10.0 0 0 5.0 10.0 0 0 -5.0
106.0 123.0 4 -10.0 0 0 5.0 10.0 0 0 -5.0
81.0 87.0 4 -10.0 0 0 5.0 10.0 0 0 -5.0
96.0 98.0 4 -10.0 0 0 5.0 10.0 0 0 -5.0
81.0 130.0 4 -10.0 0 0 5.0 10.0 0 0 -5.0
147.0 104.0 4 -10.0 0 0 5.0 10.0 0 0 -5.0
79.0 80.0 4 -10.0 0 0 5.0 10.0 0 0 -5.0
143.0 114.0 4 -10.0 0 0 5.0 10.0 0 0 -5.0
96.0 125.0 4 -10.0 0 0 5.0 10.0 0 0 -5.0
164.0 90.0 4 -10.0 0 0 5.0 10.0 0 0 -5.0
117.0 107.0 4 -10.0 0 0 5.0 10.0 0 0 -5.0
64.0 101.0 4 -10.0 0 0 5.0 10.0 0 0 -5.0
59.0 134.0 4 -10.0 0 0 5.0 10.0 0 0 -5.0
63.0 99.0 4 -10.0 0 0 5.0 10.0 0 0 -5.0
115.0 122.0 4 -10.0 0 0 5.0 10.0 0 0 -5.0
145.0 121.0 4 -10.0 0 0 5.0 10.0 0 0 -5.0
93.0 61.0 4 -10.0 0 0 5.0 10.0 0 0 -5.0
88.0 49.0 4 -10.0 0 0 5.0 10.0 0 0 -5.0
135.0 47.0 4 -10.0 0 0 5.0 10.0 0 0 -5.0
117.0 63.0 4 -10.0 0 0 5.0 10.0 0 0 -5.0
96.0 135.0 4 -10.0 0 0 5.0 10.0 0 0 -5.0
133.0 121.0 4 -10.0 0 0 5.0 10.0 0 0 -5.0
144.0 97.0 4 -10.0 0 0 5.0 10.0 0 0 -5.0
103.0 112.0 4 -10.0 0 0 5.0 10.0 0 0 -5.0
95.0 111.0 4 -10.0 0 0 5.0 10.0 0 0 -5.0
52.0 115.0 4 -10.0 0 0 5.0 10.0 0 0 -5.0
91.0 70.0 4 -10.0 0 0 5.0 10.0 0 0 -5.0
120.0 94.0 4 -10.0 0 0 5.0 10.0 0 0 -5.0
98.0 125.0 4 -10.0 0 0 5.0 10.0 0 0 -5.0
86.0 128.0 4 -10.0 0 0 5.0 10.0 0 0 -5.0
117.0 69.0 4 -10.0 0 0 5.0 10.0 0 0 -5.0
106.0 55.0 4 -10.0 0 0 5.0 10.0 0 0 -5.0
128.0 152.0 4 -10.0 0 0 5.0 10.0 0 0 -5.0
139.0 73.0 4 -10.0 0 0 5.0 10.0 0 0 -5.0
147.0 125.0 4 -10.0 0 0 5.0 10.0 0 0 -5.0
96.0 130.0 4 -10.0 0 0 5.0 10.0 0 0 -5.0
148.0 86.0 4 -10.0 0 0 5.0 10.0 0 0 -5.0
113.0 99.0 4 -10.0 0 0 5.0 10.0 0 0 -5.0
115.0 107.0 4 -10.0 0 0 5.0 10.0 0 0 -5.0
144.0 141.0 4 -10.0 0 0 5.0 10.0 0 0 -5.0
117.0 48.0 4 -10.0 0 0 5.0 10.0 0 0 -5.0
46.0 93.0 4 -10.0 0 0 5.0 10.0 0 0 -5.0
84.0 115.0 4 -10.0 0 0 5.0 10.0 0 0 -5.0
101.0 108.0 4 -10.0 0 0 5.0 10.0 0 0 -5.0
95.0 78.0 4 -10.0 0 0 5.0 10.0 0 0 -5.0
51.0 163.0 4 -10.0 0 0 5.0 10.0 0 0 -5.0
140.0 80.0 4 -10.0 0 0 5.0 10.0 0 0 -5.0
92.0 69.0 4 -10.0 0 0 5.0 10.0 0 0 -5.0
116.0 135.0 4 -10.0 0 0 5.0 10.0 0 0 -5.0
121.0 129.0 4 -10.0 0 0 5.0 10.0 0 0 -5.0
97.0 149.0 4 -10.0 0 0 5.0 10.0 0 0 -5.0
157.0 76.0 4 -10.0 0 0 5.0 10.0 0 0 -5.0
51.0 27.0 4 -10.0 0 0 5.0 10.0 0 0 -5.0
127.0 111.0 4 -10.0 0 0 5.0 10.0 0 0 -5.0
107.0 130.0 4 -10.0 0 0 5.0 10.0 0 0 -5.0
122.0 107.0 4 -10.0 0 0 5.0 10.0 0 0 -5.0
44.0 98.0 4 -10.0 0 0 5.0 10.0 0 0 -5.0
88.0 109.0 4 -10.0 0 0 5.0 10.0 0 0 -5.0
124.0 56.0 4 -10.0 0 0 5.0 10.0 0 0 -5.0
86.0 111.0 4 -10.0 0 0 5.0 10.0 0 0 -5.0
144.0 72.0 4 -10.0 0 0 5.0 10.0 0 0 -5.0
83.0 101.0 4 -10.0 0 0 5.0 10.0 0 0 -5.0
93.0 109.0 4 -10.0 0 0 5.0 10.0 0 0 -5.0
108.0 125.0 4 -10.0 0 0 5.0 10.0 0 0 -5.0
72.0 99.0 4 -10.0 0 0 5.0 10.0 0 0 -5.0
156.0 146.0 4 -10.0 0 0 5.0 10.0 0 0 -5.0
72.0 77.0 4 -10.0 0 0 5.0 10.0 0 0 -5.0
141.0 87.0 4 -10.0 0 0 5.0 10.0 0 0 -5.0
25.0 110.0 4 -10.0 0 0 5.0 10.0 0 0 -5.0
101.0 63.0 4 -10.0 0 0 5.0 10.0 0 0 -5.0
156.0 139.0 4 -10.0 0 0 5.0 10.0 0 0 -5.0
93.0 80.0 4 -10.0 0 0 5.0 10.0 0 0 -5.0
140.0 159.0 4 -10.0 0 0 5.0 10.0 0 0 -5.0
147.0 135.0 4 -10.0 0 0 5.0 10.0 0 0 -5.0
134.0 87.0 4 -10.0 0 0 5.0 10.0 0 0 -5.0
114.0 65.0 4 -10.0 0 0 5.0 10.0 0 0 -5.0
169.0 104.0 4 -10.0 0 0 5.0 10.0 0 0 -5.0
129.0 101.0 4 -10.0 0 0 5.0 10.0 0 0 -5.0
113.0 52.0 4 -10.0 0 0 5.0 10.0 0 0 -5.0
127.0 109.0 4 -10.0 0 0 5.0 10.0 0 0 -5.0
154.0 90.0 4 -10.0 0 0 5.0 10.0 0 0 -5.0
71.0 114.0 4 -10.0 0 0 5.0 10.0 0 0 -5.0
75.0 83.0 4 -10.0 0 0 5.0 10.0 0 0 -5.0
88.0 155.0 4 -10.0 0 0 5.0 10.0 0 0 -5.0
90.0 91.0 4 -10.0 0 0 5.0 10.0 0 0 -5.0
140.0 82.0 4 -10.0 0 0 5.0 10.0 0 0 -5.0
58.0 100.0 4 -10.0 0 0 5.0 10.0 0 0 -5.0
96.0 65.0 4 -10.0 0 0 5.0 10.0 0 0 -5.0
77.0 90.0 4 -10.0 0 0 5.0 10.0 0 0 -5.0
87.0 141.0 4 -10.0 0 0 5.0 10.0 0 0 -5.0
93.0 145.0 4 -10.0 0 0 5.0 10.0 0 0 -5.0
73.0 85.0 4 -10.0 0 0 5.0 10.0 0 0 -5.0
119.0 131.0 4 -10.0 0 0 5.0 10.0 0 0 -5.0
86.0 78.0 4 -10.0 0 0 5.0 10.0 0 0 -5.0
124.0 145.0 4 -10.0 0 0 5.0 10.0 0 0 -5.0
126.0 95.0 4 -10.0 0 0 5.0 10.0 0 0 -5.0
150.0 141.0 4 -10.0 0 0 5.0 10.0 0 0 -5.0
93.0 132.0 4 -10.0 0 0 5.0 10.0 0 0 -5.0
126.0 121.0 4 -10.0 0 0 5.0 10.0 0 0 -5.0
162.0 95.0 4 -10.0 0 0 5.0 10.0 0 0 -5.0
126.0 162.0 4 -10.0 0 0 5.0 10.0 0 0 -5.0
111.0 123.0 4 -10.0 0 0 5.0 10.0 0 0 -5.0
68.0 103.0 4 -10.0 0 0 5.0 10.0 0 0 -5.0
65.0 61.0 4 -10.0 0 0 5.0 10.0 0 0 -5.0
81.0 141.0 4 -10.0 0 0 5.0 10.0 0 0 -5.0
60.0 153.0 4 -10.0 0 0 5.0 10.0 0 0 -5.0
129.0 75.0 4 -10.0 0 0 5.0 10.0 0 0 -5.0
148.0 129.0 4 -10.0 0 0 5.0 10.0 0 0 -5.0
129.0 167.0 4 -10.0 0 0 5.0 10.0 0 0 -5.0
113.0 137.0 4 -10.0 0 0 5.0 10.0 0 0 -5.0
156.0 60.0 4 -10.0 0 0 5.0 10.0 0 0 -5.0
77.0 92.0 4 -10.0 0 0 5.0 10.0 0 0 -5.0
110.0 138.0 4 -10.0 0 0 5.0 10.0 0 0 -5.0
107.0 110.0 4 -10.0 0 0 5.0 10.0 0 0 -5.0
107.0 102.0 4 -10.0 0 0 5.0 10.0 0 0 -5.0
80.0 120.0 4 -10.0 0 0 5.0 10.0 0 0 -5.0
29.0 103.0 4 -10.0 0 0 5.0 10.0 0 0 -5.0
183.0 135.0 4 -10.0 0 0 5.0 10.0 0 0 -5.0
91.0 62.0 4 -10.0 0 0 5.0 10.0 0 0 -5.0
40.0 109.0 4 -10.0 0 0 5.0 10.0 0 0 -5.0
147.0 87.0 4 -10.0 0 0 5.0 10.0 0 0 -5.0
115.0 95.0 4 -10.0 0 0 5.0 10.0 0 0 -5.0
130.0 115.0 4 -10.0 0 0 5.0 10.0 0 0 -5.0
70.0 54.0 4 -10.0 0 0 5.0 10.0 0 0 -5.0
70.0 93.0 4 -10.0 0 0 5.0 10.0 0 0 -5.0
68.0 88.0 4 -10.0 0 0 5.0 10.0 0 0 -5.0
124.0 41.0 4 -10.0 0 0 5.0 10.0 0 0 -5.0
161.0 101.0 4 -10.0 0 0 5.0 10.0 0 0 -5.0
150.0 137.0 4 -10.0 0 0 5.0 10.0 0 0 -5.0
46.0 110.0 4 -10.0 0 0 5.0 10.0 0 0 -5.0
157.0 154.0 4 -10.0 0 0 5.0 10.0 0 0 -5.0
108.0 78.0 4 -10.0 0 0 5.0 10.0 0 0 -5.0
113.0 127.0 4 -10.0 0 0 5.0 10.0 0 0 -5.0
105.0 124.0 4 -10.0 0 0 5.0 10.0 0 0 -5.0
156.0 44.0 4 -10.0 0 0 5.0 10.0 0 0 -5.0
101.0 89.0 4 -10.0 0 0 5.0 10.0 0 0 -5.0
154.0 112.0 4 -10.0 0 0 5.0 10.0 0 0 -5.0
85.0 108.0 4 -10.0 0 0 5.0 10.0 0 0 -5.0
142.0 97.0 4 -10.0 0 0 5.0 10.0 0 0 -5.0
143.0 68.0 4 -10.0 0 0 5.0 10.0 0 0 -5.0
136.0 108.0 4 -10.0 0 0 5.0 10.0 0 0 -5.0
138.0 116.0 4 -10.0 0 0 5.0 10.0 0 0 -5.0
61.0 47.0 4 -10.0 0 0 5.0 10.0 0 0 -5.0
67.0 77.0 4 -10.0 0 0 5.0 10.0 0 0 -5.0
104.0 142.0 4 -10.0 0 0 5.0 10.0 0 0 -5.0
