100
96.0 68.0 4 -10.0 0 0 5.0 10.0 0 0 -5.0
74.0 85.0 4 -10.0 0 0 5.0 10.0 0 0 -5.0
97.0 81.0 4 -10.0 0 0 5.0 10.0 0 0 -5.0
78.0 77.0 4 -10.0 0 0 5.0 10.0 0 0 -5.0
82.0 81.0 4 -10.0 0 0 5.0 10.0 0 0 -5.0
79.0 94.0 4 -10.0 0 0 5.0 10.0 0 0 -5.0
102.0 97.0 4 -10.0 0 0 5.0 10.0 0 0 -5.0
71.0 70.0 4 -10.0 0 0 5.0 10.0 0 0 -5.0
92.0 70.0 4 -10.0 0 0 5.0 10.0 0 0 -5.0
88.0 105.0 4 -10.0 0 0 5.0 10.0 0 0 -5.0
97.0 96.0 4 -10.0 0 0 5.0 10.0 0 0 -5.0
116.0 87.0 4 -10.0 0 0 5.0 10.0 0 0 -5.0
97.0 76.0 4 -10.0 0 0 5.0 10.0 0 0 -5.0
112.0 80.0 4 -10.0 0 0 5.0 10.0 0 0 -5.0
60.0 68.0 4 -10.0 0 0 5.0 10.0 0 0 -5.0
91.0 107.0 4 -10.0 0 0 5.0 10.0 0 0 -5.0
94.0 115.0 4 -10.0 0 0 5.0 10.0 0 0 -5.0
60.0 55.0 4 -10.0 0 0 5.0 10.0 0 0 -5.0
78.0 72.0 4 -10.0 0 0 5.0 10.0 0 0 -5.0
114.0 69.0 4 -10.0 0 0 5.0 10.0 0 0 -5.0
129.0 95.0 4 -10.0 0 0 5.0 10.0 0 0 -5.0
121.0 97.0 4 -10.0 0 0 5.0 10.0 0 0 -5.0
82.0 98.0 4 -10.0 0 0 5.0 10.0 0 0 -5.0
121.0 65.0 4 -10.0 0 0 5.0 10.0 0 0 -5.0
63.0 84.0 4 -10.0 0 0 5.0 10.0 0 0 -5.0
130.0 81.0 4 -10.0 0 0 5.0 10.0 0 0 -5.0
92.0 44.0 4 -10.0 0 0 5.0 10.0 0 0 -5.0
95.0 59.0 4 -10.0 0 0 5.0 10.0 0 0 -5.0
75.0 105.0 4 -10.0 0 0 5.0 10.0 0 0 -5.0
59.0 49.0 4 -10.0 0 0 5.0 10.0 0 0 -5.0
72.0 115.0 4 -10.0 0 0 5.0 10.0 0 0 -5.0
80.0 57.0 4 -10.0 0 0 5.0 10.0 0 0 -5.0
101.0 62.0 4 -10.0 0 0 5.0 10.0 0 0 -5.0
107.0 87.0 4 -10.0 0 0 5.0 10.0 0 0 -5.0
54.0 68.0 4 -10.0 0 0 5.0 10.0 0 0 -5.0
66.0 54.0 4 -10.0 0 0 5.0 10.0 0 0 -5.0
64.0 102.0 4 -10.0 0 0 5.0 10.0 0 0 -5.0
81.0 38.0 4 -10.0 0 0 5.0 10.0 0 0 -5.0
37.0 58.0 4 -10.0 0 0 5.0 10.0 0 0 -5.0
88.0 28.0 4 -10.0 0 0 5.0 10.0 0 0 -5.0
71.0 37.0 4 -10.0 0 0 5.0 10.0 0 0 -5.0
32.0 32.0 4 -10.0 0 0 5.0 10.0 0 0 -5.0
81.0 120.0 4 -10.0 0 0 5.0 10.0 0 0 -5.0
70.0 94.0 4 -10.0 0 0 5.0 10.0 0 0 -5.0
98.0 119.0 4 -10.0 0 0 5.0 10.0 0 0 -5.0
36.0 94.0 4 -10.0 0 0 5.0 10.0 0 0 -5.0
123.0 35.0 4 -10.0 0 0 5.0 10.0 0 0 -5.0
92.0 97.0 4 -10.0 0 0 5.0 10.0 0 0 -5.0
45.0 108.0 4 -10.0 0 0 5.0 10.0 0 0 -5.0
110.0 53.0 4 -10.0 0 0 5.0 10.0 0 0 -5.0
121.0 106.0 4 -10.0 0 0 5.0 10.0 0 0 -5.0
101.0 37.0 4 -10.0 0 0 5.0 10.0 0 0 -5.0
134.0 75.0 4 -10.0 0 0 5.0 10.0 0 0 -5.0
88.0 93.0 4 -10.0 0 0 5.0 10.0 0 0 -5.0
66.0 139.0 4 -10.0 0 0 5.0 10.0 0 0 -5.0
80.0 137.0 4 -10.0 0 0 5.0 10.0 0 0 -5.0
138.0 54.0 4 -10.0 0 0 5.0 10.0 0 0 -5.0
62.0 33.0 4 -10.0 0 0 5.0 10.0 0 0 -5.0
121.0 81.0 4 -10.0 0 0 5.0 10.0 0 0 -5.0
48.0 104.0 4 -10.0 0 0 5.0 10.0 0 0 -5.0
141.0 80.0 4 -10.0 0 0 5.0 10.0 0 0 -5.0
67.0 120.0 4 -10.0 0 0 5.0 10.0 0 0 -5.0
54.0 106.0 4 -10.0 0 0 5.0 10.0 0 0 -5.0
70.0 108.0 4 -10.0 0 0 5.0 10.0 0 0 -5.0
44.0 66.0 4 -10.0 0 0 5.0 10.0 0 0 -5.0
34.0 81.0 4 -10.0 0 0 5.0 10.0 0 0 -5.0
110.0 97.0 4 -10.0 0 0 5.0 10.0 0 0 -5.0
84.0 116.0 4 -10.0 0 0 5.0 10.0 0 0 -5.0
53.0 56.0 4 -10.0 0 0 5.0 10.0 0 0 -5.0
140.0 100.0 4 -10.0 0 0 5.0 10.0 0 0 -5.0
118.0 58.0 4 -10.0 0 0 5.0 10.0 0 0 -5.0
71.0 59.0 4 -10.0 0 0 5.0 10.0 0 0 -5.0
53.0 27.0 4 -10.0 0 0 5.0 10.0 0 0 -5.0
42.0 89.0 4 -10.0 0 0 5.0 10.0 0 0 -5.0
56.0 91.0 4 -10.0 0 0 5.0 10.0 0 0 -5.0
112.0 108.0 4 -10.0 0 0 5.0 10.0 0 0 -5.0
107.0 54.0 4 -10.0 0 0 5.0 10.0 0 0 -5.0
99.0 44.0 4 -10.0 0 0 5.0 10.0 0 0 -5.0
103.0 25.0 4 -10.0 0 0 5.0 10.0 0 0 -5.0
43.0 39.0 4 -10.0 0 0 5.0 10.0 0 0 -5.0
57.0 76.0 4 -10.0 0 0 5.0 10.0 0 0 -5.0
87.0 40.0 4 -10.0 0 0 5.0 10.0 0 0 -5.0
119.0 47.0 4 -10.0 0 0 5.0 10.0 0 0 -5.0
85.0 51.0 4 -10.0 0 0 5.0 10.0 0 0 -5.0
97.0 140.0 4 -10.0 0 0 5.0 10.0 0 0 -5.0
114.0 130.0 4 -10.0 0 0 5.0 10.0 0 0 -5.0
101.0 114.0 4 -10.0 0 0 5.0 10.0 0 0 -5.0
25.0 79.0 4 -10.0 0 0 5.0 10.0 0 0 -5.0
61.0 43.0 4 -10.0 0 0 5.0 10.0 0 0 -5.0
36.0 70.0 4 -10.0 0 0 5.0 10.0 0 0 -5.0
109.0 115.0 4 -10.0 0 0 5.0 10.0 0 0 -5.0
117.0 53.0 4 -10.0 0 0 5.0 10.0 0 0 -5.0
125.0 90.0 4 -10.0 0 0 5.0 10.0 0 0 -5.0
46.0 97.0 4 -10.0 0 0 5.0 10.0 0 0 -5.0
57.0 123.0 4 -10.0 0 0 5.0 10.0 0 0 -5.0
63.0 112.0 4 -10.0 0 0 5.0 10.0 0 0 -5.0
87.0 140.0 4 -10.0 0 0 5.0 10.0 0 0 -5.0
34.0 117.0 4 -10.0 0 0 5.0 10.0 0 0 -5.0
74.0 29.0 4 -10.0 0 0 5.0 10.0 0 0 -5.0
104.0 132.0 4 -10.0 0 0 5.0 10.0 0 0 -5.0
