100
121.0 107.0 4 -10.0 0 0 5.0 10.0 0 0 -5.0
66.0 89.0 4 -10.0 0 0 5.0 10.0 0 0 -5.0
93.0 71.0 4 -10.0 0 0 5.0 10.0 0 0 -5.0
117.0 119.0 4 -10.0 0 0 5.0 10.0 0 0 -5.0
60.0 52.0 4 -10.0 0 0 5.0 10.0 0 0 -5.0
137.0 69.0 4 -10.0 0 0 5.0 10.0 0 0 -5.0
107.0 83.0 4 -10.0 0 0 5.0 10.0 0 0 -5.0
96.0 83.0 4 -10.0 0 0 5.0 10.0 0 0 -5.0
108.0 74.0 4 -10.0 0 0 5.0 10.0 0 0 -5.0
114.0 131.0 4 -10.0 0 0 5.0 10.0 0 0 -5.0
114.0 94.0 4 -10.0 0 0 5.0 10.0 0 0 -5.0
88.0 112.0 4 -10.0 0 0 5.0 10.0 0 0 -5.0
86.0 121.0 4 -10.0 0 0 5.0 10.0 0 0 -5.0
89.0 84.0 4 -10.0 0 0 5.0 10.0 0 0 -5.0
82.0 32.0 4 -10.0 0 0 5.0 10.0 0 0 -5.0
109.0 121.0 4 -10.0 0 0 5.0 10.0 0 0 -5.0
113.0 48.0 4 -10.0 0 0 5.0 10.0 0 0 -5.0
67.0 68.0 4 -10.0 0 0 5.0 10.0 0 0 -5.0
102.0 125.0 4 -10.0 0 0 5.0 10.0 0 0 -5.0
82.0 144.0 4 -10.0 0 0 5.0 10.0 0 0 -5.0
85.0 96.0 4 -10.0 0 0 5.0 10.0 0 0 -5.0
114.0 38.0 4 -10.0 0 0 5.0 10.0 0 0 -5.0
119.0 81.0 4 -10.0 0 0 5.0 10.0 0 0 -5.0
43.0 63.0 4 -10.0 0 0 5.0 10.0 0 0 -5.0
86.0 42.0 4 -10.0 0 0 5.0 10.0 0 0 -5.0
98.0 114.0 4 -10.0 0 0 5.0 10.0 0 0 -5.0
89.0 61.0 4 -10.0 0 0 5.0 10.0 0 0 -5.0
79.0 60.0 4 -10.0 0 0 5.0 10.0 0 0 -5.0
93.0 106.0 4 -10.0 0 0 5.0 10.0 0 0 -5.0
98.0 123.0 4 -10.0 0 0 5.0 10.0 0 0 -5.0
114.0 107.0 4 -10.0 0 0 5.0 10.0 0 0 -5.0
26.0 73.0 4 -10.0 0 0 5.0 10.0 0 0 -5.0
53.0 114.0 4 -10.0 0 0 5.0 10.0 0 0 -5.0
88.0 90.0 4 -10.0 0 0 5.0 10.0 0 0 -5.0
129.0 101.0 4 -10.0 0 0 5.0 10.0 0 0 -5.0
104.0 24.0 4 -10.0 0 0 5.0 10.0 0 0 -5.0
93.0 100.0 4 -10.0 0 0 5.0 10.0 0 0 -5.0
88.0 100.0 4 -10.0 0 0 5.0 10.0 0 0 -5.0
124.0 74.0 4 -10.0 0 0 5.0 10.0 0 0 -5.0
130.0 89.0 4 -10.0 0 0 5.0 10.0 0 0 -5.0
79.0 112.0 4 -10.0 0 0 5.0 10.0 0 0 -5.0
48.0 91.0 4 -10.0 0 0 5.0 10.0 0 0 -5.0
73.0 76.0 4 -10.0 0 0 5.0 10.0 0 0 -5.0
114.0 102.0 4 -10.0 0 0 5.0 10.0 0 0 -5.0
105.0 86.0 4 -10.0 0 0 5.0 10.0 0 0 -5.0
133.0 49.0 4 -10.0 0 0 5.0 10.0 0 0 -5.0
130.0 54.0 4 -10.0 0 0 5.0 10.0 0 0 -5.0
106.0 59.0 4 -10.0 0 0 5.0 10.0 0 0 -5.0
74.0 69.0 4 -10.0 0 0 5.0 10.0 0 0 -5.0
75.0 92.0 4 -10.0 0 0 5.0 10.0 0 0 -5.0
58.0 102.0 4 -10.0 0 0 5.0 10.0 0 0 -5.0
108.0 98.0 4 -10.0 0 0 5.0 10.0 0 0 -5.0
74.0 34.0 4 -10.0 0 0 5.0 10.0 0 0 -5.0
25.0 104.0 4 -10.0 0 0 5.0 10.0 0 0 -5.0
141.0 29.0 4 -10.0 0 0 5.0 10.0 0 0 -5.0
152.0 45.0 4 -10.0 0 0 5.0 10.0 0 0 -5.0
75.0 118.0 4 -10.0 0 0 5.0 10.0 0 0 -5.0
67.0 106.0 4 -10.0 0 0 5.0 10.0 0 0 -5.0
141.0 82.0 4 -10.0 0 0 5.0 10.0 0 0 -5.0
134.0 40.0 4 -10.0 0 0 5.0 10.0 0 0 -5.0
126.0 123.0 4 -10.0 0 0 5.0 10.0 0 0 -5.0
70.0 45.0 4 -10.0 0 0 5.0 10.0 0 0 -5.0
104.0 90.0 4 -10.0 0 0 5.0 10.0 0 0 -5.0
58.0 59.0 4 -10.0 0 0 5.0 10.0 0 0 -5.0
84.0 69.0 4 -10.0 0 0 5.0 10.0 0 0 -5.0
119.0 103.0 4 -10.0 0 0 5.0 10.0 0 0 -5.0
99.0 81.0 4 -10.0 0 0 5.0 10.0 0 0 -5.0
101.0 76.0 4 -10.0 0 0 5.0 10.0 0 0 -5.0
52.0 77.0 4 -10.0 0 0 5.0 10.0 0 0 -5.0
58.0 38.0 4 -10.0 0 0 5.0 10.0 0 0 -5.0
53.0 97.0 4 -10.0 0 0 5.0 10.0 0 0 -5.0
96.0 62.0 4 -10.0 0 0 5.0 10.0 0 0 -5.0
154.0 105.0 4 -10.0 0 0 5.0 10.0 0 0 -5.0
53.0 148.0 4 -10.0 0 0 5.0 10.0 0 0 -5.0
120.0 41.0 4 -10.0 0 0 5.0 10.0 0 0 -5.0
85.0 52.0 4 -10.0 0 0 5.0 10.0 0 0 -5.0
103.0 48.0 4 -10.0 0 0 5.0 10.0 0 0 -5.0
60.0 92.0 4 -10.0 0 0 5.0 10.0 0 0 -5.0
93.0 118.0 4 -10.0 0 0 5.0 10.0 0 0 -5.0
148.0 84.0 4 -10.0 0 0 5.0 10.0 0 0 -5.0
95.0 44.0 4 -10.0 0 0 5.0 10.0 0 0 -5.0
72.0 80.0 4 -10.0 0 0 5.0 10.0 0 0 -5.0
149.0 78.0 4 -10.0 0 0 5.0 10.0 0 0 -5.0
60.0 70.0 4 -10.0 0 0 5.0 10.0 0 0 -5.0
116.0 61.0 4 -10.0 0 0 5.0 10.0 0 0 -5.0
97.0 54.0 4 -10.0 0 0 5.0 10.0 0 0 -5.0
114.0 82.0 4 -10.0 0 0 5.0 10.0 0 0 -5.0
127.0 64.0 4 -10.0 0 0 5.0 10.0 0 0 -5.0
86.0 80.0 4 -10.0 0 0 5.0 10.0 0 0 -5.0
134.0 104.0 4 -10.0 0 0 5.0 10.0 0 0 -5.0
59.0 81.0 4 -10.0 0 0 5.0 10.0 0 0 -5.0
54.0 62.0 4 -10.0 0 0 5.0 10.0 0 0 -5.0
111.0 68.0 4 -10.0 0 0 5.0 10.0 0 0 -5.0
127.0 94.0 4 -10.0 0 0 5.0 10.0 0 0 -5.0
72.0 64.0 4 -10.0 0 0 5.0 10.0 0 0 -5.0
84.0 108.0 4 -10.0 0 0 5.0 10.0 0 0 -5.0
70.0 53.0 4 -10.0 0 0 5.0 10.0 0 0 -5.0
83.0 84.0 4 -10.0 0 0 5.0 10.0 0 0 -5.0
114.0 29.0 4 -10.0 0 0 5.0 10.0 0 0 -5.0
101.0 36.0 4 -10.0 0 0 5.0 10.0 0 0 -5.0
