100
274.0 260.0 4 -10.0 0 0 5.0 10.0 0 0 -5.0
321.0 288.0 4 -10.0 0 0 5.0 10.0 0 0 -5.0
227.0 220.0 4 -10.0 0 0 5.0 10.0 0 0 -5.0
237.0 161.0 4 -10.0 0 0 5.0 10.0 0 0 -5.0
267.0 205.0 4 -10.0 0 0 5.0 10.0 0 0 -5.0
355.0 308.0 4 -10.0 0 0 5.0 10.0 0 0 -5.0
228.0 115.0 4 -10.0 0 0 5.0 10.0 0 0 -5.0
294.0 184.0 4 -10.0 0 0 5.0 10.0 0 0 -5.0
166.0 230.0 4 -10.0 0 0 5.0 10.0 0 0 -5.0
117.0 212.0 4 -10.0 0 0 5.0 10.0 0 0 -5.0
291.0 291.0 4 -10.0 0 0 5.0 10.0 0 0 -5.0
265.0 122.0 4 -10.0 0 0 5.0 10.0 0 0 -5.0
342.0 308.0 4 -10.0 0 0 5.0 10.0 0 0 -5.0
86.0 185.0 4 -10.0 0 0 5.0 10.0 0 0 -5.0
305.0 254.0 4 -10.0 0 0 5.0 10.0 0 0 -5.0
360.0 282.0 4 -10.0 0 0 5.0 10.0 0 0 -5.0
136.0 231.0 4 -10.0 0 0 5.0 10.0 0 0 -5.0
219.0 259.0 4 -10.0 0 0 5.0 10.0 0 0 -5.0
284.0 101.0 4 -10.0 0 0 5.0 10.0 0 0 -5.0
203.0 196.0 4 -10.0 0 0 5.0 10.0 0 0 -5.0
213.0 134.0 4 -10.0 0 0 5.0 10.0 0 0 -5.0
104.0 182.0 4 -10.0 0 0 5.0 10.0 0 0 -5.0
301.0 205.0 4 -10.0 0 0 5.0 10.0 0 0 -5.0
177.0 201.0 4 -10.0 0 0 5.0 10.0 0 0 -5.0
267.0 146.0 4 -10.0 0 0 5.0 10.0 0 0 -5.0
219.0 77.0 4 -10.0 0 0 5.0 10.0 0 0 -5.0
281.0 85.0 4 -10.0 0 0 5.0 10.0 0 0 -5.0
57.0 166.0 4 -10.0 0 0 5.0 10.0 0 0 -5.0
208.0 293.0 4 -10.0 0 0 5.0 10.0 0 0 -5.0
304.0 319.0 4 -10.0 0 0 5.0 10.0 0 0 -5.0
131.0 265.0 4 -10.0 0 0 5.0 10.0 0 0 -5.0
195.0 168.0 4 -10.0 0 0 5.0 10.0 0 0 -5.0
97.0 280.0 4 -10.0 0 0 5.0 10.0 0 0 -5.0
69.0 283.0 4 -10.0 0 0 5.0 10.0 0 0 -5.0
343.0 324.0 4 -10.0 0 0 5.0 10.0 0 0 -5.0
298.0 59.0 4 -10.0 0 0 5.0 10.0 0 0 -5.0
200.0 107.0 4 -10.0 0 0 5.0 10.0 0 0 -5.0
289.0 219.0 4 -10.0 0 0 5.0 10.0 0 0 -5.0
363.0 356.0 4 -10.0 0 0 5.0 10.0 0 0 -5.0
276.0 298.0 4 -10.0 0 0 5.0 10.0 0 0 -5.0
381.0 326.0 4 -10.0 0 0 5.0 10.0 0 0 -5.0
295.0 105.0 4 -10.0 0 0 5.0 10.0 0 0 -5.0
209.0 47.0 4 -10.0 0 0 5.0 10.0 0 0 -5.0
201.0 27.0 4 -10.0 0 0 5.0 10.0 0 0 -5.0
109.0 298.0 4 -10.0 0 0 5.0 10.0 0 0 -5.0
299.0 274.0 4 -10.0 0 0 5.0 10.0 0 0 -5.0
87.0 202.0 4 -10.0 0 0 5.0 10.0 0 0 -5.0
314.0 337.0 4 -10.0 0 0 5.0 10.0 0 0 -5.0
79.0 217.0 4 -10.0 0 0 5.0 10.0 0 0 -5.0
386.0 377.0 4 -10.0 0 0 5.0 10.0 0 0 -5.0
313.0 90.0 4 -10.0 0 0 5.0 10.0 0 0 -5.0
283.0 182.0 4 -10.0 0 0 5.0 10.0 0 0 -5.0
367.0 336.0 4 -10.0 0 0 5.0 10.0 0 0 -5.0
223.0 318.0 4 -10.0 0 0 5.0 10.0 0 0 -5.0
233.0 132.0 4 -10.0 0 0 5.0 10.0 0 0 -5.0
185.0 306.0 4 -10.0 0 0 5.0 10.0 0 0 -5.0
211.0 25.0 4 -10.0 0 0 5.0 10.0 0 0 -5.0
386.0 270.0 4 -10.0 0 0 5.0 10.0 0 0 -5.0
69.0 162.0 4 -10.0 0 0 5.0 10.0 0 0 -5.0
271.0 58.0 4 -10.0 0 0 5.0 10.0 0 0 -5.0
254.0 136.0 4 -10.0 0 0 5.0 10.0 0 0 -5.0
282.0 332.0 4 -10.0 0 0 5.0 10.0 0 0 -5.0
381.0 301.0 4 -10.0 0 0 5.0 10.0 0 0 -5.0
223.0 87.0 4 -10.0 0 0 5.0 10.0 0 0 -5.0
87.0 227.0 4 -10.0 0 0 5.0 10.0 0 0 -5.0
392.0 278.0 4 -10.0 0 0 5.0 10.0 0 0 -5.0
317.0 174.0 4 -10.0 0 0 5.0 10.0 0 0 -5.0
377.0 375.0 4 -10.0 0 0 5.0 10.0 0 0 -5.0
48.0 227.0 4 -10.0 0 0 5.0 10.0 0 0 -5.0
292.0 359.0 4 -10.0 0 0 5.0 10.0 0 0 -5.0
63.0 240.0 4 -10.0 0 0 5.0 10.0 0 0 -5.0
212.0 89.0 4 -10.0 0 0 5.0 10.0 0 0 -5.0
81.0 319.0 4 -10.0 0 0 5.0 10.0 0 0 -5.0
415.0 282.0 4 -10.0 0 0 5.0 10.0 0 0 -5.0
63.0 214.0 4 -10.0 0 0 5.0 10.0 0 0 -5.0
71.0 291.0 4 -10.0 0 0 5.0 10.0 0 0 -5.0
203.0 236.0 4 -10.0 0 0 5.0 10.0 0 0 -5.0
76.0 296.0 4 -10.0 0 0 5.0 10.0 0 0 -5.0
35.0 157.0 4 -10.0 0 0 5.0 10.0 0 0 -5.0
246.0 241.0 4 -10.0 0 0 5.0 10.0 0 0 -5.0
296.0 379.0 4 -10.0 0 0 5.0 10.0 0 0 -5.0
64.0 171.0 4 -10.0 0 0 5.0 10.0 0 0 -5.0
294.0 193.0 4 -10.0 0 0 5.0 10.0 0 0 -5.0
144.0 251.0 4 -10.0 0 0 5.0 10.0 0 0 -5.0
324.0 192.0 4 -10.0 0 0 5.0 10.0 0 0 -5.0
56.0 328.0 4 -10.0 0 0 5.0 10.0 0 0 -5.0
179.0 180.0 4 -10.0 0 0 5.0 10.0 0 0 -5.0
400.0 393.0 4 -10.0 0 0 5.0 10.0 0 0 -5.0
312.0 39.0 4 -10.0 0 0 5.0 10.0 0 0 -5.0
24.0 227.0 4 -10.0 0 0 5.0 10.0 0 0 -5.0
61.0 337.0 4 -10.0 0 0 5.0 10.0 0 0 -5.0
192.0 274.0 4 -10.0 0 0 5.0 10.0 0 0 -5.0
111.0 284.0 4 -10.0 0 0 5.0 10.0 0 0 -5.0
185.0 170.0 4 -10.0 0 0 5.0 10.0 0 0 -5.0
306.0 70.0 4 -10.0 0 0 5.0 10.0 0 0 -5.0
87.0 314.0 4 -10.0 0 0 5.0 10.0 0 0 -5.0
224.0 286.0 4 -10.0 0 0 5.0 10.0 0 0 -5.0
236.0 285.0 4 -10.0 0 0 5.0 10.0 0 0 -5.0
400.0 344.0 4 -10.0 0 0 5.0 10.0 0 0 -5.0
193.0 112.0 4 -10.0 0 0 5.0 10.0 0 0 -5.0
