100
506.0 52.0 4 -10.0 0 0 5.0 10.0 0 0 -5.0
961.0 25.0 4 -10.0 0 0 5.0 10.0 0 0 -5.0
201.0 519.0 4 -10.0 0 0 5.0 10.0 0 0 -5.0
1040.0 238.0 4 -10.0 0 0 5.0 10.0 0 0 -5.0
312.0 127.0 4 -10.0 0 0 5.0 10.0 0 0 -5.0
122.0 437.0 4 -10.0 0 0 5.0 10.0 0 0 -5.0
763.0 317.0 4 -10.0 0 0 5.0 10.0 0 0 -5.0
79.0 400.0 4 -10.0 0 0 5.0 10.0 0 0 -5.0
227.0 509.0 4 -10.0 0 0 5.0 10.0 0 0 -5.0
510.0 25.0 4 -10.0 0 0 5.0 10.0 0 0 -5.0
635.0 80.0 4 -10.0 0 0 5.0 10.0 0 0 -5.0
625.0 110.0 4 -10.0 0 0 5.0 10.0 0 0 -5.0
411.0 105.0 4 -10.0 0 0 5.0 10.0 0 0 -5.0
119.0 130.0 4 -10.0 0 0 5.0 10.0 0 0 -5.0
45.0 228.0 4 -10.0 0 0 5.0 10.0 0 0 -5.0
717.0 119.0 4 -10.0 0 0 5.0 10.0 0 0 -5.0
480.0 46.0 4 -10.0 0 0 5.0 10.0 0 0 -5.0
266.0 390.0 4 -10.0 0 0 5.0 10.0 0 0 -5.0
562.0 132.0 4 -10.0 0 0 5.0 10.0 0 0 -5.0
890.0 32.0 4 -10.0 0 0 5.0 10.0 0 0 -5.0
763.0 126.0 4 -10.0 0 0 5.0 10.0 0 0 -5.0
886.0 58.0 4 -10.0 0 0 5.0 10.0 0 0 -5.0
913.0 39.0 4 -10.0 0 0 5.0 10.0 0 0 -5.0
391.0 85.0 4 -10.0 0 0 5.0 10.0 0 0 -5.0
25.0 192.0 4 -10.0 0 0 5.0 10.0 0 0 -5.0
243.0 127.0 4 -10.0 0 0 5.0 10.0 0 0 -5.0
204.0 487.0 4 -10.0 0 0 5.0 10.0 0 0 -5.0
1014.0 231.0 4 -10.0 0 0 5.0 10.0 0 0 -5.0
991.0 210.0 4 -10.0 0 0 5.0 10.0 0 0 -5.0
766.0 253.0 4 -10.0 0 0 5.0 10.0 0 0 -5.0
763.0 224.0 4 -10.0 0 0 5.0 10.0 0 0 -5.0
221.0 434.0 4 -10.0 0 0 5.0 10.0 0 0 -5.0
1009.0 106.0 4 -10.0 0 0 5.0 10.0 0 0 -5.0
970.0 182.0 4 -10.0 0 0 5.0 10.0 0 0 -5.0
855.0 73.0 4 -10.0 0 0 5.0 10.0 0 0 -5.0
302.0 154.0 4 -10.0 0 0 5.0 10.0 0 0 -5.0
580.0 48.0 4 -10.0 0 0 5.0 10.0 0 0 -5.0
76.0 171.0 4 -10.0 0 0 5.0 10.0 0 0 -5.0
647.0 130.0 4 -10.0 0 0 5.0 10.0 0 0 -5.0
768.0 279.0 4 -10.0 0 0 5.0 10.0 0 0 -5.0
69.0 453.0 4 -10.0 0 0 5.0 10.0 0 0 -5.0
89.0 429.0 4 -10.0 0 0 5.0 10.0 0 0 -5.0
425.0 59.0 4 -10.0 0 0 5.0 10.0 0 0 -5.0
25.0 425.0 4 -10.0 0 0 5.0 10.0 0 0 -5.0
192.0 455.0 4 -10.0 0 0 5.0 10.0 0 0 -5.0
49.0 202.0 4 -10.0 0 0 5.0 10.0 0 0 -5.0
639.0 53.0 4 -10.0 0 0 5.0 10.0 0 0 -5.0
824.0 149.0 4 -10.0 0 0 5.0 10.0 0 0 -5.0
243.0 410.0 4 -10.0 0 0 5.0 10.0 0 0 -5.0
367.0 114.0 4 -10.0 0 0 5.0 10.0 0 0 -5.0
851.0 138.0 4 -10.0 0 0 5.0 10.0 0 0 -5.0
102.0 186.0 4 -10.0 0 0 5.0 10.0 0 0 -5.0
134.0 178.0 4 -10.0 0 0 5.0 10.0 0 0 -5.0
982.0 241.0 4 -10.0 0 0 5.0 10.0 0 0 -5.0
991.0 127.0 4 -10.0 0 0 5.0 10.0 0 0 -5.0
52.0 164.0 4 -10.0 0 0 5.0 10.0 0 0 -5.0
1005.0 182.0 4 -10.0 0 0 5.0 10.0 0 0 -5.0
516.0 81.0 4 -10.0 0 0 5.0 10.0 0 0 -5.0
531.0 109.0 4 -10.0 0 0 5.0 10.0 0 0 -5.0
485.0 114.0 4 -10.0 0 0 5.0 10.0 0 0 -5.0
1061.0 190.0 4 -10.0 0 0 5.0 10.0 0 0 -5.0
1037.0 184.0 4 -10.0 0 0 5.0 10.0 0 0 -5.0
55.0 426.0 4 -10.0 0 0 5.0 10.0 0 0 -5.0
251.0 435.0 4 -10.0 0 0 5.0 10.0 0 0 -5.0
440.0 116.0 4 -10.0 0 0 5.0 10.0 0 0 -5.0
353.0 124.0 4 -10.0 0 0 5.0 10.0 0 0 -5.0
809.0 125.0 4 -10.0 0 0 5.0 10.0 0 0 -5.0
289.0 107.0 4 -10.0 0 0 5.0 10.0 0 0 -5.0
995.0 146.0 4 -10.0 0 0 5.0 10.0 0 0 -5.0
965.0 146.0 4 -10.0 0 0 5.0 10.0 0 0 -5.0
395.0 122.0 4 -10.0 0 0 5.0 10.0 0 0 -5.0
235.0 144.0 4 -10.0 0 0 5.0 10.0 0 0 -5.0
272.0 134.0 4 -10.0 0 0 5.0 10.0 0 0 -5.0
900.0 37.0 4 -10.0 0 0 5.0 10.0 0 0 -5.0
934.0 162.0 4 -10.0 0 0 5.0 10.0 0 0 -5.0
893.0 151.0 4 -10.0 0 0 5.0 10.0 0 0 -5.0
779.0 297.0 4 -10.0 0 0 5.0 10.0 0 0 -5.0
616.0 139.0 4 -10.0 0 0 5.0 10.0 0 0 -5.0
672.0 113.0 4 -10.0 0 0 5.0 10.0 0 0 -5.0
573.0 76.0 4 -10.0 0 0 5.0 10.0 0 0 -5.0
829.0 96.0 4 -10.0 0 0 5.0 10.0 0 0 -5.0
114.0 141.0 4 -10.0 0 0 5.0 10.0 0 0 -5.0
938.0 29.0 4 -10.0 0 0 5.0 10.0 0 0 -5.0
78.0 201.0 4 -10.0 0 0 5.0 10.0 0 0 -5.0
993.0 237.0 4 -10.0 0 0 5.0 10.0 0 0 -5.0
164.0 161.0 4 -10.0 0 0 5.0 10.0 0 0 -5.0
199.0 153.0 4 -10.0 0 0 5.0 10.0 0 0 -5.0
1023.0 212.0 4 -10.0 0 0 5.0 10.0 0 0 -5.0
776.0 340.0 4 -10.0 0 0 5.0 10.0 0 0 -5.0
774.0 323.0 4 -10.0 0 0 5.0 10.0 0 0 -5.0
157.0 446.0 4 -10.0 0 0 5.0 10.0 0 0 -5.0
986.0 31.0 4 -10.0 0 0 5.0 10.0 0 0 -5.0
578.0 108.0 4 -10.0 0 0 5.0 10.0 0 0 -5.0
761.0 192.0 4 -10.0 0 0 5.0 10.0 0 0 -5.0
760.0 159.0 4 -10.0 0 0 5.0 10.0 0 0 -5.0
1059.0 200.0 4 -10.0 0 0 5.0 10.0 0 0 -5.0
1005.0 51.0 4 -10.0 0 0 5.0 10.0 0 0 -5.0
1012.0 78.0 4 -10.0 0 0 5.0 10.0 0 0 -5.0
429.0 87.0 4 -10.0 0 0 5.0 10.0 0 0 -5.0
142.0 140.0 4 -10.0 0 0 5.0 10.0 0 0 -5.0
