20
151.0 131.0 4 -10.0 0 0 5.0 10.0 0 0 -5.0
171.0 215.0 4 -10.0 0 0 5.0 10.0 0 0 -5.0
175.0 150.0 4 -10.0 0 0 5.0 10.0 0 0 -5.0
229.0 230.0 4 -10.0 0 0 5.0 10.0 0 0 -5.0
197.0 83.0 4 -10.0 0 0 5.0 10.0 0 0 -5.0
44.0 237.0 4 -10.0 0 0 5.0 10.0 0 0 -5.0
69.0 221.0 4 -10.0 0 0 5.0 10.0 0 0 -5.0
96.0 206.0 4 -10.0 0 0 5.0 10.0 0 0 -5.0
127.0 191.0 4 -10.0 0 0 5.0 10.0 0 0 -5.0
196.0 176.0 4 -10.0 0 0 5.0 10.0 0 0 -5.0
215.0 203.0 4 -10.0 0 0 5.0 10.0 0 0 -5.0
174.0 184.0 4 -10.0 0 0 5.0 10.0 0 0 -5.0
160.0 177.0 4 -10.0 0 0 5.0 10.0 0 0 -5.0
263.0 174.0 4 -10.0 0 0 5.0 10.0 0 0 -5.0
211.0 25.0 4 -10.0 0 0 5.0 10.0 0 0 -5.0
208.0 53.0 4 -10.0 0 0 5.0 10.0 0 0 -5.0
168.0 85.0 4 -10.0 0 0 5.0 10.0 0 0 -5.0
25.0 251.0 4 -10.0 0 0 5.0 10.0 0 0 -5.0
231.0 174.0 4 -10.0 0 0 5.0 10.0 0 0 -5.0
182.0 114.0 4 -10.0 0 0 5.0 10.0 0 0 -5.0
