500
87.0 75.0 4 -10.0 0 0 5.0 10.0 0 0 -5.0
84.0 81.0 4 -10.0 0 0 5.0 10.0 0 0 -5.0
89.0 87.0 4 -10.0 0 0 5.0 10.0 0 0 -5.0
81.0 83.0 4 -10.0 0 0 5.0 10.0 0 0 -5.0
77.0 74.0 4 -10.0 0 0 5.0 10.0 0 0 -5.0
81.0 94.0 4 -10.0 0 0 5.0 10.0 0 0 -5.0
92.0 95.0 4 -10.0 0 0 5.0 10.0 0 0 -5.0
87.0 86.0 4 -10.0 0 0 5.0 10.0 0 0 -5.0
89.0 89.0 4 -10.0 0 0 5.0 10.0 0 0 -5.0
79.0 81.0 4 -10.0 0 0 5.0 10.0 0 0 -5.0
83.0 89.0 4 -10.0 0 0 5.0 10.0 0 0 -5.0
91.0 88.0 4 -10.0 0 0 5.0 10.0 0 0 -5.0
67.0 92.0 4 -10.0 0 0 5.0 10.0 0 0 -5.0
91.0 79.0 4 -10.0 0 0 5.0 10.0 0 0 -5.0
88.0 83.0 4 -10.0 0 0 5.0 10.0 0 0 -5.0
82.0 85.0 4 -10.0 0 0 5.0 10.0 0 0 -5.0
101.0 79.0 4 -10.0 0 0 5.0 10.0 0 0 -5.0
95.0 96.0 4 -10.0 0 0 5.0 10.0 0 0 -5.0
99.0 88.0 4 -10.0 0 0 5.0 10.0 0 0 -5.0
98.0 99.0 4 -10.0 0 0 5.0 10.0 0 0 -5.0
75.0 94.0 4 -10.0 0 0 5.0 10.0 0 0 -5.0
89.0 59.0 4 -10.0 0 0 5.0 10.0 0 0 -5.0
83.0 93.0 4 -10.0 0 0 5.0 10.0 0 0 -5.0
91.0 82.0 4 -10.0 0 0 5.0 10.0 0 0 -5.0
119.0 101.0 4 -10.0 0 0 5.0 10.0 0 0 -5.0
99.0 66.0 4 -10.0 0 0 5.0 10.0 0 0 -5.0
75.0 69.0 4 -10.0 0 0 5.0 10.0 0 0 -5.0
89.0 74.0 4 -10.0 0 0 5.0 10.0 0 0 -5.0
98.0 71.0 4 -10.0 0 0 5.0 10.0 0 0 -5.0
77.0 72.0 4 -10.0 0 0 5.0 10.0 0 0 -5.0
97.0 84.0 4 -10.0 0 0 5.0 10.0 0 0 -5.0
90.0 68.0 4 -10.0 0 0 5.0 10.0 0 0 -5.0
85.0 91.0 4 -10.0 0 0 5.0 10.0 0 0 -5.0
74.0 72.0 4 -10.0 0 0 5.0 10.0 0 0 -5.0
89.0 99.0 4 -10.0 0 0 5.0 10.0 0 0 -5.0
107.0 71.0 4 -10.0 0 0 5.0 10.0 0 0 -5.0
91.0 116.0 4 -10.0 0 0 5.0 10.0 0 0 -5.0
90.0 64.0 4 -10.0 0 0 5.0 10.0 0 0 -5.0
94.0 79.0 4 -10.0 0 0 5.0 10.0 0 0 -5.0
80.0 59.0 4 -10.0 0 0 5.0 10.0 0 0 -5.0
84.0 102.0 4 -10.0 0 0 5.0 10.0 0 0 -5.0
85.0 79.0 4 -10.0 0 0 5.0 10.0 0 0 -5.0
113.0 86.0 4 -10.0 0 0 5.0 10.0 0 0 -5.0
113.0 67.0 4 -10.0 0 0 5.0 10.0 0 0 -5.0
80.0 74.0 4 -10.0 0 0 5.0 10.0 0 0 -5.0
85.0 77.0 4 -10.0 0 0 5.0 10.0 0 0 -5.0
68.0 71.0 4 -10.0 0 0 5.0 10.0 0 0 -5.0
75.0 85.0 4 -10.0 0 0 5.0 10.0 0 0 -5.0
87.0 70.0 4 -10.0 0 0 5.0 10.0 0 0 -5.0
115.0 77.0 4 -10.0 0 0 5.0 10.0 0 0 -5.0
91.0 105.0 4 -10.0 0 0 5.0 10.0 0 0 -5.0
86.0 59.0 4 -10.0 0 0 5.0 10.0 0 0 -5.0
59.0 90.0 4 -10.0 0 0 5.0 10.0 0 0 -5.0
74.0 111.0 4 -10.0 0 0 5.0 10.0 0 0 -5.0
119.0 94.0 4 -10.0 0 0 5.0 10.0 0 0 -5.0
84.0 98.0 4 -10.0 0 0 5.0 10.0 0 0 -5.0
81.0 96.0 4 -10.0 0 0 5.0 10.0 0 0 -5.0
122.0 74.0 4 -10.0 0 0 5.0 10.0 0 0 -5.0
85.0 71.0 4 -10.0 0 0 5.0 10.0 0 0 -5.0
107.0 101.0 4 -10.0 0 0 5.0 10.0 0 0 -5.0
63.0 89.0 4 -10.0 0 0 5.0 10.0 0 0 -5.0
61.0 88.0 4 -10.0 0 0 5.0 10.0 0 0 -5.0
65.0 60.0 4 -10.0 0 0 5.0 10.0 0 0 -5.0
69.0 61.0 4 -10.0 0 0 5.0 10.0 0 0 -5.0
112.0 92.0 4 -10.0 0 0 5.0 10.0 0 0 -5.0
88.0 133.0 4 -10.0 0 0 5.0 10.0 0 0 -5.0
77.0 76.0 4 -10.0 0 0 5.0 10.0 0 0 -5.0
59.0 79.0 4 -10.0 0 0 5.0 10.0 0 0 -5.0
87.0 108.0 4 -10.0 0 0 5.0 10.0 0 0 -5.0
62.0 79.0 4 -10.0 0 0 5.0 10.0 0 0 -5.0
81.0 68.0 4 -10.0 0 0 5.0 10.0 0 0 -5.0
66.0 66.0 4 -10.0 0 0 5.0 10.0 0 0 -5.0
75.0 79.0 4 -10.0 0 0 5.0 10.0 0 0 -5.0
84.0 67.0 4 -10.0 0 0 5.0 10.0 0 0 -5.0
96.0 75.0 4 -10.0 0 0 5.0 10.0 0 0 -5.0
77.0 121.0 4 -10.0 0 0 5.0 10.0 0 0 -5.0
101.0 69.0 4 -10.0 0 0 5.0 10.0 0 0 -5.0
105.0 87.0 4 -10.0 0 0 5.0 10.0 0 0 -5.0
117.0 116.0 4 -10.0 0 0 5.0 10.0 0 0 -5.0
71.0 115.0 4 -10.0 0 0 5.0 10.0 0 0 -5.0
101.0 59.0 4 -10.0 0 0 5.0 10.0 0 0 -5.0
115.0 55.0 4 -10.0 0 0 5.0 10.0 0 0 -5.0
54.0 94.0 4 -10.0 0 0 5.0 10.0 0 0 -5.0
128.0 83.0 4 -10.0 0 0 5.0 10.0 0 0 -5.0
85.0 56.0 4 -10.0 0 0 5.0 10.0 0 0 -5.0
103.0 45.0 4 -10.0 0 0 5.0 10.0 0 0 -5.0
89.0 84.0 4 -10.0 0 0 5.0 10.0 0 0 -5.0
96.0 108.0 4 -10.0 0 0 5.0 10.0 0 0 -5.0
81.0 56.0 4 -10.0 0 0 5.0 10.0 0 0 -5.0
101.0 111.0 4 -10.0 0 0 5.0 10.0 0 0 -5.0
79.0 53.0 4 -10.0 0 0 5.0 10.0 0 0 -5.0
96.0 81.0 4 -10.0 0 0 5.0 10.0 0 0 -5.0
99.0 75.0 4 -10.0 0 0 5.0 10.0 0 0 -5.0
85.0 124.0 4 -10.0 0 0 5.0 10.0 0 0 -5.0
80.0 99.0 4 -10.0 0 0 5.0 10.0 0 0 -5.0
65.0 75.0 4 -10.0 0 0 5.0 10.0 0 0 -5.0
77.0 82.0 4 -10.0 0 0 5.0 10.0 0 0 -5.0
110.0 85.0 4 -10.0 0 0 5.0 10.0 0 0 -5.0
90.0 110.0 4 -10.0 0 0 5.0 10.0 0 0 -5.0
101.0 95.0 4 -10.0 0 0 5.0 10.0 0 0 -5.0
91.0 75.0 4 -10.0 0 0 5.0 10.0 0 0 -5.0
83.0 105.0 4 -10.0 0 0 5.0 10.0 0 0 -5.0
106.0 125.0 4 -10.0 0 0 5.0 10.0 0 0 -5.0
63.0 95.0 4 -10.0 0 0 5.0 10.0 0 0 -5.0
99.0 107.0 4 -10.0 0 0 5.0 10.0 0 0 -5.0
107.0 107.0 4 -10.0 0 0 5.0 10.0 0 0 -5.0
82.0 77.0 4 -10.0 0 0 5.0 10.0 0 0 -5.0
106.0 89.0 4 -10.0 0 0 5.0 10.0 0 0 -5.0
115.0 67.0 4 -10.0 0 0 5.0 10.0 0 0 -5.0
85.0 95.0 4 -10.0 0 0 5.0 10.0 0 0 -5.0
123.0 93.0 4 -10.0 0 0 5.0 10.0 0 0 -5.0
85.0 111.0 4 -10.0 0 0 5.0 10.0 0 0 -5.0
113.0 71.0 4 -10.0 0 0 5.0 10.0 0 0 -5.0
85.0 45.0 4 -10.0 0 0 5.0 10.0 0 0 -5.0
67.0 89.0 4 -10.0 0 0 5.0 10.0 0 0 -5.0
79.0 115.0 4 -10.0 0 0 5.0 10.0 0 0 -5.0
63.0 61.0 4 -10.0 0 0 5.0 10.0 0 0 -5.0
71.0 57.0 4 -10.0 0 0 5.0 10.0 0 0 -5.0
112.0 62.0 4 -10.0 0 0 5.0 10.0 0 0 -5.0
107.0 82.0 4 -10.0 0 0 5.0 10.0 0 0 -5.0
102.0 83.0 4 -10.0 0 0 5.0 10.0 0 0 -5.0
107.0 91.0 4 -10.0 0 0 5.0 10.0 0 0 -5.0
67.0 61.0 4 -10.0 0 0 5.0 10.0 0 0 -5.0
105.0 51.0 4 -10.0 0 0 5.0 10.0 0 0 -5.0
68.0 104.0 4 -10.0 0 0 5.0 10.0 0 0 -5.0
108.0 79.0 4 -10.0 0 0 5.0 10.0 0 0 -5.0
53.0 87.0 4 -10.0 0 0 5.0 10.0 0 0 -5.0
67.0 82.0 4 -10.0 0 0 5.0 10.0 0 0 -5.0
69.0 125.0 4 -10.0 0 0 5.0 10.0 0 0 -5.0
44.0 93.0 4 -10.0 0 0 5.0 10.0 0 0 -5.0
121.0 117.0 4 -10.0 0 0 5.0 10.0 0 0 -5.0
113.0 39.0 4 -10.0 0 0 5.0 10.0 0 0 -5.0
79.0 61.0 4 -10.0 0 0 5.0 10.0 0 0 -5.0
61.0 66.0 4 -10.0 0 0 5.0 10.0 0 0 -5.0
109.0 64.0 4 -10.0 0 0 5.0 10.0 0 0 -5.0
122.0 105.0 4 -10.0 0 0 5.0 10.0 0 0 -5.0
33.0 68.0 4 -10.0 0 0 5.0 10.0 0 0 -5.0
101.0 86.0 4 -10.0 0 0 5.0 10.0 0 0 -5.0
86.0 47.0 4 -10.0 0 0 5.0 10.0 0 0 -5.0
93.0 45.0 4 -10.0 0 0 5.0 10.0 0 0 -5.0
88.0 93.0 4 -10.0 0 0 5.0 10.0 0 0 -5.0
56.0 75.0 4 -10.0 0 0 5.0 10.0 0 0 -5.0
79.0 56.0 4 -10.0 0 0 5.0 10.0 0 0 -5.0
127.0 63.0 4 -10.0 0 0 5.0 10.0 0 0 -5.0
69.0 76.0 4 -10.0 0 0 5.0 10.0 0 0 -5.0
109.0 76.0 4 -10.0 0 0 5.0 10.0 0 0 -5.0
73.0 54.0 4 -10.0 0 0 5.0 10.0 0 0 -5.0
73.0 51.0 4 -10.0 0 0 5.0 10.0 0 0 -5.0
92.0 125.0 4 -10.0 0 0 5.0 10.0 0 0 -5.0
67.0 96.0 4 -10.0 0 0 5.0 10.0 0 0 -5.0
61.0 55.0 4 -10.0 0 0 5.0 10.0 0 0 -5.0
89.0 125.0 4 -10.0 0 0 5.0 10.0 0 0 -5.0
53.0 92.0 4 -10.0 0 0 5.0 10.0 0 0 -5.0
65.0 55.0 4 -10.0 0 0 5.0 10.0 0 0 -5.0
119.0 70.0 4 -10.0 0 0 5.0 10.0 0 0 -5.0
51.0 78.0 4 -10.0 0 0 5.0 10.0 0 0 -5.0
127.0 87.0 4 -10.0 0 0 5.0 10.0 0 0 -5.0
102.0 64.0 4 -10.0 0 0 5.0 10.0 0 0 -5.0
62.0 106.0 4 -10.0 0 0 5.0 10.0 0 0 -5.0
104.0 115.0 4 -10.0 0 0 5.0 10.0 0 0 -5.0
107.0 86.0 4 -10.0 0 0 5.0 10.0 0 0 -5.0
59.0 113.0 4 -10.0 0 0 5.0 10.0 0 0 -5.0
119.0 90.0 4 -10.0 0 0 5.0 10.0 0 0 -5.0
45.0 68.0 4 -10.0 0 0 5.0 10.0 0 0 -5.0
107.0 58.0 4 -10.0 0 0 5.0 10.0 0 0 -5.0
105.0 67.0 4 -10.0 0 0 5.0 10.0 0 0 -5.0
57.0 58.0 4 -10.0 0 0 5.0 10.0 0 0 -5.0
58.0 84.0 4 -10.0 0 0 5.0 10.0 0 0 -5.0
115.0 86.0 4 -10.0 0 0 5.0 10.0 0 0 -5.0
105.0 61.0 4 -10.0 0 0 5.0 10.0 0 0 -5.0
95.0 37.0 4 -10.0 0 0 5.0 10.0 0 0 -5.0
75.0 83.0 4 -10.0 0 0 5.0 10.0 0 0 -5.0
81.0 70.0 4 -10.0 0 0 5.0 10.0 0 0 -5.0
68.0 123.0 4 -10.0 0 0 5.0 10.0 0 0 -5.0
102.0 99.0 4 -10.0 0 0 5.0 10.0 0 0 -5.0
97.0 104.0 4 -10.0 0 0 5.0 10.0 0 0 -5.0
55.0 62.0 4 -10.0 0 0 5.0 10.0 0 0 -5.0
121.0 82.0 4 -10.0 0 0 5.0 10.0 0 0 -5.0
60.0 111.0 4 -10.0 0 0 5.0 10.0 0 0 -5.0
124.0 88.0 4 -10.0 0 0 5.0 10.0 0 0 -5.0
73.0 120.0 4 -10.0 0 0 5.0 10.0 0 0 -5.0
114.0 95.0 4 -10.0 0 0 5.0 10.0 0 0 -5.0
57.0 82.0 4 -10.0 0 0 5.0 10.0 0 0 -5.0
41.0 91.0 4 -10.0 0 0 5.0 10.0 0 0 -5.0
92.0 121.0 4 -10.0 0 0 5.0 10.0 0 0 -5.0
81.0 116.0 4 -10.0 0 0 5.0 10.0 0 0 -5.0
85.0 40.0 4 -10.0 0 0 5.0 10.0 0 0 -5.0
79.0 65.0 4 -10.0 0 0 5.0 10.0 0 0 -5.0
73.0 47.0 4 -10.0 0 0 5.0 10.0 0 0 -5.0
89.0 104.0 4 -10.0 0 0 5.0 10.0 0 0 -5.0
125.0 85.0 4 -10.0 0 0 5.0 10.0 0 0 -5.0
75.0 61.0 4 -10.0 0 0 5.0 10.0 0 0 -5.0
69.0 67.0 4 -10.0 0 0 5.0 10.0 0 0 -5.0
96.0 122.0 4 -10.0 0 0 5.0 10.0 0 0 -5.0
109.0 109.0 4 -10.0 0 0 5.0 10.0 0 0 -5.0
64.0 114.0 4 -10.0 0 0 5.0 10.0 0 0 -5.0
103.0 133.0 4 -10.0 0 0 5.0 10.0 0 0 -5.0
71.0 92.0 4 -10.0 0 0 5.0 10.0 0 0 -5.0
101.0 104.0 4 -10.0 0 0 5.0 10.0 0 0 -5.0
74.0 123.0 4 -10.0 0 0 5.0 10.0 0 0 -5.0
43.0 99.0 4 -10.0 0 0 5.0 10.0 0 0 -5.0
59.0 75.0 4 -10.0 0 0 5.0 10.0 0 0 -5.0
108.0 125.0 4 -10.0 0 0 5.0 10.0 0 0 -5.0
67.0 52.0 4 -10.0 0 0 5.0 10.0 0 0 -5.0
42.0 71.0 4 -10.0 0 0 5.0 10.0 0 0 -5.0
135.0 91.0 4 -10.0 0 0 5.0 10.0 0 0 -5.0
92.0 69.0 4 -10.0 0 0 5.0 10.0 0 0 -5.0
52.0 85.0 4 -10.0 0 0 5.0 10.0 0 0 -5.0
53.0 97.0 4 -10.0 0 0 5.0 10.0 0 0 -5.0
71.0 100.0 4 -10.0 0 0 5.0 10.0 0 0 -5.0
71.0 111.0 4 -10.0 0 0 5.0 10.0 0 0 -5.0
90.0 48.0 4 -10.0 0 0 5.0 10.0 0 0 -5.0
109.0 61.0 4 -10.0 0 0 5.0 10.0 0 0 -5.0
88.0 55.0 4 -10.0 0 0 5.0 10.0 0 0 -5.0
61.0 97.0 4 -10.0 0 0 5.0 10.0 0 0 -5.0
116.0 94.0 4 -10.0 0 0 5.0 10.0 0 0 -5.0
53.0 66.0 4 -10.0 0 0 5.0 10.0 0 0 -5.0
48.0 92.0 4 -10.0 0 0 5.0 10.0 0 0 -5.0
59.0 67.0 4 -10.0 0 0 5.0 10.0 0 0 -5.0
57.0 69.0 4 -10.0 0 0 5.0 10.0 0 0 -5.0
63.0 121.0 4 -10.0 0 0 5.0 10.0 0 0 -5.0
69.0 46.0 4 -10.0 0 0 5.0 10.0 0 0 -5.0
39.0 87.0 4 -10.0 0 0 5.0 10.0 0 0 -5.0
49.0 98.0 4 -10.0 0 0 5.0 10.0 0 0 -5.0
74.0 90.0 4 -10.0 0 0 5.0 10.0 0 0 -5.0
58.0 121.0 4 -10.0 0 0 5.0 10.0 0 0 -5.0
67.0 100.0 4 -10.0 0 0 5.0 10.0 0 0 -5.0
101.0 53.0 4 -10.0 0 0 5.0 10.0 0 0 -5.0
127.0 51.0 4 -10.0 0 0 5.0 10.0 0 0 -5.0
51.0 91.0 4 -10.0 0 0 5.0 10.0 0 0 -5.0
50.0 66.0 4 -10.0 0 0 5.0 10.0 0 0 -5.0
73.0 65.0 4 -10.0 0 0 5.0 10.0 0 0 -5.0
75.0 57.0 4 -10.0 0 0 5.0 10.0 0 0 -5.0
49.0 63.0 4 -10.0 0 0 5.0 10.0 0 0 -5.0
106.0 99.0 4 -10.0 0 0 5.0 10.0 0 0 -5.0
133.0 84.0 4 -10.0 0 0 5.0 10.0 0 0 -5.0
125.0 67.0 4 -10.0 0 0 5.0 10.0 0 0 -5.0
95.0 63.0 4 -10.0 0 0 5.0 10.0 0 0 -5.0
53.0 60.0 4 -10.0 0 0 5.0 10.0 0 0 -5.0
95.0 119.0 4 -10.0 0 0 5.0 10.0 0 0 -5.0
44.0 81.0 4 -10.0 0 0 5.0 10.0 0 0 -5.0
66.0 119.0 4 -10.0 0 0 5.0 10.0 0 0 -5.0
114.0 59.0 4 -10.0 0 0 5.0 10.0 0 0 -5.0
119.0 87.0 4 -10.0 0 0 5.0 10.0 0 0 -5.0
118.0 111.0 4 -10.0 0 0 5.0 10.0 0 0 -5.0
71.0 84.0 4 -10.0 0 0 5.0 10.0 0 0 -5.0
71.0 128.0 4 -10.0 0 0 5.0 10.0 0 0 -5.0
77.0 30.0 4 -10.0 0 0 5.0 10.0 0 0 -5.0
124.0 55.0 4 -10.0 0 0 5.0 10.0 0 0 -5.0
41.0 75.0 4 -10.0 0 0 5.0 10.0 0 0 -5.0
55.0 105.0 4 -10.0 0 0 5.0 10.0 0 0 -5.0
90.0 51.0 4 -10.0 0 0 5.0 10.0 0 0 -5.0
95.0 49.0 4 -10.0 0 0 5.0 10.0 0 0 -5.0
42.0 78.0 4 -10.0 0 0 5.0 10.0 0 0 -5.0
111.0 121.0 4 -10.0 0 0 5.0 10.0 0 0 -5.0
109.0 49.0 4 -10.0 0 0 5.0 10.0 0 0 -5.0
95.0 60.0 4 -10.0 0 0 5.0 10.0 0 0 -5.0
52.0 57.0 4 -10.0 0 0 5.0 10.0 0 0 -5.0
46.0 106.0 4 -10.0 0 0 5.0 10.0 0 0 -5.0
59.0 102.0 4 -10.0 0 0 5.0 10.0 0 0 -5.0
122.0 59.0 4 -10.0 0 0 5.0 10.0 0 0 -5.0
86.0 115.0 4 -10.0 0 0 5.0 10.0 0 0 -5.0
95.0 56.0 4 -10.0 0 0 5.0 10.0 0 0 -5.0
49.0 61.0 4 -10.0 0 0 5.0 10.0 0 0 -5.0
70.0 109.0 4 -10.0 0 0 5.0 10.0 0 0 -5.0
73.0 32.0 4 -10.0 0 0 5.0 10.0 0 0 -5.0
41.0 60.0 4 -10.0 0 0 5.0 10.0 0 0 -5.0
94.0 111.0 4 -10.0 0 0 5.0 10.0 0 0 -5.0
73.0 126.0 4 -10.0 0 0 5.0 10.0 0 0 -5.0
45.0 89.0 4 -10.0 0 0 5.0 10.0 0 0 -5.0
117.0 82.0 4 -10.0 0 0 5.0 10.0 0 0 -5.0
97.0 115.0 4 -10.0 0 0 5.0 10.0 0 0 -5.0
83.0 25.0 4 -10.0 0 0 5.0 10.0 0 0 -5.0
39.0 99.0 4 -10.0 0 0 5.0 10.0 0 0 -5.0
131.0 79.0 4 -10.0 0 0 5.0 10.0 0 0 -5.0
66.0 71.0 4 -10.0 0 0 5.0 10.0 0 0 -5.0
109.0 118.0 4 -10.0 0 0 5.0 10.0 0 0 -5.0
61.0 118.0 4 -10.0 0 0 5.0 10.0 0 0 -5.0
105.0 74.0 4 -10.0 0 0 5.0 10.0 0 0 -5.0
83.0 73.0 4 -10.0 0 0 5.0 10.0 0 0 -5.0
99.0 121.0 4 -10.0 0 0 5.0 10.0 0 0 -5.0
61.0 64.0 4 -10.0 0 0 5.0 10.0 0 0 -5.0
115.0 114.0 4 -10.0 0 0 5.0 10.0 0 0 -5.0
25.0 73.0 4 -10.0 0 0 5.0 10.0 0 0 -5.0
102.0 73.0 4 -10.0 0 0 5.0 10.0 0 0 -5.0
84.0 62.0 4 -10.0 0 0 5.0 10.0 0 0 -5.0
93.0 136.0 4 -10.0 0 0 5.0 10.0 0 0 -5.0
109.0 57.0 4 -10.0 0 0 5.0 10.0 0 0 -5.0
47.0 69.0 4 -10.0 0 0 5.0 10.0 0 0 -5.0
97.0 25.0 4 -10.0 0 0 5.0 10.0 0 0 -5.0
95.0 68.0 4 -10.0 0 0 5.0 10.0 0 0 -5.0
137.0 83.0 4 -10.0 0 0 5.0 10.0 0 0 -5.0
63.0 45.0 4 -10.0 0 0 5.0 10.0 0 0 -5.0
52.0 51.0 4 -10.0 0 0 5.0 10.0 0 0 -5.0
54.0 55.0 4 -10.0 0 0 5.0 10.0 0 0 -5.0
51.0 106.0 4 -10.0 0 0 5.0 10.0 0 0 -5.0
79.0 104.0 4 -10.0 0 0 5.0 10.0 0 0 -5.0
100.0 44.0 4 -10.0 0 0 5.0 10.0 0 0 -5.0
64.0 49.0 4 -10.0 0 0 5.0 10.0 0 0 -5.0
48.0 113.0 4 -10.0 0 0 5.0 10.0 0 0 -5.0
124.0 119.0 4 -10.0 0 0 5.0 10.0 0 0 -5.0
123.0 100.0 4 -10.0 0 0 5.0 10.0 0 0 -5.0
135.0 66.0 4 -10.0 0 0 5.0 10.0 0 0 -5.0
117.0 55.0 4 -10.0 0 0 5.0 10.0 0 0 -5.0
103.0 79.0 4 -10.0 0 0 5.0 10.0 0 0 -5.0
34.0 45.0 4 -10.0 0 0 5.0 10.0 0 0 -5.0
50.0 123.0 4 -10.0 0 0 5.0 10.0 0 0 -5.0
119.0 79.0 4 -10.0 0 0 5.0 10.0 0 0 -5.0
48.0 84.0 4 -10.0 0 0 5.0 10.0 0 0 -5.0
96.0 45.0 4 -10.0 0 0 5.0 10.0 0 0 -5.0
81.0 32.0 4 -10.0 0 0 5.0 10.0 0 0 -5.0
133.0 96.0 4 -10.0 0 0 5.0 10.0 0 0 -5.0
37.0 73.0 4 -10.0 0 0 5.0 10.0 0 0 -5.0
63.0 71.0 4 -10.0 0 0 5.0 10.0 0 0 -5.0
133.0 100.0 4 -10.0 0 0 5.0 10.0 0 0 -5.0
112.0 97.0 4 -10.0 0 0 5.0 10.0 0 0 -5.0
60.0 34.0 4 -10.0 0 0 5.0 10.0 0 0 -5.0
76.0 45.0 4 -10.0 0 0 5.0 10.0 0 0 -5.0
122.0 56.0 4 -10.0 0 0 5.0 10.0 0 0 -5.0
137.0 71.0 4 -10.0 0 0 5.0 10.0 0 0 -5.0
109.0 98.0 4 -10.0 0 0 5.0 10.0 0 0 -5.0
135.0 101.0 4 -10.0 0 0 5.0 10.0 0 0 -5.0
64.0 103.0 4 -10.0 0 0 5.0 10.0 0 0 -5.0
44.0 73.0 4 -10.0 0 0 5.0 10.0 0 0 -5.0
41.0 85.0 4 -10.0 0 0 5.0 10.0 0 0 -5.0
113.0 109.0 4 -10.0 0 0 5.0 10.0 0 0 -5.0
69.0 39.0 4 -10.0 0 0 5.0 10.0 0 0 -5.0
90.0 40.0 4 -10.0 0 0 5.0 10.0 0 0 -5.0
75.0 103.0 4 -10.0 0 0 5.0 10.0 0 0 -5.0
61.0 42.0 4 -10.0 0 0 5.0 10.0 0 0 -5.0
34.0 78.0 4 -10.0 0 0 5.0 10.0 0 0 -5.0
41.0 102.0 4 -10.0 0 0 5.0 10.0 0 0 -5.0
45.0 63.0 4 -10.0 0 0 5.0 10.0 0 0 -5.0
123.0 77.0 4 -10.0 0 0 5.0 10.0 0 0 -5.0
112.0 49.0 4 -10.0 0 0 5.0 10.0 0 0 -5.0
128.0 75.0 4 -10.0 0 0 5.0 10.0 0 0 -5.0
51.0 74.0 4 -10.0 0 0 5.0 10.0 0 0 -5.0
37.0 121.0 4 -10.0 0 0 5.0 10.0 0 0 -5.0
135.0 105.0 4 -10.0 0 0 5.0 10.0 0 0 -5.0
121.0 51.0 4 -10.0 0 0 5.0 10.0 0 0 -5.0
121.0 124.0 4 -10.0 0 0 5.0 10.0 0 0 -5.0
113.0 44.0 4 -10.0 0 0 5.0 10.0 0 0 -5.0
125.0 108.0 4 -10.0 0 0 5.0 10.0 0 0 -5.0
80.0 136.0 4 -10.0 0 0 5.0 10.0 0 0 -5.0
97.0 135.0 4 -10.0 0 0 5.0 10.0 0 0 -5.0
115.0 105.0 4 -10.0 0 0 5.0 10.0 0 0 -5.0
137.0 77.0 4 -10.0 0 0 5.0 10.0 0 0 -5.0
124.0 30.0 4 -10.0 0 0 5.0 10.0 0 0 -5.0
53.0 115.0 4 -10.0 0 0 5.0 10.0 0 0 -5.0
70.0 79.0 4 -10.0 0 0 5.0 10.0 0 0 -5.0
121.0 44.0 4 -10.0 0 0 5.0 10.0 0 0 -5.0
56.0 41.0 4 -10.0 0 0 5.0 10.0 0 0 -5.0
116.0 43.0 4 -10.0 0 0 5.0 10.0 0 0 -5.0
48.0 87.0 4 -10.0 0 0 5.0 10.0 0 0 -5.0
116.0 74.0 4 -10.0 0 0 5.0 10.0 0 0 -5.0
99.0 49.0 4 -10.0 0 0 5.0 10.0 0 0 -5.0
113.0 116.0 4 -10.0 0 0 5.0 10.0 0 0 -5.0
110.0 69.0 4 -10.0 0 0 5.0 10.0 0 0 -5.0
57.0 111.0 4 -10.0 0 0 5.0 10.0 0 0 -5.0
65.0 106.0 4 -10.0 0 0 5.0 10.0 0 0 -5.0
83.0 123.0 4 -10.0 0 0 5.0 10.0 0 0 -5.0
119.0 65.0 4 -10.0 0 0 5.0 10.0 0 0 -5.0
106.0 113.0 4 -10.0 0 0 5.0 10.0 0 0 -5.0
131.0 114.0 4 -10.0 0 0 5.0 10.0 0 0 -5.0
49.0 47.0 4 -10.0 0 0 5.0 10.0 0 0 -5.0
63.0 39.0 4 -10.0 0 0 5.0 10.0 0 0 -5.0
100.0 130.0 4 -10.0 0 0 5.0 10.0 0 0 -5.0
33.0 85.0 4 -10.0 0 0 5.0 10.0 0 0 -5.0
109.0 113.0 4 -10.0 0 0 5.0 10.0 0 0 -5.0
99.0 38.0 4 -10.0 0 0 5.0 10.0 0 0 -5.0
37.0 65.0 4 -10.0 0 0 5.0 10.0 0 0 -5.0
80.0 109.0 4 -10.0 0 0 5.0 10.0 0 0 -5.0
111.0 53.0 4 -10.0 0 0 5.0 10.0 0 0 -5.0
93.0 129.0 4 -10.0 0 0 5.0 10.0 0 0 -5.0
93.0 34.0 4 -10.0 0 0 5.0 10.0 0 0 -5.0
109.0 40.0 4 -10.0 0 0 5.0 10.0 0 0 -5.0
103.0 36.0 4 -10.0 0 0 5.0 10.0 0 0 -5.0
111.0 79.0 4 -10.0 0 0 5.0 10.0 0 0 -5.0
47.0 79.0 4 -10.0 0 0 5.0 10.0 0 0 -5.0
118.0 99.0 4 -10.0 0 0 5.0 10.0 0 0 -5.0
47.0 121.0 4 -10.0 0 0 5.0 10.0 0 0 -5.0
49.0 131.0 4 -10.0 0 0 5.0 10.0 0 0 -5.0
87.0 123.0 4 -10.0 0 0 5.0 10.0 0 0 -5.0
141.0 111.0 4 -10.0 0 0 5.0 10.0 0 0 -5.0
141.0 83.0 4 -10.0 0 0 5.0 10.0 0 0 -5.0
134.0 74.0 4 -10.0 0 0 5.0 10.0 0 0 -5.0
132.0 106.0 4 -10.0 0 0 5.0 10.0 0 0 -5.0
133.0 55.0 4 -10.0 0 0 5.0 10.0 0 0 -5.0
67.0 115.0 4 -10.0 0 0 5.0 10.0 0 0 -5.0
99.0 35.0 4 -10.0 0 0 5.0 10.0 0 0 -5.0
113.0 124.0 4 -10.0 0 0 5.0 10.0 0 0 -5.0
79.0 38.0 4 -10.0 0 0 5.0 10.0 0 0 -5.0
131.0 90.0 4 -10.0 0 0 5.0 10.0 0 0 -5.0
92.0 62.0 4 -10.0 0 0 5.0 10.0 0 0 -5.0
67.0 29.0 4 -10.0 0 0 5.0 10.0 0 0 -5.0
79.0 43.0 4 -10.0 0 0 5.0 10.0 0 0 -5.0
55.0 117.0 4 -10.0 0 0 5.0 10.0 0 0 -5.0
51.0 98.0 4 -10.0 0 0 5.0 10.0 0 0 -5.0
121.0 109.0 4 -10.0 0 0 5.0 10.0 0 0 -5.0
93.0 114.0 4 -10.0 0 0 5.0 10.0 0 0 -5.0
47.0 35.0 4 -10.0 0 0 5.0 10.0 0 0 -5.0
117.0 123.0 4 -10.0 0 0 5.0 10.0 0 0 -5.0
73.0 137.0 4 -10.0 0 0 5.0 10.0 0 0 -5.0
61.0 85.0 4 -10.0 0 0 5.0 10.0 0 0 -5.0
121.0 71.0 4 -10.0 0 0 5.0 10.0 0 0 -5.0
79.0 28.0 4 -10.0 0 0 5.0 10.0 0 0 -5.0
99.0 127.0 4 -10.0 0 0 5.0 10.0 0 0 -5.0
27.0 64.0 4 -10.0 0 0 5.0 10.0 0 0 -5.0
72.0 105.0 4 -10.0 0 0 5.0 10.0 0 0 -5.0
109.0 67.0 4 -10.0 0 0 5.0 10.0 0 0 -5.0
107.0 39.0 4 -10.0 0 0 5.0 10.0 0 0 -5.0
144.0 69.0 4 -10.0 0 0 5.0 10.0 0 0 -5.0
59.0 47.0 4 -10.0 0 0 5.0 10.0 0 0 -5.0
37.0 84.0 4 -10.0 0 0 5.0 10.0 0 0 -5.0
106.0 44.0 4 -10.0 0 0 5.0 10.0 0 0 -5.0
81.0 129.0 4 -10.0 0 0 5.0 10.0 0 0 -5.0
65.0 31.0 4 -10.0 0 0 5.0 10.0 0 0 -5.0
95.0 137.0 4 -10.0 0 0 5.0 10.0 0 0 -5.0
127.0 98.0 4 -10.0 0 0 5.0 10.0 0 0 -5.0
79.0 122.0 4 -10.0 0 0 5.0 10.0 0 0 -5.0
37.0 90.0 4 -10.0 0 0 5.0 10.0 0 0 -5.0
36.0 75.0 4 -10.0 0 0 5.0 10.0 0 0 -5.0
70.0 133.0 4 -10.0 0 0 5.0 10.0 0 0 -5.0
131.0 71.0 4 -10.0 0 0 5.0 10.0 0 0 -5.0
34.0 58.0 4 -10.0 0 0 5.0 10.0 0 0 -5.0
57.0 43.0 4 -10.0 0 0 5.0 10.0 0 0 -5.0
87.0 43.0 4 -10.0 0 0 5.0 10.0 0 0 -5.0
136.0 94.0 4 -10.0 0 0 5.0 10.0 0 0 -5.0
129.0 58.0 4 -10.0 0 0 5.0 10.0 0 0 -5.0
129.0 67.0 4 -10.0 0 0 5.0 10.0 0 0 -5.0
103.0 47.0 4 -10.0 0 0 5.0 10.0 0 0 -5.0
120.0 61.0 4 -10.0 0 0 5.0 10.0 0 0 -5.0
131.0 63.0 4 -10.0 0 0 5.0 10.0 0 0 -5.0
79.0 47.0 4 -10.0 0 0 5.0 10.0 0 0 -5.0
135.0 59.0 4 -10.0 0 0 5.0 10.0 0 0 -5.0
45.0 51.0 4 -10.0 0 0 5.0 10.0 0 0 -5.0
106.0 130.0 4 -10.0 0 0 5.0 10.0 0 0 -5.0
45.0 57.0 4 -10.0 0 0 5.0 10.0 0 0 -5.0
25.0 87.0 4 -10.0 0 0 5.0 10.0 0 0 -5.0
83.0 35.0 4 -10.0 0 0 5.0 10.0 0 0 -5.0
48.0 103.0 4 -10.0 0 0 5.0 10.0 0 0 -5.0
39.0 111.0 4 -10.0 0 0 5.0 10.0 0 0 -5.0
135.0 111.0 4 -10.0 0 0 5.0 10.0 0 0 -5.0
97.0 34.0 4 -10.0 0 0 5.0 10.0 0 0 -5.0
115.0 100.0 4 -10.0 0 0 5.0 10.0 0 0 -5.0
117.0 107.0 4 -10.0 0 0 5.0 10.0 0 0 -5.0
123.0 112.0 4 -10.0 0 0 5.0 10.0 0 0 -5.0
37.0 105.0 4 -10.0 0 0 5.0 10.0 0 0 -5.0
25.0 106.0 4 -10.0 0 0 5.0 10.0 0 0 -5.0
77.0 143.0 4 -10.0 0 0 5.0 10.0 0 0 -5.0
105.0 33.0 4 -10.0 0 0 5.0 10.0 0 0 -5.0
73.0 41.0 4 -10.0 0 0 5.0 10.0 0 0 -5.0
57.0 107.0 4 -10.0 0 0 5.0 10.0 0 0 -5.0
139.0 55.0 4 -10.0 0 0 5.0 10.0 0 0 -5.0
84.0 131.0 4 -10.0 0 0 5.0 10.0 0 0 -5.0
41.0 41.0 4 -10.0 0 0 5.0 10.0 0 0 -5.0
46.0 77.0 4 -10.0 0 0 5.0 10.0 0 0 -5.0
87.0 32.0 4 -10.0 0 0 5.0 10.0 0 0 -5.0
55.0 48.0 4 -10.0 0 0 5.0 10.0 0 0 -5.0
113.0 133.0 4 -10.0 0 0 5.0 10.0 0 0 -5.0
138.0 87.0 4 -10.0 0 0 5.0 10.0 0 0 -5.0
47.0 111.0 4 -10.0 0 0 5.0 10.0 0 0 -5.0
59.0 91.0 4 -10.0 0 0 5.0 10.0 0 0 -5.0
117.0 47.0 4 -10.0 0 0 5.0 10.0 0 0 -5.0
90.0 35.0 4 -10.0 0 0 5.0 10.0 0 0 -5.0
119.0 56.0 4 -10.0 0 0 5.0 10.0 0 0 -5.0
51.0 43.0 4 -10.0 0 0 5.0 10.0 0 0 -5.0
105.0 105.0 4 -10.0 0 0 5.0 10.0 0 0 -5.0
77.0 132.0 4 -10.0 0 0 5.0 10.0 0 0 -5.0
74.0 115.0 4 -10.0 0 0 5.0 10.0 0 0 -5.0
117.0 35.0 4 -10.0 0 0 5.0 10.0 0 0 -5.0
115.0 137.0 4 -10.0 0 0 5.0 10.0 0 0 -5.0
103.0 120.0 4 -10.0 0 0 5.0 10.0 0 0 -5.0
114.0 31.0 4 -10.0 0 0 5.0 10.0 0 0 -5.0
47.0 71.0 4 -10.0 0 0 5.0 10.0 0 0 -5.0
114.0 129.0 4 -10.0 0 0 5.0 10.0 0 0 -5.0
53.0 121.0 4 -10.0 0 0 5.0 10.0 0 0 -5.0
141.0 49.0 4 -10.0 0 0 5.0 10.0 0 0 -5.0
127.0 33.0 4 -10.0 0 0 5.0 10.0 0 0 -5.0
140.0 92.0 4 -10.0 0 0 5.0 10.0 0 0 -5.0
143.0 89.0 4 -10.0 0 0 5.0 10.0 0 0 -5.0
144.0 61.0 4 -10.0 0 0 5.0 10.0 0 0 -5.0
115.0 51.0 4 -10.0 0 0 5.0 10.0 0 0 -5.0
83.0 139.0 4 -10.0 0 0 5.0 10.0 0 0 -5.0
67.0 37.0 4 -10.0 0 0 5.0 10.0 0 0 -5.0
99.0 33.0 4 -10.0 0 0 5.0 10.0 0 0 -5.0
53.0 101.0 4 -10.0 0 0 5.0 10.0 0 0 -5.0
101.0 41.0 4 -10.0 0 0 5.0 10.0 0 0 -5.0
70.0 50.0 4 -10.0 0 0 5.0 10.0 0 0 -5.0
137.0 39.0 4 -10.0 0 0 5.0 10.0 0 0 -5.0
62.0 49.0 4 -10.0 0 0 5.0 10.0 0 0 -5.0
64.0 125.0 4 -10.0 0 0 5.0 10.0 0 0 -5.0
126.0 93.0 4 -10.0 0 0 5.0 10.0 0 0 -5.0
38.0 51.0 4 -10.0 0 0 5.0 10.0 0 0 -5.0
74.0 28.0 4 -10.0 0 0 5.0 10.0 0 0 -5.0
54.0 131.0 4 -10.0 0 0 5.0 10.0 0 0 -5.0
128.0 36.0 4 -10.0 0 0 5.0 10.0 0 0 -5.0
119.0 129.0 4 -10.0 0 0 5.0 10.0 0 0 -5.0
42.0 96.0 4 -10.0 0 0 5.0 10.0 0 0 -5.0
137.0 74.0 4 -10.0 0 0 5.0 10.0 0 0 -5.0
