500
52.0 100.0 4 -10.0 0 0 5.0 10.0 0 0 -5.0
72.0 74.0 4 -10.0 0 0 5.0 10.0 0 0 -5.0
129.0 70.0 4 -10.0 0 0 5.0 10.0 0 0 -5.0
123.0 70.0 4 -10.0 0 0 5.0 10.0 0 0 -5.0
185.0 104.0 4 -10.0 0 0 5.0 10.0 0 0 -5.0
109.0 44.0 4 -10.0 0 0 5.0 10.0 0 0 -5.0
108.0 151.0 4 -10.0 0 0 5.0 10.0 0 0 -5.0
80.0 92.0 4 -10.0 0 0 5.0 10.0 0 0 -5.0
25.0 234.0 4 -10.0 0 0 5.0 10.0 0 0 -5.0
103.0 140.0 4 -10.0 0 0 5.0 10.0 0 0 -5.0
125.0 142.0 4 -10.0 0 0 5.0 10.0 0 0 -5.0
95.0 93.0 4 -10.0 0 0 5.0 10.0 0 0 -5.0
76.0 113.0 4 -10.0 0 0 5.0 10.0 0 0 -5.0
188.0 142.0 4 -10.0 0 0 5.0 10.0 0 0 -5.0
155.0 105.0 4 -10.0 0 0 5.0 10.0 0 0 -5.0
28.0 133.0 4 -10.0 0 0 5.0 10.0 0 0 -5.0
86.0 80.0 4 -10.0 0 0 5.0 10.0 0 0 -5.0
87.0 114.0 4 -10.0 0 0 5.0 10.0 0 0 -5.0
93.0 123.0 4 -10.0 0 0 5.0 10.0 0 0 -5.0
128.0 123.0 4 -10.0 0 0 5.0 10.0 0 0 -5.0
80.0 100.0 4 -10.0 0 0 5.0 10.0 0 0 -5.0
90.0 93.0 4 -10.0 0 0 5.0 10.0 0 0 -5.0
89.0 44.0 4 -10.0 0 0 5.0 10.0 0 0 -5.0
137.0 133.0 4 -10.0 0 0 5.0 10.0 0 0 -5.0
123.0 88.0 4 -10.0 0 0 5.0 10.0 0 0 -5.0
65.0 122.0 4 -10.0 0 0 5.0 10.0 0 0 -5.0
99.0 30.0 4 -10.0 0 0 5.0 10.0 0 0 -5.0
120.0 84.0 4 -10.0 0 0 5.0 10.0 0 0 -5.0
74.0 104.0 4 -10.0 0 0 5.0 10.0 0 0 -5.0
63.0 72.0 4 -10.0 0 0 5.0 10.0 0 0 -5.0
159.0 95.0 4 -10.0 0 0 5.0 10.0 0 0 -5.0
134.0 97.0 4 -10.0 0 0 5.0 10.0 0 0 -5.0
58.0 58.0 4 -10.0 0 0 5.0 10.0 0 0 -5.0
137.0 127.0 4 -10.0 0 0 5.0 10.0 0 0 -5.0
113.0 90.0 4 -10.0 0 0 5.0 10.0 0 0 -5.0
155.0 153.0 4 -10.0 0 0 5.0 10.0 0 0 -5.0
84.0 102.0 4 -10.0 0 0 5.0 10.0 0 0 -5.0
55.0 88.0 4 -10.0 0 0 5.0 10.0 0 0 -5.0
82.0 118.0 4 -10.0 0 0 5.0 10.0 0 0 -5.0
115.0 124.0 4 -10.0 0 0 5.0 10.0 0 0 -5.0
67.0 70.0 4 -10.0 0 0 5.0 10.0 0 0 -5.0
105.0 131.0 4 -10.0 0 0 5.0 10.0 0 0 -5.0
142.0 82.0 4 -10.0 0 0 5.0 10.0 0 0 -5.0
83.0 130.0 4 -10.0 0 0 5.0 10.0 0 0 -5.0
120.0 58.0 4 -10.0 0 0 5.0 10.0 0 0 -5.0
111.0 49.0 4 -10.0 0 0 5.0 10.0 0 0 -5.0
120.0 25.0 4 -10.0 0 0 5.0 10.0 0 0 -5.0
73.0 95.0 4 -10.0 0 0 5.0 10.0 0 0 -5.0
152.0 167.0 4 -10.0 0 0 5.0 10.0 0 0 -5.0
81.0 76.0 4 -10.0 0 0 5.0 10.0 0 0 -5.0
160.0 89.0 4 -10.0 0 0 5.0 10.0 0 0 -5.0
145.0 114.0 4 -10.0 0 0 5.0 10.0 0 0 -5.0
108.0 97.0 4 -10.0 0 0 5.0 10.0 0 0 -5.0
142.0 95.0 4 -10.0 0 0 5.0 10.0 0 0 -5.0
90.0 103.0 4 -10.0 0 0 5.0 10.0 0 0 -5.0
114.0 95.0 4 -10.0 0 0 5.0 10.0 0 0 -5.0
72.0 90.0 4 -10.0 0 0 5.0 10.0 0 0 -5.0
121.0 79.0 4 -10.0 0 0 5.0 10.0 0 0 -5.0
101.0 107.0 4 -10.0 0 0 5.0 10.0 0 0 -5.0
98.0 73.0 4 -10.0 0 0 5.0 10.0 0 0 -5.0
123.0 121.0 4 -10.0 0 0 5.0 10.0 0 0 -5.0
127.0 32.0 4 -10.0 0 0 5.0 10.0 0 0 -5.0
67.0 92.0 4 -10.0 0 0 5.0 10.0 0 0 -5.0
131.0 84.0 4 -10.0 0 0 5.0 10.0 0 0 -5.0
94.0 102.0 4 -10.0 0 0 5.0 10.0 0 0 -5.0
150.0 157.0 4 -10.0 0 0 5.0 10.0 0 0 -5.0
101.0 96.0 4 -10.0 0 0 5.0 10.0 0 0 -5.0
80.0 86.0 4 -10.0 0 0 5.0 10.0 0 0 -5.0
119.0 67.0 4 -10.0 0 0 5.0 10.0 0 0 -5.0
61.0 98.0 4 -10.0 0 0 5.0 10.0 0 0 -5.0
90.0 60.0 4 -10.0 0 0 5.0 10.0 0 0 -5.0
85.0 145.0 4 -10.0 0 0 5.0 10.0 0 0 -5.0
112.0 100.0 4 -10.0 0 0 5.0 10.0 0 0 -5.0
76.0 69.0 4 -10.0 0 0 5.0 10.0 0 0 -5.0
49.0 120.0 4 -10.0 0 0 5.0 10.0 0 0 -5.0
85.0 35.0 4 -10.0 0 0 5.0 10.0 0 0 -5.0
134.0 69.0 4 -10.0 0 0 5.0 10.0 0 0 -5.0
123.0 156.0 4 -10.0 0 0 5.0 10.0 0 0 -5.0
156.0 99.0 4 -10.0 0 0 5.0 10.0 0 0 -5.0
60.0 78.0 4 -10.0 0 0 5.0 10.0 0 0 -5.0
94.0 118.0 4 -10.0 0 0 5.0 10.0 0 0 -5.0
138.0 95.0 4 -10.0 0 0 5.0 10.0 0 0 -5.0
90.0 86.0 4 -10.0 0 0 5.0 10.0 0 0 -5.0
135.0 31.0 4 -10.0 0 0 5.0 10.0 0 0 -5.0
142.0 112.0 4 -10.0 0 0 5.0 10.0 0 0 -5.0
198.0 128.0 4 -10.0 0 0 5.0 10.0 0 0 -5.0
74.0 119.0 4 -10.0 0 0 5.0 10.0 0 0 -5.0
158.0 136.0 4 -10.0 0 0 5.0 10.0 0 0 -5.0
55.0 125.0 4 -10.0 0 0 5.0 10.0 0 0 -5.0
65.0 88.0 4 -10.0 0 0 5.0 10.0 0 0 -5.0
113.0 72.0 4 -10.0 0 0 5.0 10.0 0 0 -5.0
123.0 184.0 4 -10.0 0 0 5.0 10.0 0 0 -5.0
180.0 95.0 4 -10.0 0 0 5.0 10.0 0 0 -5.0
126.0 123.0 4 -10.0 0 0 5.0 10.0 0 0 -5.0
112.0 141.0 4 -10.0 0 0 5.0 10.0 0 0 -5.0
122.0 100.0 4 -10.0 0 0 5.0 10.0 0 0 -5.0
123.0 145.0 4 -10.0 0 0 5.0 10.0 0 0 -5.0
90.0 162.0 4 -10.0 0 0 5.0 10.0 0 0 -5.0
110.0 113.0 4 -10.0 0 0 5.0 10.0 0 0 -5.0
73.0 108.0 4 -10.0 0 0 5.0 10.0 0 0 -5.0
69.0 42.0 4 -10.0 0 0 5.0 10.0 0 0 -5.0
139.0 59.0 4 -10.0 0 0 5.0 10.0 0 0 -5.0
138.0 99.0 4 -10.0 0 0 5.0 10.0 0 0 -5.0
112.0 76.0 4 -10.0 0 0 5.0 10.0 0 0 -5.0
112.0 144.0 4 -10.0 0 0 5.0 10.0 0 0 -5.0
57.0 96.0 4 -10.0 0 0 5.0 10.0 0 0 -5.0
136.0 46.0 4 -10.0 0 0 5.0 10.0 0 0 -5.0
124.0 102.0 4 -10.0 0 0 5.0 10.0 0 0 -5.0
117.0 139.0 4 -10.0 0 0 5.0 10.0 0 0 -5.0
88.0 128.0 4 -10.0 0 0 5.0 10.0 0 0 -5.0
117.0 130.0 4 -10.0 0 0 5.0 10.0 0 0 -5.0
166.0 130.0 4 -10.0 0 0 5.0 10.0 0 0 -5.0
194.0 79.0 4 -10.0 0 0 5.0 10.0 0 0 -5.0
91.0 128.0 4 -10.0 0 0 5.0 10.0 0 0 -5.0
162.0 84.0 4 -10.0 0 0 5.0 10.0 0 0 -5.0
116.0 143.0 4 -10.0 0 0 5.0 10.0 0 0 -5.0
128.0 115.0 4 -10.0 0 0 5.0 10.0 0 0 -5.0
71.0 111.0 4 -10.0 0 0 5.0 10.0 0 0 -5.0
141.0 137.0 4 -10.0 0 0 5.0 10.0 0 0 -5.0
82.0 46.0 4 -10.0 0 0 5.0 10.0 0 0 -5.0
141.0 102.0 4 -10.0 0 0 5.0 10.0 0 0 -5.0
85.0 75.0 4 -10.0 0 0 5.0 10.0 0 0 -5.0
84.0 113.0 4 -10.0 0 0 5.0 10.0 0 0 -5.0
97.0 77.0 4 -10.0 0 0 5.0 10.0 0 0 -5.0
122.0 102.0 4 -10.0 0 0 5.0 10.0 0 0 -5.0
103.0 106.0 4 -10.0 0 0 5.0 10.0 0 0 -5.0
106.0 105.0 4 -10.0 0 0 5.0 10.0 0 0 -5.0
136.0 136.0 4 -10.0 0 0 5.0 10.0 0 0 -5.0
115.0 57.0 4 -10.0 0 0 5.0 10.0 0 0 -5.0
114.0 90.0 4 -10.0 0 0 5.0 10.0 0 0 -5.0
132.0 76.0 4 -10.0 0 0 5.0 10.0 0 0 -5.0
102.0 64.0 4 -10.0 0 0 5.0 10.0 0 0 -5.0
101.0 81.0 4 -10.0 0 0 5.0 10.0 0 0 -5.0
94.0 73.0 4 -10.0 0 0 5.0 10.0 0 0 -5.0
105.0 91.0 4 -10.0 0 0 5.0 10.0 0 0 -5.0
129.0 126.0 4 -10.0 0 0 5.0 10.0 0 0 -5.0
113.0 113.0 4 -10.0 0 0 5.0 10.0 0 0 -5.0
95.0 127.0 4 -10.0 0 0 5.0 10.0 0 0 -5.0
109.0 123.0 4 -10.0 0 0 5.0 10.0 0 0 -5.0
117.0 41.0 4 -10.0 0 0 5.0 10.0 0 0 -5.0
129.0 93.0 4 -10.0 0 0 5.0 10.0 0 0 -5.0
104.0 84.0 4 -10.0 0 0 5.0 10.0 0 0 -5.0
25.0 72.0 4 -10.0 0 0 5.0 10.0 0 0 -5.0
90.0 73.0 4 -10.0 0 0 5.0 10.0 0 0 -5.0
56.0 39.0 4 -10.0 0 0 5.0 10.0 0 0 -5.0
83.0 93.0 4 -10.0 0 0 5.0 10.0 0 0 -5.0
96.0 81.0 4 -10.0 0 0 5.0 10.0 0 0 -5.0
117.0 75.0 4 -10.0 0 0 5.0 10.0 0 0 -5.0
135.0 129.0 4 -10.0 0 0 5.0 10.0 0 0 -5.0
112.0 81.0 4 -10.0 0 0 5.0 10.0 0 0 -5.0
78.0 95.0 4 -10.0 0 0 5.0 10.0 0 0 -5.0
138.0 61.0 4 -10.0 0 0 5.0 10.0 0 0 -5.0
87.0 55.0 4 -10.0 0 0 5.0 10.0 0 0 -5.0
169.0 99.0 4 -10.0 0 0 5.0 10.0 0 0 -5.0
75.0 28.0 4 -10.0 0 0 5.0 10.0 0 0 -5.0
98.0 65.0 4 -10.0 0 0 5.0 10.0 0 0 -5.0
136.0 181.0 4 -10.0 0 0 5.0 10.0 0 0 -5.0
102.0 79.0 4 -10.0 0 0 5.0 10.0 0 0 -5.0
145.0 119.0 4 -10.0 0 0 5.0 10.0 0 0 -5.0
140.0 92.0 4 -10.0 0 0 5.0 10.0 0 0 -5.0
135.0 75.0 4 -10.0 0 0 5.0 10.0 0 0 -5.0
171.0 126.0 4 -10.0 0 0 5.0 10.0 0 0 -5.0
134.0 81.0 4 -10.0 0 0 5.0 10.0 0 0 -5.0
98.0 88.0 4 -10.0 0 0 5.0 10.0 0 0 -5.0
101.0 135.0 4 -10.0 0 0 5.0 10.0 0 0 -5.0
73.0 162.0 4 -10.0 0 0 5.0 10.0 0 0 -5.0
61.0 95.0 4 -10.0 0 0 5.0 10.0 0 0 -5.0
89.0 80.0 4 -10.0 0 0 5.0 10.0 0 0 -5.0
81.0 110.0 4 -10.0 0 0 5.0 10.0 0 0 -5.0
112.0 119.0 4 -10.0 0 0 5.0 10.0 0 0 -5.0
119.0 94.0 4 -10.0 0 0 5.0 10.0 0 0 -5.0
129.0 45.0 4 -10.0 0 0 5.0 10.0 0 0 -5.0
135.0 112.0 4 -10.0 0 0 5.0 10.0 0 0 -5.0
89.0 71.0 4 -10.0 0 0 5.0 10.0 0 0 -5.0
114.0 154.0 4 -10.0 0 0 5.0 10.0 0 0 -5.0
78.0 87.0 4 -10.0 0 0 5.0 10.0 0 0 -5.0
102.0 98.0 4 -10.0 0 0 5.0 10.0 0 0 -5.0
133.0 155.0 4 -10.0 0 0 5.0 10.0 0 0 -5.0
72.0 145.0 4 -10.0 0 0 5.0 10.0 0 0 -5.0
94.0 100.0 4 -10.0 0 0 5.0 10.0 0 0 -5.0
101.0 154.0 4 -10.0 0 0 5.0 10.0 0 0 -5.0
134.0 122.0 4 -10.0 0 0 5.0 10.0 0 0 -5.0
98.0 139.0 4 -10.0 0 0 5.0 10.0 0 0 -5.0
98.0 167.0 4 -10.0 0 0 5.0 10.0 0 0 -5.0
44.0 123.0 4 -10.0 0 0 5.0 10.0 0 0 -5.0
127.0 106.0 4 -10.0 0 0 5.0 10.0 0 0 -5.0
151.0 120.0 4 -10.0 0 0 5.0 10.0 0 0 -5.0
68.0 74.0 4 -10.0 0 0 5.0 10.0 0 0 -5.0
75.0 52.0 4 -10.0 0 0 5.0 10.0 0 0 -5.0
115.0 51.0 4 -10.0 0 0 5.0 10.0 0 0 -5.0
130.0 55.0 4 -10.0 0 0 5.0 10.0 0 0 -5.0
82.0 150.0 4 -10.0 0 0 5.0 10.0 0 0 -5.0
143.0 126.0 4 -10.0 0 0 5.0 10.0 0 0 -5.0
120.0 124.0 4 -10.0 0 0 5.0 10.0 0 0 -5.0
73.0 130.0 4 -10.0 0 0 5.0 10.0 0 0 -5.0
174.0 119.0 4 -10.0 0 0 5.0 10.0 0 0 -5.0
138.0 122.0 4 -10.0 0 0 5.0 10.0 0 0 -5.0
100.0 141.0 4 -10.0 0 0 5.0 10.0 0 0 -5.0
117.0 48.0 4 -10.0 0 0 5.0 10.0 0 0 -5.0
128.0 83.0 4 -10.0 0 0 5.0 10.0 0 0 -5.0
119.0 126.0 4 -10.0 0 0 5.0 10.0 0 0 -5.0
93.0 110.0 4 -10.0 0 0 5.0 10.0 0 0 -5.0
95.0 135.0 4 -10.0 0 0 5.0 10.0 0 0 -5.0
138.0 73.0 4 -10.0 0 0 5.0 10.0 0 0 -5.0
127.0 96.0 4 -10.0 0 0 5.0 10.0 0 0 -5.0
68.0 78.0 4 -10.0 0 0 5.0 10.0 0 0 -5.0
105.0 113.0 4 -10.0 0 0 5.0 10.0 0 0 -5.0
126.0 86.0 4 -10.0 0 0 5.0 10.0 0 0 -5.0
126.0 92.0 4 -10.0 0 0 5.0 10.0 0 0 -5.0
71.0 39.0 4 -10.0 0 0 5.0 10.0 0 0 -5.0
130.0 136.0 4 -10.0 0 0 5.0 10.0 0 0 -5.0
160.0 92.0 4 -10.0 0 0 5.0 10.0 0 0 -5.0
107.0 100.0 4 -10.0 0 0 5.0 10.0 0 0 -5.0
147.0 102.0 4 -10.0 0 0 5.0 10.0 0 0 -5.0
127.0 131.0 4 -10.0 0 0 5.0 10.0 0 0 -5.0
110.0 123.0 4 -10.0 0 0 5.0 10.0 0 0 -5.0
125.0 48.0 4 -10.0 0 0 5.0 10.0 0 0 -5.0
117.0 90.0 4 -10.0 0 0 5.0 10.0 0 0 -5.0
91.0 83.0 4 -10.0 0 0 5.0 10.0 0 0 -5.0
28.0 95.0 4 -10.0 0 0 5.0 10.0 0 0 -5.0
150.0 137.0 4 -10.0 0 0 5.0 10.0 0 0 -5.0
110.0 84.0 4 -10.0 0 0 5.0 10.0 0 0 -5.0
151.0 104.0 4 -10.0 0 0 5.0 10.0 0 0 -5.0
100.0 113.0 4 -10.0 0 0 5.0 10.0 0 0 -5.0
103.0 128.0 4 -10.0 0 0 5.0 10.0 0 0 -5.0
78.0 122.0 4 -10.0 0 0 5.0 10.0 0 0 -5.0
68.0 102.0 4 -10.0 0 0 5.0 10.0 0 0 -5.0
70.0 72.0 4 -10.0 0 0 5.0 10.0 0 0 -5.0
71.0 118.0 4 -10.0 0 0 5.0 10.0 0 0 -5.0
70.0 149.0 4 -10.0 0 0 5.0 10.0 0 0 -5.0
88.0 65.0 4 -10.0 0 0 5.0 10.0 0 0 -5.0
89.0 109.0 4 -10.0 0 0 5.0 10.0 0 0 -5.0
83.0 126.0 4 -10.0 0 0 5.0 10.0 0 0 -5.0
43.0 103.0 4 -10.0 0 0 5.0 10.0 0 0 -5.0
91.0 107.0 4 -10.0 0 0 5.0 10.0 0 0 -5.0
106.0 65.0 4 -10.0 0 0 5.0 10.0 0 0 -5.0
141.0 136.0 4 -10.0 0 0 5.0 10.0 0 0 -5.0
104.0 149.0 4 -10.0 0 0 5.0 10.0 0 0 -5.0
70.0 89.0 4 -10.0 0 0 5.0 10.0 0 0 -5.0
81.0 67.0 4 -10.0 0 0 5.0 10.0 0 0 -5.0
133.0 101.0 4 -10.0 0 0 5.0 10.0 0 0 -5.0
147.0 86.0 4 -10.0 0 0 5.0 10.0 0 0 -5.0
121.0 128.0 4 -10.0 0 0 5.0 10.0 0 0 -5.0
143.0 92.0 4 -10.0 0 0 5.0 10.0 0 0 -5.0
58.0 72.0 4 -10.0 0 0 5.0 10.0 0 0 -5.0
84.0 119.0 4 -10.0 0 0 5.0 10.0 0 0 -5.0
82.0 81.0 4 -10.0 0 0 5.0 10.0 0 0 -5.0
101.0 76.0 4 -10.0 0 0 5.0 10.0 0 0 -5.0
124.0 113.0 4 -10.0 0 0 5.0 10.0 0 0 -5.0
96.0 53.0 4 -10.0 0 0 5.0 10.0 0 0 -5.0
99.0 79.0 4 -10.0 0 0 5.0 10.0 0 0 -5.0
156.0 81.0 4 -10.0 0 0 5.0 10.0 0 0 -5.0
151.0 93.0 4 -10.0 0 0 5.0 10.0 0 0 -5.0
66.0 59.0 4 -10.0 0 0 5.0 10.0 0 0 -5.0
124.0 79.0 4 -10.0 0 0 5.0 10.0 0 0 -5.0
163.0 101.0 4 -10.0 0 0 5.0 10.0 0 0 -5.0
106.0 40.0 4 -10.0 0 0 5.0 10.0 0 0 -5.0
116.0 98.0 4 -10.0 0 0 5.0 10.0 0 0 -5.0
132.0 64.0 4 -10.0 0 0 5.0 10.0 0 0 -5.0
115.0 106.0 4 -10.0 0 0 5.0 10.0 0 0 -5.0
97.0 47.0 4 -10.0 0 0 5.0 10.0 0 0 -5.0
91.0 155.0 4 -10.0 0 0 5.0 10.0 0 0 -5.0
109.0 129.0 4 -10.0 0 0 5.0 10.0 0 0 -5.0
113.0 124.0 4 -10.0 0 0 5.0 10.0 0 0 -5.0
75.0 66.0 4 -10.0 0 0 5.0 10.0 0 0 -5.0
115.0 111.0 4 -10.0 0 0 5.0 10.0 0 0 -5.0
76.0 139.0 4 -10.0 0 0 5.0 10.0 0 0 -5.0
99.0 87.0 4 -10.0 0 0 5.0 10.0 0 0 -5.0
102.0 68.0 4 -10.0 0 0 5.0 10.0 0 0 -5.0
97.0 156.0 4 -10.0 0 0 5.0 10.0 0 0 -5.0
89.0 120.0 4 -10.0 0 0 5.0 10.0 0 0 -5.0
112.0 65.0 4 -10.0 0 0 5.0 10.0 0 0 -5.0
105.0 73.0 4 -10.0 0 0 5.0 10.0 0 0 -5.0
160.0 127.0 4 -10.0 0 0 5.0 10.0 0 0 -5.0
92.0 90.0 4 -10.0 0 0 5.0 10.0 0 0 -5.0
108.0 108.0 4 -10.0 0 0 5.0 10.0 0 0 -5.0
104.0 109.0 4 -10.0 0 0 5.0 10.0 0 0 -5.0
102.0 84.0 4 -10.0 0 0 5.0 10.0 0 0 -5.0
135.0 103.0 4 -10.0 0 0 5.0 10.0 0 0 -5.0
104.0 120.0 4 -10.0 0 0 5.0 10.0 0 0 -5.0
61.0 115.0 4 -10.0 0 0 5.0 10.0 0 0 -5.0
39.0 92.0 4 -10.0 0 0 5.0 10.0 0 0 -5.0
113.0 106.0 4 -10.0 0 0 5.0 10.0 0 0 -5.0
122.0 111.0 4 -10.0 0 0 5.0 10.0 0 0 -5.0
120.0 97.0 4 -10.0 0 0 5.0 10.0 0 0 -5.0
143.0 122.0 4 -10.0 0 0 5.0 10.0 0 0 -5.0
65.0 67.0 4 -10.0 0 0 5.0 10.0 0 0 -5.0
108.0 89.0 4 -10.0 0 0 5.0 10.0 0 0 -5.0
80.0 57.0 4 -10.0 0 0 5.0 10.0 0 0 -5.0
56.0 104.0 4 -10.0 0 0 5.0 10.0 0 0 -5.0
119.0 89.0 4 -10.0 0 0 5.0 10.0 0 0 -5.0
139.0 67.0 4 -10.0 0 0 5.0 10.0 0 0 -5.0
61.0 134.0 4 -10.0 0 0 5.0 10.0 0 0 -5.0
80.0 103.0 4 -10.0 0 0 5.0 10.0 0 0 -5.0
93.0 80.0 4 -10.0 0 0 5.0 10.0 0 0 -5.0
87.0 69.0 4 -10.0 0 0 5.0 10.0 0 0 -5.0
115.0 67.0 4 -10.0 0 0 5.0 10.0 0 0 -5.0
127.0 67.0 4 -10.0 0 0 5.0 10.0 0 0 -5.0
129.0 112.0 4 -10.0 0 0 5.0 10.0 0 0 -5.0
93.0 69.0 4 -10.0 0 0 5.0 10.0 0 0 -5.0
75.0 79.0 4 -10.0 0 0 5.0 10.0 0 0 -5.0
59.0 108.0 4 -10.0 0 0 5.0 10.0 0 0 -5.0
146.0 109.0 4 -10.0 0 0 5.0 10.0 0 0 -5.0
125.0 105.0 4 -10.0 0 0 5.0 10.0 0 0 -5.0
107.0 116.0 4 -10.0 0 0 5.0 10.0 0 0 -5.0
153.0 113.0 4 -10.0 0 0 5.0 10.0 0 0 -5.0
155.0 140.0 4 -10.0 0 0 5.0 10.0 0 0 -5.0
79.0 71.0 4 -10.0 0 0 5.0 10.0 0 0 -5.0
103.0 95.0 4 -10.0 0 0 5.0 10.0 0 0 -5.0
109.0 70.0 4 -10.0 0 0 5.0 10.0 0 0 -5.0
129.0 60.0 4 -10.0 0 0 5.0 10.0 0 0 -5.0
127.0 50.0 4 -10.0 0 0 5.0 10.0 0 0 -5.0
104.0 170.0 4 -10.0 0 0 5.0 10.0 0 0 -5.0
111.0 116.0 4 -10.0 0 0 5.0 10.0 0 0 -5.0
134.0 58.0 4 -10.0 0 0 5.0 10.0 0 0 -5.0
130.0 108.0 4 -10.0 0 0 5.0 10.0 0 0 -5.0
98.0 111.0 4 -10.0 0 0 5.0 10.0 0 0 -5.0
109.0 82.0 4 -10.0 0 0 5.0 10.0 0 0 -5.0
94.0 66.0 4 -10.0 0 0 5.0 10.0 0 0 -5.0
96.0 106.0 4 -10.0 0 0 5.0 10.0 0 0 -5.0
111.0 92.0 4 -10.0 0 0 5.0 10.0 0 0 -5.0
139.0 88.0 4 -10.0 0 0 5.0 10.0 0 0 -5.0
152.0 90.0 4 -10.0 0 0 5.0 10.0 0 0 -5.0
121.0 93.0 4 -10.0 0 0 5.0 10.0 0 0 -5.0
144.0 70.0 4 -10.0 0 0 5.0 10.0 0 0 -5.0
150.0 113.0 4 -10.0 0 0 5.0 10.0 0 0 -5.0
116.0 162.0 4 -10.0 0 0 5.0 10.0 0 0 -5.0
121.0 116.0 4 -10.0 0 0 5.0 10.0 0 0 -5.0
110.0 56.0 4 -10.0 0 0 5.0 10.0 0 0 -5.0
97.0 117.0 4 -10.0 0 0 5.0 10.0 0 0 -5.0
49.0 65.0 4 -10.0 0 0 5.0 10.0 0 0 -5.0
61.0 110.0 4 -10.0 0 0 5.0 10.0 0 0 -5.0
88.0 104.0 4 -10.0 0 0 5.0 10.0 0 0 -5.0
172.0 79.0 4 -10.0 0 0 5.0 10.0 0 0 -5.0
172.0 74.0 4 -10.0 0 0 5.0 10.0 0 0 -5.0
69.0 123.0 4 -10.0 0 0 5.0 10.0 0 0 -5.0
59.0 81.0 4 -10.0 0 0 5.0 10.0 0 0 -5.0
106.0 54.0 4 -10.0 0 0 5.0 10.0 0 0 -5.0
77.0 49.0 4 -10.0 0 0 5.0 10.0 0 0 -5.0
110.0 50.0 4 -10.0 0 0 5.0 10.0 0 0 -5.0
57.0 114.0 4 -10.0 0 0 5.0 10.0 0 0 -5.0
81.0 108.0 4 -10.0 0 0 5.0 10.0 0 0 -5.0
115.0 133.0 4 -10.0 0 0 5.0 10.0 0 0 -5.0
125.0 56.0 4 -10.0 0 0 5.0 10.0 0 0 -5.0
89.0 117.0 4 -10.0 0 0 5.0 10.0 0 0 -5.0
121.0 44.0 4 -10.0 0 0 5.0 10.0 0 0 -5.0
142.0 163.0 4 -10.0 0 0 5.0 10.0 0 0 -5.0
94.0 56.0 4 -10.0 0 0 5.0 10.0 0 0 -5.0
135.0 117.0 4 -10.0 0 0 5.0 10.0 0 0 -5.0
87.0 109.0 4 -10.0 0 0 5.0 10.0 0 0 -5.0
86.0 89.0 4 -10.0 0 0 5.0 10.0 0 0 -5.0
100.0 94.0 4 -10.0 0 0 5.0 10.0 0 0 -5.0
86.0 134.0 4 -10.0 0 0 5.0 10.0 0 0 -5.0
67.0 128.0 4 -10.0 0 0 5.0 10.0 0 0 -5.0
122.0 67.0 4 -10.0 0 0 5.0 10.0 0 0 -5.0
56.0 86.0 4 -10.0 0 0 5.0 10.0 0 0 -5.0
122.0 137.0 4 -10.0 0 0 5.0 10.0 0 0 -5.0
95.0 109.0 4 -10.0 0 0 5.0 10.0 0 0 -5.0
123.0 95.0 4 -10.0 0 0 5.0 10.0 0 0 -5.0
106.0 126.0 4 -10.0 0 0 5.0 10.0 0 0 -5.0
60.0 130.0 4 -10.0 0 0 5.0 10.0 0 0 -5.0
137.0 119.0 4 -10.0 0 0 5.0 10.0 0 0 -5.0
182.0 88.0 4 -10.0 0 0 5.0 10.0 0 0 -5.0
120.0 106.0 4 -10.0 0 0 5.0 10.0 0 0 -5.0
123.0 134.0 4 -10.0 0 0 5.0 10.0 0 0 -5.0
108.0 119.0 4 -10.0 0 0 5.0 10.0 0 0 -5.0
113.0 69.0 4 -10.0 0 0 5.0 10.0 0 0 -5.0
152.0 77.0 4 -10.0 0 0 5.0 10.0 0 0 -5.0
117.0 117.0 4 -10.0 0 0 5.0 10.0 0 0 -5.0
126.0 136.0 4 -10.0 0 0 5.0 10.0 0 0 -5.0
114.0 135.0 4 -10.0 0 0 5.0 10.0 0 0 -5.0
141.0 79.0 4 -10.0 0 0 5.0 10.0 0 0 -5.0
131.0 87.0 4 -10.0 0 0 5.0 10.0 0 0 -5.0
99.0 126.0 4 -10.0 0 0 5.0 10.0 0 0 -5.0
60.0 57.0 4 -10.0 0 0 5.0 10.0 0 0 -5.0
85.0 122.0 4 -10.0 0 0 5.0 10.0 0 0 -5.0
88.0 112.0 4 -10.0 0 0 5.0 10.0 0 0 -5.0
100.0 101.0 4 -10.0 0 0 5.0 10.0 0 0 -5.0
156.0 125.0 4 -10.0 0 0 5.0 10.0 0 0 -5.0
114.0 100.0 4 -10.0 0 0 5.0 10.0 0 0 -5.0
144.0 60.0 4 -10.0 0 0 5.0 10.0 0 0 -5.0
99.0 108.0 4 -10.0 0 0 5.0 10.0 0 0 -5.0
78.0 141.0 4 -10.0 0 0 5.0 10.0 0 0 -5.0
116.0 120.0 4 -10.0 0 0 5.0 10.0 0 0 -5.0
87.0 93.0 4 -10.0 0 0 5.0 10.0 0 0 -5.0
133.0 148.0 4 -10.0 0 0 5.0 10.0 0 0 -5.0
129.0 161.0 4 -10.0 0 0 5.0 10.0 0 0 -5.0
128.0 119.0 4 -10.0 0 0 5.0 10.0 0 0 -5.0
151.0 85.0 4 -10.0 0 0 5.0 10.0 0 0 -5.0
150.0 128.0 4 -10.0 0 0 5.0 10.0 0 0 -5.0
181.0 101.0 4 -10.0 0 0 5.0 10.0 0 0 -5.0
65.0 95.0 4 -10.0 0 0 5.0 10.0 0 0 -5.0
49.0 74.0 4 -10.0 0 0 5.0 10.0 0 0 -5.0
97.0 61.0 4 -10.0 0 0 5.0 10.0 0 0 -5.0
143.0 66.0 4 -10.0 0 0 5.0 10.0 0 0 -5.0
136.0 108.0 4 -10.0 0 0 5.0 10.0 0 0 -5.0
156.0 57.0 4 -10.0 0 0 5.0 10.0 0 0 -5.0
166.0 32.0 4 -10.0 0 0 5.0 10.0 0 0 -5.0
133.0 106.0 4 -10.0 0 0 5.0 10.0 0 0 -5.0
158.0 45.0 4 -10.0 0 0 5.0 10.0 0 0 -5.0
107.0 122.0 4 -10.0 0 0 5.0 10.0 0 0 -5.0
97.0 121.0 4 -10.0 0 0 5.0 10.0 0 0 -5.0
117.0 100.0 4 -10.0 0 0 5.0 10.0 0 0 -5.0
117.0 82.0 4 -10.0 0 0 5.0 10.0 0 0 -5.0
139.0 112.0 4 -10.0 0 0 5.0 10.0 0 0 -5.0
101.0 122.0 4 -10.0 0 0 5.0 10.0 0 0 -5.0
117.0 93.0 4 -10.0 0 0 5.0 10.0 0 0 -5.0
141.0 153.0 4 -10.0 0 0 5.0 10.0 0 0 -5.0
111.0 131.0 4 -10.0 0 0 5.0 10.0 0 0 -5.0
130.0 99.0 4 -10.0 0 0 5.0 10.0 0 0 -5.0
148.0 110.0 4 -10.0 0 0 5.0 10.0 0 0 -5.0
76.0 98.0 4 -10.0 0 0 5.0 10.0 0 0 -5.0
167.0 62.0 4 -10.0 0 0 5.0 10.0 0 0 -5.0
144.0 101.0 4 -10.0 0 0 5.0 10.0 0 0 -5.0
88.0 83.0 4 -10.0 0 0 5.0 10.0 0 0 -5.0
67.0 85.0 4 -10.0 0 0 5.0 10.0 0 0 -5.0
127.0 99.0 4 -10.0 0 0 5.0 10.0 0 0 -5.0
61.0 87.0 4 -10.0 0 0 5.0 10.0 0 0 -5.0
95.0 121.0 4 -10.0 0 0 5.0 10.0 0 0 -5.0
48.0 93.0 4 -10.0 0 0 5.0 10.0 0 0 -5.0
157.0 70.0 4 -10.0 0 0 5.0 10.0 0 0 -5.0
113.0 87.0 4 -10.0 0 0 5.0 10.0 0 0 -5.0
145.0 80.0 4 -10.0 0 0 5.0 10.0 0 0 -5.0
97.0 42.0 4 -10.0 0 0 5.0 10.0 0 0 -5.0
118.0 108.0 4 -10.0 0 0 5.0 10.0 0 0 -5.0
76.0 104.0 4 -10.0 0 0 5.0 10.0 0 0 -5.0
115.0 104.0 4 -10.0 0 0 5.0 10.0 0 0 -5.0
92.0 50.0 4 -10.0 0 0 5.0 10.0 0 0 -5.0
145.0 106.0 4 -10.0 0 0 5.0 10.0 0 0 -5.0
125.0 109.0 4 -10.0 0 0 5.0 10.0 0 0 -5.0
52.0 119.0 4 -10.0 0 0 5.0 10.0 0 0 -5.0
128.0 74.0 4 -10.0 0 0 5.0 10.0 0 0 -5.0
107.0 87.0 4 -10.0 0 0 5.0 10.0 0 0 -5.0
82.0 61.0 4 -10.0 0 0 5.0 10.0 0 0 -5.0
76.0 95.0 4 -10.0 0 0 5.0 10.0 0 0 -5.0
137.0 86.0 4 -10.0 0 0 5.0 10.0 0 0 -5.0
138.0 54.0 4 -10.0 0 0 5.0 10.0 0 0 -5.0
133.0 72.0 4 -10.0 0 0 5.0 10.0 0 0 -5.0
102.0 52.0 4 -10.0 0 0 5.0 10.0 0 0 -5.0
85.0 66.0 4 -10.0 0 0 5.0 10.0 0 0 -5.0
107.0 75.0 4 -10.0 0 0 5.0 10.0 0 0 -5.0
153.0 62.0 4 -10.0 0 0 5.0 10.0 0 0 -5.0
138.0 105.0 4 -10.0 0 0 5.0 10.0 0 0 -5.0
104.0 101.0 4 -10.0 0 0 5.0 10.0 0 0 -5.0
96.0 124.0 4 -10.0 0 0 5.0 10.0 0 0 -5.0
164.0 91.0 4 -10.0 0 0 5.0 10.0 0 0 -5.0
70.0 129.0 4 -10.0 0 0 5.0 10.0 0 0 -5.0
123.0 83.0 4 -10.0 0 0 5.0 10.0 0 0 -5.0
94.0 87.0 4 -10.0 0 0 5.0 10.0 0 0 -5.0
100.0 91.0 4 -10.0 0 0 5.0 10.0 0 0 -5.0
73.0 98.0 4 -10.0 0 0 5.0 10.0 0 0 -5.0
67.0 115.0 4 -10.0 0 0 5.0 10.0 0 0 -5.0
149.0 119.0 4 -10.0 0 0 5.0 10.0 0 0 -5.0
89.0 143.0 4 -10.0 0 0 5.0 10.0 0 0 -5.0
68.0 95.0 4 -10.0 0 0 5.0 10.0 0 0 -5.0
138.0 81.0 4 -10.0 0 0 5.0 10.0 0 0 -5.0
129.0 144.0 4 -10.0 0 0 5.0 10.0 0 0 -5.0
114.0 61.0 4 -10.0 0 0 5.0 10.0 0 0 -5.0
106.0 144.0 4 -10.0 0 0 5.0 10.0 0 0 -5.0
81.0 88.0 4 -10.0 0 0 5.0 10.0 0 0 -5.0
114.0 182.0 4 -10.0 0 0 5.0 10.0 0 0 -5.0
122.0 61.0 4 -10.0 0 0 5.0 10.0 0 0 -5.0
149.0 82.0 4 -10.0 0 0 5.0 10.0 0 0 -5.0
84.0 109.0 4 -10.0 0 0 5.0 10.0 0 0 -5.0
107.0 94.0 4 -10.0 0 0 5.0 10.0 0 0 -5.0
95.0 71.0 4 -10.0 0 0 5.0 10.0 0 0 -5.0
98.0 97.0 4 -10.0 0 0 5.0 10.0 0 0 -5.0
86.0 47.0 4 -10.0 0 0 5.0 10.0 0 0 -5.0
111.0 100.0 4 -10.0 0 0 5.0 10.0 0 0 -5.0
97.0 100.0 4 -10.0 0 0 5.0 10.0 0 0 -5.0
132.0 68.0 4 -10.0 0 0 5.0 10.0 0 0 -5.0
87.0 75.0 4 -10.0 0 0 5.0 10.0 0 0 -5.0
98.0 131.0 4 -10.0 0 0 5.0 10.0 0 0 -5.0
91.0 138.0 4 -10.0 0 0 5.0 10.0 0 0 -5.0
151.0 66.0 4 -10.0 0 0 5.0 10.0 0 0 -5.0
118.0 150.0 4 -10.0 0 0 5.0 10.0 0 0 -5.0
118.0 55.0 4 -10.0 0 0 5.0 10.0 0 0 -5.0
47.0 105.0 4 -10.0 0 0 5.0 10.0 0 0 -5.0
121.0 75.0 4 -10.0 0 0 5.0 10.0 0 0 -5.0
130.0 63.0 4 -10.0 0 0 5.0 10.0 0 0 -5.0
108.0 60.0 4 -10.0 0 0 5.0 10.0 0 0 -5.0
94.0 145.0 4 -10.0 0 0 5.0 10.0 0 0 -5.0
72.0 47.0 4 -10.0 0 0 5.0 10.0 0 0 -5.0
115.0 78.0 4 -10.0 0 0 5.0 10.0 0 0 -5.0
98.0 83.0 4 -10.0 0 0 5.0 10.0 0 0 -5.0
67.0 81.0 4 -10.0 0 0 5.0 10.0 0 0 -5.0
81.0 79.0 4 -10.0 0 0 5.0 10.0 0 0 -5.0
81.0 112.0 4 -10.0 0 0 5.0 10.0 0 0 -5.0
43.0 97.0 4 -10.0 0 0 5.0 10.0 0 0 -5.0
125.0 89.0 4 -10.0 0 0 5.0 10.0 0 0 -5.0
96.0 91.0 4 -10.0 0 0 5.0 10.0 0 0 -5.0
151.0 96.0 4 -10.0 0 0 5.0 10.0 0 0 -5.0
131.0 116.0 4 -10.0 0 0 5.0 10.0 0 0 -5.0
87.0 99.0 4 -10.0 0 0 5.0 10.0 0 0 -5.0
112.0 109.0 4 -10.0 0 0 5.0 10.0 0 0 -5.0
112.0 54.0 4 -10.0 0 0 5.0 10.0 0 0 -5.0
163.0 77.0 4 -10.0 0 0 5.0 10.0 0 0 -5.0
76.0 125.0 4 -10.0 0 0 5.0 10.0 0 0 -5.0
135.0 78.0 4 -10.0 0 0 5.0 10.0 0 0 -5.0
64.0 104.0 4 -10.0 0 0 5.0 10.0 0 0 -5.0
