500
138.0 129.0 4 -10.0 0 0 5.0 10.0 0 0 -5.0
61.0 119.0 4 -10.0 0 0 5.0 10.0 0 0 -5.0
67.0 117.0 4 -10.0 0 0 5.0 10.0 0 0 -5.0
62.0 163.0 4 -10.0 0 0 5.0 10.0 0 0 -5.0
140.0 115.0 4 -10.0 0 0 5.0 10.0 0 0 -5.0
45.0 128.0 4 -10.0 0 0 5.0 10.0 0 0 -5.0
121.0 145.0 4 -10.0 0 0 5.0 10.0 0 0 -5.0
97.0 107.0 4 -10.0 0 0 5.0 10.0 0 0 -5.0
134.0 98.0 4 -10.0 0 0 5.0 10.0 0 0 -5.0
102.0 102.0 4 -10.0 0 0 5.0 10.0 0 0 -5.0
73.0 129.0 4 -10.0 0 0 5.0 10.0 0 0 -5.0
115.0 72.0 4 -10.0 0 0 5.0 10.0 0 0 -5.0
83.0 119.0 4 -10.0 0 0 5.0 10.0 0 0 -5.0
94.0 66.0 4 -10.0 0 0 5.0 10.0 0 0 -5.0
91.0 151.0 4 -10.0 0 0 5.0 10.0 0 0 -5.0
134.0 143.0 4 -10.0 0 0 5.0 10.0 0 0 -5.0
53.0 115.0 4 -10.0 0 0 5.0 10.0 0 0 -5.0
121.0 112.0 4 -10.0 0 0 5.0 10.0 0 0 -5.0
61.0 124.0 4 -10.0 0 0 5.0 10.0 0 0 -5.0
104.0 94.0 4 -10.0 0 0 5.0 10.0 0 0 -5.0
108.0 63.0 4 -10.0 0 0 5.0 10.0 0 0 -5.0
93.0 104.0 4 -10.0 0 0 5.0 10.0 0 0 -5.0
105.0 132.0 4 -10.0 0 0 5.0 10.0 0 0 -5.0
103.0 51.0 4 -10.0 0 0 5.0 10.0 0 0 -5.0
104.0 95.0 4 -10.0 0 0 5.0 10.0 0 0 -5.0
118.0 110.0 4 -10.0 0 0 5.0 10.0 0 0 -5.0
135.0 70.0 4 -10.0 0 0 5.0 10.0 0 0 -5.0
121.0 116.0 4 -10.0 0 0 5.0 10.0 0 0 -5.0
66.0 112.0 4 -10.0 0 0 5.0 10.0 0 0 -5.0
119.0 63.0 4 -10.0 0 0 5.0 10.0 0 0 -5.0
85.0 124.0 4 -10.0 0 0 5.0 10.0 0 0 -5.0
84.0 109.0 4 -10.0 0 0 5.0 10.0 0 0 -5.0
68.0 106.0 4 -10.0 0 0 5.0 10.0 0 0 -5.0
86.0 157.0 4 -10.0 0 0 5.0 10.0 0 0 -5.0
131.0 95.0 4 -10.0 0 0 5.0 10.0 0 0 -5.0
114.0 116.0 4 -10.0 0 0 5.0 10.0 0 0 -5.0
71.0 161.0 4 -10.0 0 0 5.0 10.0 0 0 -5.0
114.0 90.0 4 -10.0 0 0 5.0 10.0 0 0 -5.0
82.0 79.0 4 -10.0 0 0 5.0 10.0 0 0 -5.0
96.0 117.0 4 -10.0 0 0 5.0 10.0 0 0 -5.0
98.0 74.0 4 -10.0 0 0 5.0 10.0 0 0 -5.0
106.0 86.0 4 -10.0 0 0 5.0 10.0 0 0 -5.0
118.0 132.0 4 -10.0 0 0 5.0 10.0 0 0 -5.0
96.0 94.0 4 -10.0 0 0 5.0 10.0 0 0 -5.0
92.0 132.0 4 -10.0 0 0 5.0 10.0 0 0 -5.0
58.0 81.0 4 -10.0 0 0 5.0 10.0 0 0 -5.0
104.0 67.0 4 -10.0 0 0 5.0 10.0 0 0 -5.0
88.0 135.0 4 -10.0 0 0 5.0 10.0 0 0 -5.0
116.0 94.0 4 -10.0 0 0 5.0 10.0 0 0 -5.0
102.0 161.0 4 -10.0 0 0 5.0 10.0 0 0 -5.0
71.0 129.0 4 -10.0 0 0 5.0 10.0 0 0 -5.0
94.0 121.0 4 -10.0 0 0 5.0 10.0 0 0 -5.0
130.0 101.0 4 -10.0 0 0 5.0 10.0 0 0 -5.0
113.0 63.0 4 -10.0 0 0 5.0 10.0 0 0 -5.0
81.0 105.0 4 -10.0 0 0 5.0 10.0 0 0 -5.0
69.0 86.0 4 -10.0 0 0 5.0 10.0 0 0 -5.0
97.0 105.0 4 -10.0 0 0 5.0 10.0 0 0 -5.0
76.0 61.0 4 -10.0 0 0 5.0 10.0 0 0 -5.0
78.0 88.0 4 -10.0 0 0 5.0 10.0 0 0 -5.0
71.0 79.0 4 -10.0 0 0 5.0 10.0 0 0 -5.0
92.0 126.0 4 -10.0 0 0 5.0 10.0 0 0 -5.0
113.0 51.0 4 -10.0 0 0 5.0 10.0 0 0 -5.0
132.0 135.0 4 -10.0 0 0 5.0 10.0 0 0 -5.0
65.0 108.0 4 -10.0 0 0 5.0 10.0 0 0 -5.0
111.0 124.0 4 -10.0 0 0 5.0 10.0 0 0 -5.0
95.0 83.0 4 -10.0 0 0 5.0 10.0 0 0 -5.0
81.0 82.0 4 -10.0 0 0 5.0 10.0 0 0 -5.0
127.0 78.0 4 -10.0 0 0 5.0 10.0 0 0 -5.0
116.0 138.0 4 -10.0 0 0 5.0 10.0 0 0 -5.0
77.0 142.0 4 -10.0 0 0 5.0 10.0 0 0 -5.0
79.0 104.0 4 -10.0 0 0 5.0 10.0 0 0 -5.0
142.0 125.0 4 -10.0 0 0 5.0 10.0 0 0 -5.0
72.0 126.0 4 -10.0 0 0 5.0 10.0 0 0 -5.0
129.0 111.0 4 -10.0 0 0 5.0 10.0 0 0 -5.0
123.0 151.0 4 -10.0 0 0 5.0 10.0 0 0 -5.0
108.0 74.0 4 -10.0 0 0 5.0 10.0 0 0 -5.0
51.0 72.0 4 -10.0 0 0 5.0 10.0 0 0 -5.0
112.0 70.0 4 -10.0 0 0 5.0 10.0 0 0 -5.0
98.0 169.0 4 -10.0 0 0 5.0 10.0 0 0 -5.0
108.0 55.0 4 -10.0 0 0 5.0 10.0 0 0 -5.0
117.0 108.0 4 -10.0 0 0 5.0 10.0 0 0 -5.0
134.0 91.0 4 -10.0 0 0 5.0 10.0 0 0 -5.0
102.0 113.0 4 -10.0 0 0 5.0 10.0 0 0 -5.0
101.0 93.0 4 -10.0 0 0 5.0 10.0 0 0 -5.0
132.0 106.0 4 -10.0 0 0 5.0 10.0 0 0 -5.0
81.0 110.0 4 -10.0 0 0 5.0 10.0 0 0 -5.0
99.0 65.0 4 -10.0 0 0 5.0 10.0 0 0 -5.0
127.0 155.0 4 -10.0 0 0 5.0 10.0 0 0 -5.0
184.0 111.0 4 -10.0 0 0 5.0 10.0 0 0 -5.0
136.0 120.0 4 -10.0 0 0 5.0 10.0 0 0 -5.0
118.0 67.0 4 -10.0 0 0 5.0 10.0 0 0 -5.0
124.0 90.0 4 -10.0 0 0 5.0 10.0 0 0 -5.0
138.0 27.0 4 -10.0 0 0 5.0 10.0 0 0 -5.0
145.0 103.0 4 -10.0 0 0 5.0 10.0 0 0 -5.0
161.0 96.0 4 -10.0 0 0 5.0 10.0 0 0 -5.0
65.0 81.0 4 -10.0 0 0 5.0 10.0 0 0 -5.0
135.0 78.0 4 -10.0 0 0 5.0 10.0 0 0 -5.0
110.0 83.0 4 -10.0 0 0 5.0 10.0 0 0 -5.0
122.0 70.0 4 -10.0 0 0 5.0 10.0 0 0 -5.0
70.0 100.0 4 -10.0 0 0 5.0 10.0 0 0 -5.0
95.0 58.0 4 -10.0 0 0 5.0 10.0 0 0 -5.0
88.0 115.0 4 -10.0 0 0 5.0 10.0 0 0 -5.0
47.0 96.0 4 -10.0 0 0 5.0 10.0 0 0 -5.0
152.0 104.0 4 -10.0 0 0 5.0 10.0 0 0 -5.0
99.0 90.0 4 -10.0 0 0 5.0 10.0 0 0 -5.0
62.0 131.0 4 -10.0 0 0 5.0 10.0 0 0 -5.0
56.0 140.0 4 -10.0 0 0 5.0 10.0 0 0 -5.0
79.0 134.0 4 -10.0 0 0 5.0 10.0 0 0 -5.0
81.0 129.0 4 -10.0 0 0 5.0 10.0 0 0 -5.0
43.0 148.0 4 -10.0 0 0 5.0 10.0 0 0 -5.0
139.0 94.0 4 -10.0 0 0 5.0 10.0 0 0 -5.0
128.0 139.0 4 -10.0 0 0 5.0 10.0 0 0 -5.0
74.0 115.0 4 -10.0 0 0 5.0 10.0 0 0 -5.0
65.0 93.0 4 -10.0 0 0 5.0 10.0 0 0 -5.0
90.0 99.0 4 -10.0 0 0 5.0 10.0 0 0 -5.0
133.0 124.0 4 -10.0 0 0 5.0 10.0 0 0 -5.0
128.0 116.0 4 -10.0 0 0 5.0 10.0 0 0 -5.0
89.0 128.0 4 -10.0 0 0 5.0 10.0 0 0 -5.0
124.0 101.0 4 -10.0 0 0 5.0 10.0 0 0 -5.0
128.0 71.0 4 -10.0 0 0 5.0 10.0 0 0 -5.0
118.0 90.0 4 -10.0 0 0 5.0 10.0 0 0 -5.0
149.0 98.0 4 -10.0 0 0 5.0 10.0 0 0 -5.0
88.0 109.0 4 -10.0 0 0 5.0 10.0 0 0 -5.0
161.0 114.0 4 -10.0 0 0 5.0 10.0 0 0 -5.0
176.0 143.0 4 -10.0 0 0 5.0 10.0 0 0 -5.0
98.0 87.0 4 -10.0 0 0 5.0 10.0 0 0 -5.0
52.0 127.0 4 -10.0 0 0 5.0 10.0 0 0 -5.0
94.0 124.0 4 -10.0 0 0 5.0 10.0 0 0 -5.0
129.0 61.0 4 -10.0 0 0 5.0 10.0 0 0 -5.0
58.0 89.0 4 -10.0 0 0 5.0 10.0 0 0 -5.0
108.0 70.0 4 -10.0 0 0 5.0 10.0 0 0 -5.0
95.0 75.0 4 -10.0 0 0 5.0 10.0 0 0 -5.0
82.0 157.0 4 -10.0 0 0 5.0 10.0 0 0 -5.0
107.0 106.0 4 -10.0 0 0 5.0 10.0 0 0 -5.0
31.0 80.0 4 -10.0 0 0 5.0 10.0 0 0 -5.0
156.0 75.0 4 -10.0 0 0 5.0 10.0 0 0 -5.0
155.0 118.0 4 -10.0 0 0 5.0 10.0 0 0 -5.0
46.0 143.0 4 -10.0 0 0 5.0 10.0 0 0 -5.0
108.0 124.0 4 -10.0 0 0 5.0 10.0 0 0 -5.0
39.0 58.0 4 -10.0 0 0 5.0 10.0 0 0 -5.0
51.0 114.0 4 -10.0 0 0 5.0 10.0 0 0 -5.0
115.0 80.0 4 -10.0 0 0 5.0 10.0 0 0 -5.0
128.0 127.0 4 -10.0 0 0 5.0 10.0 0 0 -5.0
66.0 79.0 4 -10.0 0 0 5.0 10.0 0 0 -5.0
136.0 116.0 4 -10.0 0 0 5.0 10.0 0 0 -5.0
126.0 96.0 4 -10.0 0 0 5.0 10.0 0 0 -5.0
45.0 124.0 4 -10.0 0 0 5.0 10.0 0 0 -5.0
61.0 95.0 4 -10.0 0 0 5.0 10.0 0 0 -5.0
122.0 144.0 4 -10.0 0 0 5.0 10.0 0 0 -5.0
148.0 92.0 4 -10.0 0 0 5.0 10.0 0 0 -5.0
154.0 53.0 4 -10.0 0 0 5.0 10.0 0 0 -5.0
124.0 140.0 4 -10.0 0 0 5.0 10.0 0 0 -5.0
88.0 151.0 4 -10.0 0 0 5.0 10.0 0 0 -5.0
70.0 136.0 4 -10.0 0 0 5.0 10.0 0 0 -5.0
110.0 58.0 4 -10.0 0 0 5.0 10.0 0 0 -5.0
132.0 112.0 4 -10.0 0 0 5.0 10.0 0 0 -5.0
99.0 138.0 4 -10.0 0 0 5.0 10.0 0 0 -5.0
99.0 145.0 4 -10.0 0 0 5.0 10.0 0 0 -5.0
127.0 103.0 4 -10.0 0 0 5.0 10.0 0 0 -5.0
129.0 152.0 4 -10.0 0 0 5.0 10.0 0 0 -5.0
98.0 81.0 4 -10.0 0 0 5.0 10.0 0 0 -5.0
94.0 101.0 4 -10.0 0 0 5.0 10.0 0 0 -5.0
142.0 78.0 4 -10.0 0 0 5.0 10.0 0 0 -5.0
94.0 91.0 4 -10.0 0 0 5.0 10.0 0 0 -5.0
111.0 144.0 4 -10.0 0 0 5.0 10.0 0 0 -5.0
106.0 114.0 4 -10.0 0 0 5.0 10.0 0 0 -5.0
162.0 82.0 4 -10.0 0 0 5.0 10.0 0 0 -5.0
94.0 87.0 4 -10.0 0 0 5.0 10.0 0 0 -5.0
98.0 122.0 4 -10.0 0 0 5.0 10.0 0 0 -5.0
67.0 48.0 4 -10.0 0 0 5.0 10.0 0 0 -5.0
95.0 51.0 4 -10.0 0 0 5.0 10.0 0 0 -5.0
84.0 72.0 4 -10.0 0 0 5.0 10.0 0 0 -5.0
86.0 67.0 4 -10.0 0 0 5.0 10.0 0 0 -5.0
89.0 80.0 4 -10.0 0 0 5.0 10.0 0 0 -5.0
118.0 75.0 4 -10.0 0 0 5.0 10.0 0 0 -5.0
180.0 129.0 4 -10.0 0 0 5.0 10.0 0 0 -5.0
131.0 46.0 4 -10.0 0 0 5.0 10.0 0 0 -5.0
50.0 135.0 4 -10.0 0 0 5.0 10.0 0 0 -5.0
132.0 123.0 4 -10.0 0 0 5.0 10.0 0 0 -5.0
72.0 69.0 4 -10.0 0 0 5.0 10.0 0 0 -5.0
64.0 146.0 4 -10.0 0 0 5.0 10.0 0 0 -5.0
78.0 62.0 4 -10.0 0 0 5.0 10.0 0 0 -5.0
123.0 107.0 4 -10.0 0 0 5.0 10.0 0 0 -5.0
92.0 143.0 4 -10.0 0 0 5.0 10.0 0 0 -5.0
75.0 41.0 4 -10.0 0 0 5.0 10.0 0 0 -5.0
110.0 157.0 4 -10.0 0 0 5.0 10.0 0 0 -5.0
124.0 117.0 4 -10.0 0 0 5.0 10.0 0 0 -5.0
78.0 114.0 4 -10.0 0 0 5.0 10.0 0 0 -5.0
96.0 141.0 4 -10.0 0 0 5.0 10.0 0 0 -5.0
90.0 105.0 4 -10.0 0 0 5.0 10.0 0 0 -5.0
85.0 89.0 4 -10.0 0 0 5.0 10.0 0 0 -5.0
105.0 100.0 4 -10.0 0 0 5.0 10.0 0 0 -5.0
115.0 25.0 4 -10.0 0 0 5.0 10.0 0 0 -5.0
87.0 98.0 4 -10.0 0 0 5.0 10.0 0 0 -5.0
74.0 108.0 4 -10.0 0 0 5.0 10.0 0 0 -5.0
45.0 92.0 4 -10.0 0 0 5.0 10.0 0 0 -5.0
117.0 101.0 4 -10.0 0 0 5.0 10.0 0 0 -5.0
52.0 93.0 4 -10.0 0 0 5.0 10.0 0 0 -5.0
60.0 168.0 4 -10.0 0 0 5.0 10.0 0 0 -5.0
95.0 87.0 4 -10.0 0 0 5.0 10.0 0 0 -5.0
106.0 98.0 4 -10.0 0 0 5.0 10.0 0 0 -5.0
110.0 137.0 4 -10.0 0 0 5.0 10.0 0 0 -5.0
78.0 124.0 4 -10.0 0 0 5.0 10.0 0 0 -5.0
51.0 124.0 4 -10.0 0 0 5.0 10.0 0 0 -5.0
113.0 121.0 4 -10.0 0 0 5.0 10.0 0 0 -5.0
112.0 110.0 4 -10.0 0 0 5.0 10.0 0 0 -5.0
110.0 148.0 4 -10.0 0 0 5.0 10.0 0 0 -5.0
106.0 118.0 4 -10.0 0 0 5.0 10.0 0 0 -5.0
97.0 85.0 4 -10.0 0 0 5.0 10.0 0 0 -5.0
96.0 130.0 4 -10.0 0 0 5.0 10.0 0 0 -5.0
105.0 119.0 4 -10.0 0 0 5.0 10.0 0 0 -5.0
81.0 71.0 4 -10.0 0 0 5.0 10.0 0 0 -5.0
72.0 117.0 4 -10.0 0 0 5.0 10.0 0 0 -5.0
66.0 96.0 4 -10.0 0 0 5.0 10.0 0 0 -5.0
97.0 144.0 4 -10.0 0 0 5.0 10.0 0 0 -5.0
126.0 110.0 4 -10.0 0 0 5.0 10.0 0 0 -5.0
87.0 136.0 4 -10.0 0 0 5.0 10.0 0 0 -5.0
117.0 122.0 4 -10.0 0 0 5.0 10.0 0 0 -5.0
121.0 102.0 4 -10.0 0 0 5.0 10.0 0 0 -5.0
150.0 112.0 4 -10.0 0 0 5.0 10.0 0 0 -5.0
101.0 89.0 4 -10.0 0 0 5.0 10.0 0 0 -5.0
132.0 89.0 4 -10.0 0 0 5.0 10.0 0 0 -5.0
25.0 89.0 4 -10.0 0 0 5.0 10.0 0 0 -5.0
83.0 91.0 4 -10.0 0 0 5.0 10.0 0 0 -5.0
106.0 152.0 4 -10.0 0 0 5.0 10.0 0 0 -5.0
109.0 84.0 4 -10.0 0 0 5.0 10.0 0 0 -5.0
154.0 94.0 4 -10.0 0 0 5.0 10.0 0 0 -5.0
127.0 91.0 4 -10.0 0 0 5.0 10.0 0 0 -5.0
133.0 115.0 4 -10.0 0 0 5.0 10.0 0 0 -5.0
112.0 133.0 4 -10.0 0 0 5.0 10.0 0 0 -5.0
32.0 102.0 4 -10.0 0 0 5.0 10.0 0 0 -5.0
60.0 129.0 4 -10.0 0 0 5.0 10.0 0 0 -5.0
101.0 40.0 4 -10.0 0 0 5.0 10.0 0 0 -5.0
137.0 73.0 4 -10.0 0 0 5.0 10.0 0 0 -5.0
82.0 58.0 4 -10.0 0 0 5.0 10.0 0 0 -5.0
93.0 115.0 4 -10.0 0 0 5.0 10.0 0 0 -5.0
96.0 102.0 4 -10.0 0 0 5.0 10.0 0 0 -5.0
128.0 165.0 4 -10.0 0 0 5.0 10.0 0 0 -5.0
100.0 155.0 4 -10.0 0 0 5.0 10.0 0 0 -5.0
75.0 105.0 4 -10.0 0 0 5.0 10.0 0 0 -5.0
77.0 66.0 4 -10.0 0 0 5.0 10.0 0 0 -5.0
58.0 106.0 4 -10.0 0 0 5.0 10.0 0 0 -5.0
118.0 85.0 4 -10.0 0 0 5.0 10.0 0 0 -5.0
124.0 120.0 4 -10.0 0 0 5.0 10.0 0 0 -5.0
75.0 111.0 4 -10.0 0 0 5.0 10.0 0 0 -5.0
88.0 142.0 4 -10.0 0 0 5.0 10.0 0 0 -5.0
71.0 104.0 4 -10.0 0 0 5.0 10.0 0 0 -5.0
54.0 111.0 4 -10.0 0 0 5.0 10.0 0 0 -5.0
101.0 133.0 4 -10.0 0 0 5.0 10.0 0 0 -5.0
116.0 129.0 4 -10.0 0 0 5.0 10.0 0 0 -5.0
113.0 138.0 4 -10.0 0 0 5.0 10.0 0 0 -5.0
130.0 130.0 4 -10.0 0 0 5.0 10.0 0 0 -5.0
111.0 102.0 4 -10.0 0 0 5.0 10.0 0 0 -5.0
161.0 127.0 4 -10.0 0 0 5.0 10.0 0 0 -5.0
46.0 111.0 4 -10.0 0 0 5.0 10.0 0 0 -5.0
86.0 102.0 4 -10.0 0 0 5.0 10.0 0 0 -5.0
90.0 95.0 4 -10.0 0 0 5.0 10.0 0 0 -5.0
145.0 96.0 4 -10.0 0 0 5.0 10.0 0 0 -5.0
111.0 46.0 4 -10.0 0 0 5.0 10.0 0 0 -5.0
91.0 68.0 4 -10.0 0 0 5.0 10.0 0 0 -5.0
121.0 127.0 4 -10.0 0 0 5.0 10.0 0 0 -5.0
74.0 91.0 4 -10.0 0 0 5.0 10.0 0 0 -5.0
60.0 156.0 4 -10.0 0 0 5.0 10.0 0 0 -5.0
168.0 81.0 4 -10.0 0 0 5.0 10.0 0 0 -5.0
67.0 146.0 4 -10.0 0 0 5.0 10.0 0 0 -5.0
73.0 95.0 4 -10.0 0 0 5.0 10.0 0 0 -5.0
119.0 97.0 4 -10.0 0 0 5.0 10.0 0 0 -5.0
79.0 118.0 4 -10.0 0 0 5.0 10.0 0 0 -5.0
95.0 139.0 4 -10.0 0 0 5.0 10.0 0 0 -5.0
75.0 171.0 4 -10.0 0 0 5.0 10.0 0 0 -5.0
54.0 100.0 4 -10.0 0 0 5.0 10.0 0 0 -5.0
102.0 123.0 4 -10.0 0 0 5.0 10.0 0 0 -5.0
101.0 79.0 4 -10.0 0 0 5.0 10.0 0 0 -5.0
45.0 105.0 4 -10.0 0 0 5.0 10.0 0 0 -5.0
130.0 83.0 4 -10.0 0 0 5.0 10.0 0 0 -5.0
132.0 140.0 4 -10.0 0 0 5.0 10.0 0 0 -5.0
91.0 73.0 4 -10.0 0 0 5.0 10.0 0 0 -5.0
90.0 115.0 4 -10.0 0 0 5.0 10.0 0 0 -5.0
50.0 109.0 4 -10.0 0 0 5.0 10.0 0 0 -5.0
80.0 146.0 4 -10.0 0 0 5.0 10.0 0 0 -5.0
104.0 127.0 4 -10.0 0 0 5.0 10.0 0 0 -5.0
116.0 102.0 4 -10.0 0 0 5.0 10.0 0 0 -5.0
88.0 76.0 4 -10.0 0 0 5.0 10.0 0 0 -5.0
88.0 120.0 4 -10.0 0 0 5.0 10.0 0 0 -5.0
121.0 57.0 4 -10.0 0 0 5.0 10.0 0 0 -5.0
126.0 98.0 4 -10.0 0 0 5.0 10.0 0 0 -5.0
116.0 184.0 4 -10.0 0 0 5.0 10.0 0 0 -5.0
94.0 113.0 4 -10.0 0 0 5.0 10.0 0 0 -5.0
71.0 147.0 4 -10.0 0 0 5.0 10.0 0 0 -5.0
105.0 89.0 4 -10.0 0 0 5.0 10.0 0 0 -5.0
107.0 97.0 4 -10.0 0 0 5.0 10.0 0 0 -5.0
75.0 123.0 4 -10.0 0 0 5.0 10.0 0 0 -5.0
51.0 95.0 4 -10.0 0 0 5.0 10.0 0 0 -5.0
127.0 100.0 4 -10.0 0 0 5.0 10.0 0 0 -5.0
76.0 120.0 4 -10.0 0 0 5.0 10.0 0 0 -5.0
114.0 100.0 4 -10.0 0 0 5.0 10.0 0 0 -5.0
114.0 126.0 4 -10.0 0 0 5.0 10.0 0 0 -5.0
65.0 126.0 4 -10.0 0 0 5.0 10.0 0 0 -5.0
90.0 125.0 4 -10.0 0 0 5.0 10.0 0 0 -5.0
49.0 65.0 4 -10.0 0 0 5.0 10.0 0 0 -5.0
99.0 129.0 4 -10.0 0 0 5.0 10.0 0 0 -5.0
85.0 82.0 4 -10.0 0 0 5.0 10.0 0 0 -5.0
91.0 58.0 4 -10.0 0 0 5.0 10.0 0 0 -5.0
98.0 68.0 4 -10.0 0 0 5.0 10.0 0 0 -5.0
94.0 178.0 4 -10.0 0 0 5.0 10.0 0 0 -5.0
114.0 150.0 4 -10.0 0 0 5.0 10.0 0 0 -5.0
147.0 81.0 4 -10.0 0 0 5.0 10.0 0 0 -5.0
38.0 106.0 4 -10.0 0 0 5.0 10.0 0 0 -5.0
106.0 69.0 4 -10.0 0 0 5.0 10.0 0 0 -5.0
84.0 65.0 4 -10.0 0 0 5.0 10.0 0 0 -5.0
62.0 116.0 4 -10.0 0 0 5.0 10.0 0 0 -5.0
89.0 112.0 4 -10.0 0 0 5.0 10.0 0 0 -5.0
95.0 45.0 4 -10.0 0 0 5.0 10.0 0 0 -5.0
86.0 91.0 4 -10.0 0 0 5.0 10.0 0 0 -5.0
141.0 70.0 4 -10.0 0 0 5.0 10.0 0 0 -5.0
93.0 57.0 4 -10.0 0 0 5.0 10.0 0 0 -5.0
156.0 86.0 4 -10.0 0 0 5.0 10.0 0 0 -5.0
99.0 107.0 4 -10.0 0 0 5.0 10.0 0 0 -5.0
76.0 133.0 4 -10.0 0 0 5.0 10.0 0 0 -5.0
144.0 147.0 4 -10.0 0 0 5.0 10.0 0 0 -5.0
78.0 76.0 4 -10.0 0 0 5.0 10.0 0 0 -5.0
108.0 80.0 4 -10.0 0 0 5.0 10.0 0 0 -5.0
130.0 121.0 4 -10.0 0 0 5.0 10.0 0 0 -5.0
115.0 105.0 4 -10.0 0 0 5.0 10.0 0 0 -5.0
106.0 79.0 4 -10.0 0 0 5.0 10.0 0 0 -5.0
83.0 135.0 4 -10.0 0 0 5.0 10.0 0 0 -5.0
131.0 29.0 4 -10.0 0 0 5.0 10.0 0 0 -5.0
59.0 139.0 4 -10.0 0 0 5.0 10.0 0 0 -5.0
50.0 79.0 4 -10.0 0 0 5.0 10.0 0 0 -5.0
112.0 93.0 4 -10.0 0 0 5.0 10.0 0 0 -5.0
134.0 128.0 4 -10.0 0 0 5.0 10.0 0 0 -5.0
141.0 100.0 4 -10.0 0 0 5.0 10.0 0 0 -5.0
117.0 104.0 4 -10.0 0 0 5.0 10.0 0 0 -5.0
56.0 131.0 4 -10.0 0 0 5.0 10.0 0 0 -5.0
120.0 131.0 4 -10.0 0 0 5.0 10.0 0 0 -5.0
110.0 108.0 4 -10.0 0 0 5.0 10.0 0 0 -5.0
126.0 31.0 4 -10.0 0 0 5.0 10.0 0 0 -5.0
73.0 87.0 4 -10.0 0 0 5.0 10.0 0 0 -5.0
99.0 125.0 4 -10.0 0 0 5.0 10.0 0 0 -5.0
85.0 70.0 4 -10.0 0 0 5.0 10.0 0 0 -5.0
121.0 136.0 4 -10.0 0 0 5.0 10.0 0 0 -5.0
129.0 124.0 4 -10.0 0 0 5.0 10.0 0 0 -5.0
133.0 87.0 4 -10.0 0 0 5.0 10.0 0 0 -5.0
83.0 147.0 4 -10.0 0 0 5.0 10.0 0 0 -5.0
86.0 79.0 4 -10.0 0 0 5.0 10.0 0 0 -5.0
83.0 111.0 4 -10.0 0 0 5.0 10.0 0 0 -5.0
121.0 92.0 4 -10.0 0 0 5.0 10.0 0 0 -5.0
125.0 53.0 4 -10.0 0 0 5.0 10.0 0 0 -5.0
123.0 116.0 4 -10.0 0 0 5.0 10.0 0 0 -5.0
82.0 101.0 4 -10.0 0 0 5.0 10.0 0 0 -5.0
110.0 154.0 4 -10.0 0 0 5.0 10.0 0 0 -5.0
86.0 129.0 4 -10.0 0 0 5.0 10.0 0 0 -5.0
120.0 90.0 4 -10.0 0 0 5.0 10.0 0 0 -5.0
116.0 88.0 4 -10.0 0 0 5.0 10.0 0 0 -5.0
149.0 110.0 4 -10.0 0 0 5.0 10.0 0 0 -5.0
103.0 100.0 4 -10.0 0 0 5.0 10.0 0 0 -5.0
137.0 84.0 4 -10.0 0 0 5.0 10.0 0 0 -5.0
115.0 97.0 4 -10.0 0 0 5.0 10.0 0 0 -5.0
56.0 100.0 4 -10.0 0 0 5.0 10.0 0 0 -5.0
155.0 109.0 4 -10.0 0 0 5.0 10.0 0 0 -5.0
83.0 123.0 4 -10.0 0 0 5.0 10.0 0 0 -5.0
63.0 104.0 4 -10.0 0 0 5.0 10.0 0 0 -5.0
138.0 140.0 4 -10.0 0 0 5.0 10.0 0 0 -5.0
112.0 34.0 4 -10.0 0 0 5.0 10.0 0 0 -5.0
65.0 100.0 4 -10.0 0 0 5.0 10.0 0 0 -5.0
85.0 116.0 4 -10.0 0 0 5.0 10.0 0 0 -5.0
83.0 125.0 4 -10.0 0 0 5.0 10.0 0 0 -5.0
94.0 75.0 4 -10.0 0 0 5.0 10.0 0 0 -5.0
147.0 135.0 4 -10.0 0 0 5.0 10.0 0 0 -5.0
103.0 148.0 4 -10.0 0 0 5.0 10.0 0 0 -5.0
105.0 143.0 4 -10.0 0 0 5.0 10.0 0 0 -5.0
102.0 130.0 4 -10.0 0 0 5.0 10.0 0 0 -5.0
143.0 107.0 4 -10.0 0 0 5.0 10.0 0 0 -5.0
86.0 94.0 4 -10.0 0 0 5.0 10.0 0 0 -5.0
141.0 131.0 4 -10.0 0 0 5.0 10.0 0 0 -5.0
120.0 164.0 4 -10.0 0 0 5.0 10.0 0 0 -5.0
93.0 136.0 4 -10.0 0 0 5.0 10.0 0 0 -5.0
121.0 73.0 4 -10.0 0 0 5.0 10.0 0 0 -5.0
144.0 112.0 4 -10.0 0 0 5.0 10.0 0 0 -5.0
131.0 166.0 4 -10.0 0 0 5.0 10.0 0 0 -5.0
82.0 154.0 4 -10.0 0 0 5.0 10.0 0 0 -5.0
102.0 160.0 4 -10.0 0 0 5.0 10.0 0 0 -5.0
54.0 134.0 4 -10.0 0 0 5.0 10.0 0 0 -5.0
63.0 140.0 4 -10.0 0 0 5.0 10.0 0 0 -5.0
94.0 128.0 4 -10.0 0 0 5.0 10.0 0 0 -5.0
91.0 121.0 4 -10.0 0 0 5.0 10.0 0 0 -5.0
126.0 149.0 4 -10.0 0 0 5.0 10.0 0 0 -5.0
138.0 119.0 4 -10.0 0 0 5.0 10.0 0 0 -5.0
81.0 87.0 4 -10.0 0 0 5.0 10.0 0 0 -5.0
130.0 104.0 4 -10.0 0 0 5.0 10.0 0 0 -5.0
72.0 73.0 4 -10.0 0 0 5.0 10.0 0 0 -5.0
100.0 116.0 4 -10.0 0 0 5.0 10.0 0 0 -5.0
82.0 143.0 4 -10.0 0 0 5.0 10.0 0 0 -5.0
40.0 119.0 4 -10.0 0 0 5.0 10.0 0 0 -5.0
85.0 132.0 4 -10.0 0 0 5.0 10.0 0 0 -5.0
126.0 62.0 4 -10.0 0 0 5.0 10.0 0 0 -5.0
65.0 122.0 4 -10.0 0 0 5.0 10.0 0 0 -5.0
72.0 109.0 4 -10.0 0 0 5.0 10.0 0 0 -5.0
66.0 71.0 4 -10.0 0 0 5.0 10.0 0 0 -5.0
81.0 116.0 4 -10.0 0 0 5.0 10.0 0 0 -5.0
97.0 114.0 4 -10.0 0 0 5.0 10.0 0 0 -5.0
110.0 179.0 4 -10.0 0 0 5.0 10.0 0 0 -5.0
77.0 100.0 4 -10.0 0 0 5.0 10.0 0 0 -5.0
67.0 130.0 4 -10.0 0 0 5.0 10.0 0 0 -5.0
157.0 66.0 4 -10.0 0 0 5.0 10.0 0 0 -5.0
102.0 135.0 4 -10.0 0 0 5.0 10.0 0 0 -5.0
47.0 139.0 4 -10.0 0 0 5.0 10.0 0 0 -5.0
139.0 54.0 4 -10.0 0 0 5.0 10.0 0 0 -5.0
32.0 112.0 4 -10.0 0 0 5.0 10.0 0 0 -5.0
110.0 106.0 4 -10.0 0 0 5.0 10.0 0 0 -5.0
148.0 106.0 4 -10.0 0 0 5.0 10.0 0 0 -5.0
115.0 83.0 4 -10.0 0 0 5.0 10.0 0 0 -5.0
107.0 128.0 4 -10.0 0 0 5.0 10.0 0 0 -5.0
201.0 141.0 4 -10.0 0 0 5.0 10.0 0 0 -5.0
76.0 91.0 4 -10.0 0 0 5.0 10.0 0 0 -5.0
52.0 84.0 4 -10.0 0 0 5.0 10.0 0 0 -5.0
82.0 96.0 4 -10.0 0 0 5.0 10.0 0 0 -5.0
39.0 110.0 4 -10.0 0 0 5.0 10.0 0 0 -5.0
100.0 135.0 4 -10.0 0 0 5.0 10.0 0 0 -5.0
112.0 154.0 4 -10.0 0 0 5.0 10.0 0 0 -5.0
72.0 60.0 4 -10.0 0 0 5.0 10.0 0 0 -5.0
68.0 141.0 4 -10.0 0 0 5.0 10.0 0 0 -5.0
66.0 88.0 4 -10.0 0 0 5.0 10.0 0 0 -5.0
111.0 88.0 4 -10.0 0 0 5.0 10.0 0 0 -5.0
145.0 75.0 4 -10.0 0 0 5.0 10.0 0 0 -5.0
74.0 126.0 4 -10.0 0 0 5.0 10.0 0 0 -5.0
104.0 52.0 4 -10.0 0 0 5.0 10.0 0 0 -5.0
104.0 57.0 4 -10.0 0 0 5.0 10.0 0 0 -5.0
102.0 122.0 4 -10.0 0 0 5.0 10.0 0 0 -5.0
90.0 110.0 4 -10.0 0 0 5.0 10.0 0 0 -5.0
42.0 100.0 4 -10.0 0 0 5.0 10.0 0 0 -5.0
129.0 93.0 4 -10.0 0 0 5.0 10.0 0 0 -5.0
77.0 155.0 4 -10.0 0 0 5.0 10.0 0 0 -5.0
78.0 97.0 4 -10.0 0 0 5.0 10.0 0 0 -5.0
107.0 89.0 4 -10.0 0 0 5.0 10.0 0 0 -5.0
117.0 121.0 4 -10.0 0 0 5.0 10.0 0 0 -5.0
47.0 119.0 4 -10.0 0 0 5.0 10.0 0 0 -5.0
84.0 77.0 4 -10.0 0 0 5.0 10.0 0 0 -5.0
134.0 75.0 4 -10.0 0 0 5.0 10.0 0 0 -5.0
111.0 119.0 4 -10.0 0 0 5.0 10.0 0 0 -5.0
63.0 62.0 4 -10.0 0 0 5.0 10.0 0 0 -5.0
108.0 133.0 4 -10.0 0 0 5.0 10.0 0 0 -5.0
69.0 120.0 4 -10.0 0 0 5.0 10.0 0 0 -5.0
75.0 77.0 4 -10.0 0 0 5.0 10.0 0 0 -5.0
125.0 107.0 4 -10.0 0 0 5.0 10.0 0 0 -5.0
90.0 119.0 4 -10.0 0 0 5.0 10.0 0 0 -5.0
71.0 92.0 4 -10.0 0 0 5.0 10.0 0 0 -5.0
105.0 106.0 4 -10.0 0 0 5.0 10.0 0 0 -5.0
107.0 139.0 4 -10.0 0 0 5.0 10.0 0 0 -5.0
96.0 151.0 4 -10.0 0 0 5.0 10.0 0 0 -5.0
95.0 96.0 4 -10.0 0 0 5.0 10.0 0 0 -5.0
91.0 91.0 4 -10.0 0 0 5.0 10.0 0 0 -5.0
120.0 139.0 4 -10.0 0 0 5.0 10.0 0 0 -5.0
128.0 68.0 4 -10.0 0 0 5.0 10.0 0 0 -5.0
69.0 123.0 4 -10.0 0 0 5.0 10.0 0 0 -5.0
144.0 119.0 4 -10.0 0 0 5.0 10.0 0 0 -5.0
44.0 81.0 4 -10.0 0 0 5.0 10.0 0 0 -5.0
59.0 87.0 4 -10.0 0 0 5.0 10.0 0 0 -5.0
67.0 100.0 4 -10.0 0 0 5.0 10.0 0 0 -5.0
110.0 116.0 4 -10.0 0 0 5.0 10.0 0 0 -5.0
90.0 44.0 4 -10.0 0 0 5.0 10.0 0 0 -5.0
57.0 94.0 4 -10.0 0 0 5.0 10.0 0 0 -5.0
123.0 110.0 4 -10.0 0 0 5.0 10.0 0 0 -5.0
124.0 131.0 4 -10.0 0 0 5.0 10.0 0 0 -5.0
104.0 121.0 4 -10.0 0 0 5.0 10.0 0 0 -5.0
81.0 98.0 4 -10.0 0 0 5.0 10.0 0 0 -5.0
105.0 125.0 4 -10.0 0 0 5.0 10.0 0 0 -5.0
119.0 80.0 4 -10.0 0 0 5.0 10.0 0 0 -5.0
63.0 112.0 4 -10.0 0 0 5.0 10.0 0 0 -5.0
92.0 155.0 4 -10.0 0 0 5.0 10.0 0 0 -5.0
143.0 138.0 4 -10.0 0 0 5.0 10.0 0 0 -5.0
88.0 96.0 4 -10.0 0 0 5.0 10.0 0 0 -5.0
99.0 97.0 4 -10.0 0 0 5.0 10.0 0 0 -5.0
69.0 80.0 4 -10.0 0 0 5.0 10.0 0 0 -5.0
52.0 106.0 4 -10.0 0 0 5.0 10.0 0 0 -5.0
81.0 85.0 4 -10.0 0 0 5.0 10.0 0 0 -5.0
135.0 96.0 4 -10.0 0 0 5.0 10.0 0 0 -5.0
72.0 99.0 4 -10.0 0 0 5.0 10.0 0 0 -5.0
142.0 66.0 4 -10.0 0 0 5.0 10.0 0 0 -5.0
64.0 74.0 4 -10.0 0 0 5.0 10.0 0 0 -5.0
176.0 100.0 4 -10.0 0 0 5.0 10.0 0 0 -5.0
155.0 99.0 4 -10.0 0 0 5.0 10.0 0 0 -5.0
107.0 142.0 4 -10.0 0 0 5.0 10.0 0 0 -5.0
100.0 43.0 4 -10.0 0 0 5.0 10.0 0 0 -5.0
69.0 153.0 4 -10.0 0 0 5.0 10.0 0 0 -5.0
115.0 70.0 4 -10.0 0 0 5.0 10.0 0 0 -5.0
197.0 40.0 4 -10.0 0 0 5.0 10.0 0 0 -5.0
149.0 86.0 4 -10.0 0 0 5.0 10.0 0 0 -5.0
85.0 146.0 4 -10.0 0 0 5.0 10.0 0 0 -5.0
94.0 109.0 4 -10.0 0 0 5.0 10.0 0 0 -5.0
112.0 81.0 4 -10.0 0 0 5.0 10.0 0 0 -5.0
156.0 125.0 4 -10.0 0 0 5.0 10.0 0 0 -5.0
83.0 139.0 4 -10.0 0 0 5.0 10.0 0 0 -5.0
119.0 142.0 4 -10.0 0 0 5.0 10.0 0 0 -5.0
122.0 85.0 4 -10.0 0 0 5.0 10.0 0 0 -5.0
87.0 118.0 4 -10.0 0 0 5.0 10.0 0 0 -5.0
133.0 109.0 4 -10.0 0 0 5.0 10.0 0 0 -5.0
102.0 84.0 4 -10.0 0 0 5.0 10.0 0 0 -5.0
120.0 125.0 4 -10.0 0 0 5.0 10.0 0 0 -5.0
55.0 64.0 4 -10.0 0 0 5.0 10.0 0 0 -5.0
