50
112.0 60.0 4 -10.0 0 0 5.0 10.0 0 0 -5.0
61.0 32.0 4 -10.0 0 0 5.0 10.0 0 0 -5.0
25.0 44.0 4 -10.0 0 0 5.0 10.0 0 0 -5.0
93.0 61.0 4 -10.0 0 0 5.0 10.0 0 0 -5.0
84.0 123.0 4 -10.0 0 0 5.0 10.0 0 0 -5.0
78.0 60.0 4 -10.0 0 0 5.0 10.0 0 0 -5.0
39.0 57.0 4 -10.0 0 0 5.0 10.0 0 0 -5.0
80.0 69.0 4 -10.0 0 0 5.0 10.0 0 0 -5.0
63.0 49.0 4 -10.0 0 0 5.0 10.0 0 0 -5.0
65.0 89.0 4 -10.0 0 0 5.0 10.0 0 0 -5.0
84.0 80.0 4 -10.0 0 0 5.0 10.0 0 0 -5.0
56.0 66.0 4 -10.0 0 0 5.0 10.0 0 0 -5.0
84.0 72.0 4 -10.0 0 0 5.0 10.0 0 0 -5.0
89.0 37.0 4 -10.0 0 0 5.0 10.0 0 0 -5.0
58.0 74.0 4 -10.0 0 0 5.0 10.0 0 0 -5.0
49.0 121.0 4 -10.0 0 0 5.0 10.0 0 0 -5.0
70.0 62.0 4 -10.0 0 0 5.0 10.0 0 0 -5.0
59.0 63.0 4 -10.0 0 0 5.0 10.0 0 0 -5.0
84.0 92.0 4 -10.0 0 0 5.0 10.0 0 0 -5.0
81.0 53.0 4 -10.0 0 0 5.0 10.0 0 0 -5.0
59.0 82.0 4 -10.0 0 0 5.0 10.0 0 0 -5.0
67.0 28.0 4 -10.0 0 0 5.0 10.0 0 0 -5.0
121.0 64.0 4 -10.0 0 0 5.0 10.0 0 0 -5.0
32.0 75.0 4 -10.0 0 0 5.0 10.0 0 0 -5.0
76.0 85.0 4 -10.0 0 0 5.0 10.0 0 0 -5.0
54.0 93.0 4 -10.0 0 0 5.0 10.0 0 0 -5.0
92.0 52.0 4 -10.0 0 0 5.0 10.0 0 0 -5.0
69.0 79.0 4 -10.0 0 0 5.0 10.0 0 0 -5.0
90.0 66.0 4 -10.0 0 0 5.0 10.0 0 0 -5.0
112.0 100.0 4 -10.0 0 0 5.0 10.0 0 0 -5.0
83.0 42.0 4 -10.0 0 0 5.0 10.0 0 0 -5.0
98.0 73.0 4 -10.0 0 0 5.0 10.0 0 0 -5.0
34.0 26.0 4 -10.0 0 0 5.0 10.0 0 0 -5.0
101.0 30.0 4 -10.0 0 0 5.0 10.0 0 0 -5.0
79.0 109.0 4 -10.0 0 0 5.0 10.0 0 0 -5.0
29.0 86.0 4 -10.0 0 0 5.0 10.0 0 0 -5.0
105.0 103.0 4 -10.0 0 0 5.0 10.0 0 0 -5.0
46.0 46.0 4 -10.0 0 0 5.0 10.0 0 0 -5.0
124.0 73.0 4 -10.0 0 0 5.0 10.0 0 0 -5.0
57.0 52.0 4 -10.0 0 0 5.0 10.0 0 0 -5.0
49.0 72.0 4 -10.0 0 0 5.0 10.0 0 0 -5.0
80.0 32.0 4 -10.0 0 0 5.0 10.0 0 0 -5.0
96.0 92.0 4 -10.0 0 0 5.0 10.0 0 0 -5.0
62.0 100.0 4 -10.0 0 0 5.0 10.0 0 0 -5.0
31.0 92.0 4 -10.0 0 0 5.0 10.0 0 0 -5.0
49.0 57.0 4 -10.0 0 0 5.0 10.0 0 0 -5.0
118.0 89.0 4 -10.0 0 0 5.0 10.0 0 0 -5.0
62.0 107.0 4 -10.0 0 0 5.0 10.0 0 0 -5.0
94.0 79.0 4 -10.0 0 0 5.0 10.0 0 0 -5.0
59.0 25.0 4 -10.0 0 0 5.0 10.0 0 0 -5.0
